Crime ID,Month,Reported by,Falls within,Longitude,Latitude,Location,LSOA code,LSOA name,Outcome type
f8d8909ca18212d1098f884be7754de8a67dd508b05ca2976881293bde0101f8,2021-05,Northumbria Police,Northumbria Police,-1.716150,54.960197,On or near EDITH AVENUE,E01008178,Gateshead 004A,Investigation complete; no suspect identified
5870b9085563827e0671590b77392f2a54b3eeb95669d825de92959c61daadfa,2021-05,Northumbria Police,Northumbria Police,-1.613362,54.953417,On or near OSWALD TERRACE,E01008170,Gateshead 008C,Investigation complete; no suspect identified
28b40ddc6ab7ec60dd9f9ec3853abb249ba0c35c4bec817921e033ccd32ca2b5,2021-05,Northumbria Police,Northumbria Police,-1.503557,54.905669,On or near BARMSTON WAY,E01008855,Sunderland 007A,Investigation complete; no suspect identified
1261446f5866bf8f9ae671e08e56f3a282c101e6a67dbaf6dbb0fb93ebec941d,2021-05,Northumbria Police,Northumbria Police,-1.385155,54.906557,On or near Supermarket,E01008703,Sunderland 013B,Investigation complete; no suspect identified
88e652305a15ce4d20b46c85f019ab808ea441d8d9098461c5fb2d5785cfabe7,2021-05,Northumbria Police,Northumbria Police,-1.574639,55.182389,On or near Parking Area,E01027529,Northumberland 010B,Investigation complete; no suspect identified
ef29575c41f364adc2f77ce542bce10b57c05e10afbef57c652fe1b96e3dcb60,2021-05,Northumbria Police,Northumbria Police,-1.375898,54.882929,On or near WESTHEATH AVENUE,E01008780,Sunderland 024D,Investigation complete; no suspect identified
1df03cdda451379c6222b6157a981971a42620ee96b3b785c59d9cc7217be53c,2021-05,Northumbria Police,Northumbria Police,-1.385956,54.903119,On or near OLIVE STREET,E01008831,Sunderland 013D,Investigation complete; no suspect identified
12b2ffd4ec56fe9b088972e61540b05f462ff62edeb1fd3b6fbf2db73da91f38,2021-05,Northumbria Police,Northumbria Police,-1.609328,54.952424,On or near KESWICK STREET,E01008171,Gateshead 008D,Investigation complete; no suspect identified
9bccabc3f5de02aa573118dc729467742f5d772f823f06d12fca201d860f3a18,2021-05,Northumbria Police,Northumbria Police,-1.668555,54.957641,On or near Shopping Area,E01008262,Gateshead 009A,Investigation complete; no suspect identified
1e0cca8a82523601ea1a40e48c91c2e40b889976695f6c1475a86c768011af68,2021-05,Northumbria Police,Northumbria Police,-1.547077,55.128536,On or near TEESDALE PLACE,E01027424,Northumberland 022D,Investigation complete; no suspect identified
3b54b4630c5fe236a0a20a42c2a19d7842a48b7a995c7e5946f23cf6c5fa2ee7,2021-05,Northumbria Police,Northumbria Police,-1.367419,54.905765,On or near MALINGS CLOSE,E01008702,Sunderland 016A,Investigation complete; no suspect identified
2a5ab2149b6d35df958a606f1299ad3afe8f84701b96836a041997a69a040df0,2021-05,Northumbria Police,Northumbria Police,-1.442716,54.989329,On or near CORNWALLIS SQUARE,E01008667,South Tyneside 002D,Investigation complete; no suspect identified
09b655dc9a7043a8256c0eb2ffd86103da584e972b492215baa11e28083bb130,2021-05,Northumbria Police,Northumbria Police,-1.619408,54.966322,On or near Pedestrian Subway,E01033545,Newcastle upon Tyne 024H,Suspect charged
9c8a08ea62c9ea4e701fadcb184dcbc2a52fa33fb243378e8480f82bbe62cc25,2021-05,Northumbria Police,Northumbria Police,-1.503075,54.909387,On or near SPIRE ROAD,E01008859,Sunderland 009E,Investigation complete; no suspect identified
8a9979792e666b51e5ab22ffed3bcb333996147e637b56e6014e1eaf958c37ab,2021-05,Northumbria Police,Northumbria Police,-1.653518,54.970252,On or near AXBRIDGE GARDENS,E01008335,Newcastle upon Tyne 029E,Offender given a caution
ad27ddfc25f10a5f76115ee9141cf8f9f9e2f960bd6c92e949d948c532f5c94c,2021-05,Northumbria Police,Northumbria Police,-1.635508,54.942558,On or near PENNINE GARDENS,E01008261,Gateshead 019C,Investigation complete; no suspect identified
d8c0ea0b07324e3f59ff0f576cbb3476dd6f07b9324e48dd24c177851ed1440b,2021-05,Northumbria Police,Northumbria Police,-1.618773,54.922871,On or near Parking Area,E01008226,Gateshead 025D,Investigation complete; no suspect identified
67f486550970f76e5a5a3d8f54e2087eb24034b4e01fc07aa989dbff5958b3b2,2021-05,Northumbria Police,Northumbria Police,-1.580427,54.982342,On or near ROXBURGH PLACE,E01008362,Newcastle upon Tyne 018E,Investigation complete; no suspect identified
78c3f8a65964fac9ced091fcaf310a3ee17de3a4e9ad2a1b8f45dea2b629bf73,2021-05,Northumbria Police,Northumbria Police,-1.429089,54.885698,On or near TELFORD ROAD,E01008829,Sunderland 023G,Investigation complete; no suspect identified
c90720fbe181a55dc9cf0014ecb590dd55540119230517f5a6ccff2d465ddfbe,2021-05,Northumbria Police,Northumbria Police,-1.635250,55.014132,On or near WANSBECK ROAD,E01008336,Newcastle upon Tyne 003A,Suspect charged
862aa22fdd3a5b3f7be0a66125613f19cfcf425314afd873b8a444334bff2175,2021-05,Northumbria Police,Northumbria Police,-1.538523,54.973905,On or near Pedestrian Subway,E01008425,Newcastle upon Tyne 030B,Investigation complete; no suspect identified
0467425fb6e55c545d3d7daf913045ce82c8dfd5acbf63a8131738e514b3385d,2021-05,Northumbria Police,Northumbria Police,-1.503075,54.909387,On or near SPIRE ROAD,E01008859,Sunderland 009E,Investigation complete; no suspect identified
2207bb9cf249f4e6c7879ed6d67c18d9334d0773aee1687cfc7c99910f113f42,2021-05,Northumbria Police,Northumbria Police,-1.657921,54.950243,On or near MARKET LANE,E01008208,Gateshead 013C,Investigation complete; no suspect identified
12df967c6d6fd2bcaeb90958c6f77e3176fbdfe4ae89cf5ffc2cfe80f03a34f9,2021-05,Northumbria Police,Northumbria Police,-1.635250,55.014132,On or near WANSBECK ROAD,E01008336,Newcastle upon Tyne 003A,Suspect charged
710d1d0a09e37ea7cc1b000e9dd7bedf52a88dfbd0b342d7cfaf5e6349521ab7,2021-05,Northumbria Police,Northumbria Police,-1.687266,55.009559,On or near BLUEBELL DENE,E01008459,Newcastle upon Tyne 004E,Investigation complete; no suspect identified
b9db840465a545241ec5c7e274d53d6fb309cd136b86ec97deb9825a301d245e,2021-05,Northumbria Police,Northumbria Police,-1.411199,54.920615,On or near BROADSHEATH TERRACE,E01008820,Sunderland 005F,Investigation complete; no suspect identified
66fee3270f87f0961907c2cb684819b7acd9114c9a6d76f2a0140a60abe00029,2021-05,Northumbria Police,Northumbria Police,-1.472230,54.843252,On or near BURN PROMENADE,E01008754,Sunderland 034F,Investigation complete; no suspect identified
cbd4f0b5931548f432f580fe3a133388012db139ca7e122f4714b0abfa15cd08,2021-05,Northumbria Police,Northumbria Police,-1.566622,54.917763,On or near SANDY LANE,E01008225,Gateshead 021D,Investigation complete; no suspect identified
e689510e6d96eeef51f3ad33e1b59e84708d9f83211225fd599ddb3e7c7bf943,2021-05,Northumbria Police,Northumbria Police,-1.371967,54.905150,On or near WEST LAWRENCE STREET,E01008836,Sunderland 016F,Investigation complete; no suspect identified
e121021cdb5b7da550a084fec34da3662bdb0b8c731a699755accac2c9719370,2021-05,Northumbria Police,Northumbria Police,-1.691184,54.973741,On or near THORNDALE ROAD,E01033547,Newcastle upon Tyne 025E,Investigation complete; no suspect identified
a2f36049d23d2ca622d63b7517af095931b6c33c316ba6f86353f17ce2618c7f,2021-05,Northumbria Police,Northumbria Police,-1.635250,55.014132,On or near WANSBECK ROAD,E01008336,Newcastle upon Tyne 003A,Suspect charged
88913d71fef95190b9fd5ccb99c926ab99bfc7a686b56d2814dbe4b2fc6ec687,2021-05,Northumbria Police,Northumbria Police,-1.707014,55.412302,On or near ST MICHAEL'S LANE,E01033715,Northumberland 005D,Suspect charged
a5ba8f191290636decbd2c9cae8bbb124e84b08ac634df10d642abf292e7a985,2021-05,Northumbria Police,Northumbria Police,-1.509900,55.007492,On or near EMBLETON AVENUE,E01008461,North Tyneside 021A,Investigation complete; no suspect identified
a8d4b6f1f0f7b4c019b7a8294aeef9259b46a8f0ad91cf362b96f724f334a6bd,2021-05,Northumbria Police,Northumbria Police,-1.420583,54.913596,On or near Supermarket,E01008762,Sunderland 012B,Investigation complete; no suspect identified
dab64a7a4f7cc6569288047e7067832c6df99e331d599290bed06af9e7ca019f,2021-05,Northumbria Police,Northumbria Police,-1.474779,54.998215,On or near ST JOHN'S WALK,E01008540,North Tyneside 027B,Investigation complete; no suspect identified
51968737dcade48af1bc6a49e61c5cede50c1585fc7e13af3acc491396732b55,2021-05,Northumbria Police,Northumbria Police,-1.666276,55.004741,On or near BYRNESS CLOSE,E01008295,Newcastle upon Tyne 008A,Investigation complete; no suspect identified
16a1288f7e3d5a7fadd53f55d9d235e61df43fc43d809d5bf6e951eddbb2d42a,2021-05,Northumbria Police,Northumbria Police,-1.442950,55.040202,On or near STATION SQUARE,E01008588,North Tyneside 006D,Investigation complete; no suspect identified
7f41b93c5c5857b56a25f782d89629dc7b89fb61e5db983d5a945fa38e0b733c,2021-05,Northumbria Police,Northumbria Police,-1.394937,54.969834,On or near FELLSIDE,E01008624,South Tyneside 018A,Investigation complete; no suspect identified
2c63efe085a1a54906493bfb258fd084185ca872058bece2d800ee0d5715fede,2021-05,Northumbria Police,Northumbria Police,-1.603684,54.973784,On or near ARGYLE STREET,E01033553,Newcastle upon Tyne 023H,Investigation complete; no suspect identified
9d2a67356c7a309ad01aa044c6aa4ca86d274d2d7810e459ecd180bb0d262969,2021-05,Northumbria Police,Northumbria Police,-1.502164,55.037528,On or near GRANGE AVENUE,E01008567,North Tyneside 007D,Investigation complete; no suspect identified
7fc41378ab0bd435daedaf8fc3f44275f61a4d00b4f36c2250d40aacb1e28768,2021-05,Northumbria Police,Northumbria Police,-1.435812,55.009157,On or near UNION QUAY,E01008561,North Tyneside 016C,Investigation complete; no suspect identified
a56f5d3d8c8eda37332c40a236d42795442d3abdee21a181731c48888d789a8b,2021-05,Northumbria Police,Northumbria Police,-1.518401,55.133107,On or near WILLOW AVENUE,E01027416,Northumberland 022C,Investigation complete; no suspect identified
3aaa9b21a5f2fe80d7c13195f2270ae1e89d4556bbf4624abcbc940e1cdaec40,2021-05,Northumbria Police,Northumbria Police,-1.552175,55.185912,On or near WOODHORN VILLAS,E01027540,Northumberland 013B,Investigation complete; no suspect identified
dd76cec32b1c22742d41556eecf2099bfef881b915d6442f0da004b779a9f18b,2021-05,Northumbria Police,Northumbria Police,-1.642551,54.970445,On or near HULL STREET,E01008331,Newcastle upon Tyne 029A,Investigation complete; no suspect identified
df41d678b45d2029b33b879b374b5e058c2793278aa37558f30e395df69ecb8e,2021-05,Northumbria Police,Northumbria Police,-1.398468,54.965583,On or near MILL GROVE,E01008625,South Tyneside 013C,Investigation complete; no suspect identified
41d8b8490a1d653ce3eb12a3cdbd143687ba1d19b9297d5dc314dbdbb6d9c8e0,2021-05,Northumbria Police,Northumbria Police,-1.385977,54.917147,On or near EGLINTON STREET,E01008711,Sunderland 005D,Investigation complete; no suspect identified
9f1f94eadac4aef4eaca60ae975f0e9a8fc0adb6664422bc19a414bf036f3c69,2021-05,Northumbria Police,Northumbria Police,-1.610716,55.085083,On or near EASTBOURNE GARDENS,E01027412,Northumberland 029D,Investigation complete; no suspect identified
56ae60cb09e38daa5be8cbb8f27af55f3da19c28fed094bed3866ce0c4f83a38,2021-05,Northumbria Police,Northumbria Police,-1.500992,54.966865,On or near MONKTON LANE,E01008656,South Tyneside 015E,Investigation complete; no suspect identified
7480979c7db8e9dc4f4aab6991d84a4bde59dbdde5b23ca1df94bd42cf3a6439,2021-05,Northumbria Police,Northumbria Police,-1.655416,55.009446,On or near COLUMBIA GRANGE,E01008339,Newcastle upon Tyne 003D,Suspect charged
0a3a44d07233931dbef5d11714b693d9106e6981ab1d8ac069be3c1f8af40a55,2021-05,Northumbria Police,Northumbria Police,-1.495492,54.991923,On or near ARMSTRONG ROAD,E01008543,North Tyneside 028C,Investigation complete; no suspect identified
216e42cabec679319a0028d02c1cd1cce6bde726bc908af9eed6a9bb564f939d,2021-05,Northumbria Police,Northumbria Police,-1.612740,54.974308,On or near Shopping Area,E01008397,Newcastle upon Tyne 024C,Investigation complete; no suspect identified
c2749cdd76731a3d6986e5ed24428804d5dfd27ef42650e47fb0f3ed457e205b,2021-05,Northumbria Police,Northumbria Police,-1.399475,54.904328,On or near ROKEBY STREET,E01008707,Sunderland 011D,Investigation complete; no suspect identified
3464753d845e2a5a6f5e6151d59f0a51607d44b7d013fdce8696fb1b1dbe580e,2021-05,Northumbria Police,Northumbria Police,-1.639880,54.975640,On or near STANHOPE STREET,E01033556,Newcastle upon Tyne 022H,Investigation complete; no suspect identified
a919a12ea0684f5075f4197abb578ae945ff1ec95cd2d96c792f751618259edd,2021-05,Northumbria Police,Northumbria Police,-1.579776,54.978844,On or near HEATON ROAD,E01008303,Newcastle upon Tyne 018A,Investigation complete; no suspect identified
077862f6818cca35fa30ce4f2c5dd38429c508c2b9612288174f767777ae2d31,2021-05,Northumbria Police,Northumbria Police,-1.441613,54.928055,On or near RUTHERFORD ROAD,E01008841,Sunderland 003F,Investigation complete; no suspect identified
5beaa090b8c4de35386fe3bbbee80e01a3f1ea50b6e1c3d66a690d9742c84df7,2021-05,Northumbria Police,Northumbria Police,-1.716105,55.013117,On or near WHORLTON LANE,E01008458,Newcastle upon Tyne 004D,Investigation complete; no suspect identified
ad1648c5d7e0a0020959833462b18e27471382de8f51f7e0ba394c6bb33a2d65,2021-05,Northumbria Police,Northumbria Police,-1.615480,55.006352,On or near BELLE VUE AVENUE,E01008418,Newcastle upon Tyne 005C,Investigation complete; no suspect identified
03da1a1558bfb67f12c132162536f7416a51cf1b16db4828e24caca3309a6d4e,2021-05,Northumbria Police,Northumbria Police,-1.567750,54.880869,On or near BEDFORD AVENUE,E01008173,Gateshead 026B,Investigation complete; no suspect identified
8b280a86c42f176e87c05fb508823214090f32a3c7293901fa826f5f83d6bcaa,2021-05,Northumbria Police,Northumbria Police,-1.454520,54.901343,On or near AVONDALE,E01008811,Sunderland 014B,Investigation complete; no suspect identified
851455f8fbd48a960a3a3b91a885c7ea6f1f435fd7e20afc19ed97ad736916f4,2021-05,Northumbria Police,Northumbria Police,-1.601565,54.974775,On or near BACK NEW BRIDGE STREET,E01008406,Newcastle upon Tyne 023A,Investigation complete; no suspect identified
780f4ba17135c1bbbdc8d18c9764d761ba73cfb1411c35473ea50fef45da8dc7,2021-05,Northumbria Police,Northumbria Police,-1.593459,54.920444,On or near TRAFFORD,E01008189,Gateshead 023A,Investigation complete; no suspect identified
014feafcec6609797810babecbb725731aff9a7e3d18c3aea6499cc372b42fbb,2021-05,Northumbria Police,Northumbria Police,-1.410632,54.972230,On or near SUNDERLAND ROAD,E01008634,South Tyneside 008B,Investigation complete; no suspect identified
190939a779d97607f0b7c91abcbef4b4e71bacc7c0d7d9909208a03100eb4eb5,2021-05,Northumbria Police,Northumbria Police,-1.586370,54.942329,On or near CROSSWAY,E01008201,Gateshead 011B,Investigation complete; no suspect identified
bea993abe43d4ec2486358b4a8b6403de28340069c27043f2a2fc69d25fea0ac,2021-05,Northumbria Police,Northumbria Police,-1.553158,55.128899,On or near BELLS CLOSE,E01027425,Northumberland 025A,Investigation complete; no suspect identified
e227f60082677a4997da61163fdc2bf7c2ea61156092f3ec464fdfe59d944ae5,2021-05,Northumbria Police,Northumbria Police,-1.365214,54.869439,On or near THOMAS STREET,E01008769,Sunderland 028E,Suspect charged
db21eb5fd514ee0d68eb0f98173c36dd0d956832e8d76b6d14f9d2111f2e4c56,2021-05,Northumbria Police,Northumbria Police,-1.448092,55.007605,On or near WILLIAM STREET,E01008524,North Tyneside 022B,Investigation complete; no suspect identified
54ba5e205c69f1b79179ae883d007796a3fabbd0a9086d05a4c6df3bdf94ebc8,2021-05,Northumbria Police,Northumbria Police,-1.490905,54.972772,On or near HAVELOCK TERRACE,E01008660,South Tyneside 007C,Investigation complete; no suspect identified
fc00851ce4c66623f0f300bbc07d9ac0a517d28a813d170c9a08276af50465b7,2021-05,Northumbria Police,Northumbria Police,-1.597736,54.937415,On or near BEACONSFIELD ROAD,E01008238,Gateshead 016E,Investigation complete; no suspect identified
8ce4e1c859653d33ac805ee3f3c458e0103fb6d9fe49f789643dbbc2373b24b6,2021-05,Northumbria Police,Northumbria Police,-1.622119,54.947082,On or near ASCOT CRESCENT,E01008259,Gateshead 007D,Investigation complete; no suspect identified
0c4628aba419257fa8bca049cee48dd0ec7a5d5f7aa605d4dbfc860c402747e3,2021-05,Northumbria Police,Northumbria Police,-1.403375,54.970649,On or near OAK AVENUE,E01008625,South Tyneside 013C,Investigation complete; no suspect identified
8eb82b7fb66f320385a52a5a06d62270e52bcb83590f7ef6580b0e906bf9712b,2021-05,Northumbria Police,Northumbria Police,-1.657098,54.990158,On or near Pedestrian Subway,E01008300,Newcastle upon Tyne 016A,Investigation complete; no suspect identified
fd250a6412f59a58ca0344da8e51d52bae811460938efa33b213db5c478fe66b,2021-05,Northumbria Police,Northumbria Police,-1.557600,55.183892,On or near ALEXANDRA ROAD,E01027540,Northumberland 013B,Investigation complete; no suspect identified
0df5ec75876a92ae111bbbbb9ee02342db93670b6dc81c5f3398e037de735673,2021-05,Northumbria Police,Northumbria Police,-1.563189,55.182618,On or near HAWTHORN ROAD,E01027539,Northumberland 010C,Investigation complete; no suspect identified
af6f3c0bf04f276e41da9bb9077ea160df3f6c0083dfdda1079497305bfd798e,2021-05,Northumbria Police,Northumbria Police,-1.416690,54.868852,On or near WARDEN LAW LANE,E01008802,Sunderland 029D,Investigation complete; no suspect identified
190b11dad340a0d2ce0b97754e12951ae78f6e84ad54e374ec908d440cc608b1,2021-05,Northumbria Police,Northumbria Police,-1.401961,54.899649,On or near OAKLANDS TERRACE,E01008832,Sunderland 018C,Investigation complete; no suspect identified
f84daab44a027b4c6441b3cb5ef2cb4a651519954e95dd67c61646d631d555fc,2021-05,Northumbria Police,Northumbria Police,-1.507054,55.031752,On or near BRUNTON CLOSE,E01008569,North Tyneside 011C,Suspect charged
6b02448f543c3cebdff02bd43736403349c611938c78a1c82eb7d9b69f9f46f5,2021-05,Northumbria Police,Northumbria Police,-1.692830,54.938160,On or near Supermarket,E01008271,Gateshead 017D,Investigation complete; no suspect identified
0ad3ae518032a8ce4d9b208c03b81a1609ec17a84c510e9ed2d15eb292f7c9c8,2021-05,Northumbria Police,Northumbria Police,-1.494409,54.998523,On or near Supermarket,E01008510,North Tyneside 026C,Investigation complete; no suspect identified
23aa3806df9df040d4f949d92cd2733bc91f3ec5587214e44b09b4810aa1b629,2021-05,Northumbria Police,Northumbria Police,-1.645231,55.181995,On or near LONGHIRST ROAD,E01027463,Northumberland 011C,Offender given a caution
f9ba180f7683123e3c5d01584a4a2f5f1fe615f89843c59c9b77ab83529a2ffd,2021-05,Northumbria Police,Northumbria Police,-1.486124,54.958077,On or near PATHSIDE,E01008632,South Tyneside 017B,Investigation complete; no suspect identified
c31519e0459facc58165b880e13996712ed4903a49dec05a8a38d0fa094e1455,2021-05,Northumbria Police,Northumbria Police,-1.590420,54.976922,On or near HANNINGTON STREET,E01008304,Newcastle upon Tyne 026C,Investigation complete; no suspect identified
64b08b5bffaacaa30373952f8cfb2952eeba75a644cd2dd71a242b5dc71697ed,2021-05,Northumbria Police,Northumbria Police,-1.661841,54.985516,On or near GENISTER PLACE,E01008451,Newcastle upon Tyne 016C,Investigation complete; no suspect identified
3c828661d8ad835f5e007d499b4d4da73aa3e7aec54379a197bf427a31aba8f4,2021-05,Northumbria Police,Northumbria Police,-1.499956,54.962197,On or near TORQUAY PARADE,E01008658,South Tyneside 015F,Offender given a caution
2e60eea1a0aab94d4907af364fc73c19dbd693238c00bd591e61dd2783a2fcd0,2021-05,Northumbria Police,Northumbria Police,-1.638866,54.968493,On or near ELSWICK ROAD,E01008438,Newcastle upon Tyne 029G,Investigation complete; no suspect identified
abbdf86b63aa77cc568f4e93b10fea50da13e86248bf3ed142deba3f4ce87b0a,2021-05,Northumbria Police,Northumbria Police,-1.682542,54.972200,On or near DARLEY PLACE,E01033547,Newcastle upon Tyne 025E,Investigation complete; no suspect identified
3ce35a64400bfac3415c793f84f4f9320878b2da2cd5eb83e8d2f8af8adc2886,2021-05,Northumbria Police,Northumbria Police,-1.438055,54.882109,On or near TAMWORTH SQUARE,E01008823,Sunderland 023A,Investigation complete; no suspect identified
28508c294d1a76b2e53ef5acb3c39e4791842ebf12e57f85cfd3adaf4745d21d,2021-05,Northumbria Police,Northumbria Police,-1.742456,54.985956,On or near ALNWICK STREET,E01008404,Newcastle upon Tyne 014E,Investigation complete; no suspect identified
e8981cbbfba2709c686c017b4df3221c406051f830cad15be49709f0774a6889,2021-05,Northumbria Police,Northumbria Police,-1.453160,55.026966,On or near STANTON ROAD,E01008494,North Tyneside 013B,Investigation complete; no suspect identified
49d36012754f89a664d6f639d3181a5e65e2267d0bfd31cb58d1bb6397036c38,2021-05,Northumbria Police,Northumbria Police,-1.578635,55.086387,On or near NORTHUMBRIAN ROAD,E01027396,Northumberland 028B,Investigation complete; no suspect identified
2c07bda2978acddc4ec5a80c5eefe849984a291a9e7f633d9a48fa91aab3b049,2021-05,Northumbria Police,Northumbria Police,-1.410786,54.929680,On or near WATFORD CLOSE,E01008821,Sunderland 004D,Investigation complete; no suspect identified
d9f63788a7768bd38bba0314b11ac5d1add5fec71cf6e571e882d5453f16b239,2021-05,Northumbria Police,Northumbria Police,-2.186501,55.005064,On or near STANEGATE,E01027510,Northumberland 040F,Investigation complete; no suspect identified
ff035b4a2df18f8eccadcf2d53e94cc14de7791c2ee718eb777bfc5506a5c3d1,2021-05,Northumbria Police,Northumbria Police,-1.370462,54.906679,On or near MOOR STREET,E01008703,Sunderland 013B,Investigation complete; no suspect identified
f6fc4d276c2cddf9359be74f54f2a6919b4b1a9935b7e3d17f645d8a7e9a28db,2021-05,Northumbria Police,Northumbria Police,-1.611600,54.972624,On or near SHAKESPEARE STREET,E01033543,Newcastle upon Tyne 024G,Investigation complete; no suspect identified
a1b469b37ed4605a52277db73c59258f75ea57f00d4d177b9843be2516e018f4,2021-05,Northumbria Police,Northumbria Police,-1.456888,55.042790,On or near OSBORNE GARDENS,E01008586,North Tyneside 009E,Investigation complete; no suspect identified
45f7afe850c8b5127e594f522d5f0057743a11b1b62b6e4d7d983a6d1025f1c4,2021-05,Northumbria Police,Northumbria Police,-1.599994,54.972532,On or near BLAGDON STREET,E01033553,Newcastle upon Tyne 023H,Investigation complete; no suspect identified
ef681a964c12896233f6dbc7daaa9a148689ec928cf84b462a0911e853379dbc,2021-05,Northumbria Police,Northumbria Police,-1.498149,54.980638,On or near FIR STREET,E01008652,South Tyneside 009B,Suspect charged
fab28d3048ed0f83b684c4b5b7934191dca5b90e0ffe1487b11cb804cf7184f0,2021-05,Northumbria Police,Northumbria Police,-1.498149,54.980638,On or near FIR STREET,E01008652,South Tyneside 009B,Suspect charged
fab28d3048ed0f83b684c4b5b7934191dca5b90e0ffe1487b11cb804cf7184f0,2021-05,Northumbria Police,Northumbria Police,-1.498149,54.980638,On or near FIR STREET,E01008652,South Tyneside 009B,Suspect charged
d65a3cb24cb212eca34512c04086fc7afdf1ef1b957ecb9a7eb9399d868e43b9,2021-05,Northumbria Police,Northumbria Police,-1.370327,54.916285,On or near Petrol Station,E01008791,Sunderland 006F,Investigation complete; no suspect identified
c8572e647e3df8e01256e53e98d2969a3bb923ae1b33bee3c35979162e8a9ba3,2021-05,Northumbria Police,Northumbria Police,-1.433396,54.998632,On or near Hospital,E01008667,South Tyneside 002D,Investigation complete; no suspect identified
ebbcbc7b6aac771e02d8d946b8cf24919be38d343be9950159757597b4a9bfc2,2021-05,Northumbria Police,Northumbria Police,-1.456891,54.931404,On or near BERGEN SQUARE,E01008840,Sunderland 003E,Investigation complete; no suspect identified
edfbca7fc5d47aaed999ce8caa3c62b9e67332ce85e6fb8ab4b1969665f469c5,2021-05,Northumbria Police,Northumbria Police,-1.616027,54.945823,On or near FONTWELL DRIVE,E01008259,Gateshead 007D,Investigation complete; no suspect identified
7b87415f617b2686b4e614a4359a2d5e52d502018491cd5cb5aee7107c32518d,2021-05,Northumbria Police,Northumbria Police,-1.439106,54.975896,On or near VINE STREET,E01008590,South Tyneside 011A,Investigation complete; no suspect identified
963851ca5d03914076f4f984a64a85bdcb6384fd2ccb77569706690bbffd20e5,2021-05,Northumbria Police,Northumbria Police,-1.557287,54.929645,On or near AYCLIFFE AVENUE,E01008877,Sunderland 007D,Investigation complete; no suspect identified
86715f104dea8a1cb2af20e7c424c2d8a99fe6bc8ad1ed3ac45cce7ffdc177db,2021-05,Northumbria Police,Northumbria Police,-1.689339,55.006375,On or near NEWBIGGIN LANE,E01008457,Newcastle upon Tyne 004C,Investigation complete; no suspect identified
f1d4b2b096cf25ed34e531fc4cd1ef4affe55ece05825f03e7a23969f49f6d1a,2021-05,Northumbria Police,Northumbria Police,-1.394941,54.909239,On or near TRIMDON STREET,E01008700,Sunderland 013A,Investigation complete; no suspect identified
821e305e8e6462757357b415d3981d19265e835f554272480faa2b5d99a6a760,2021-05,Northumbria Police,Northumbria Police,-1.664657,55.002014,On or near KENTON LANE,E01008295,Newcastle upon Tyne 008A,Investigation complete; no suspect identified
e5c542cf54e702d00b06915753977df62fed1f7610b0492d2a08b7eee2da7ed7,2021-05,Northumbria Police,Northumbria Police,-1.426348,54.918458,On or near HYLTON PARK ROAD,E01008693,Sunderland 008A,Investigation complete; no suspect identified
a5c64c8d3f4f685ad8216b0394aeb584e0bb9f0ba0d3514781b6a7fdb1b9f61b,2021-05,Northumbria Police,Northumbria Police,-1.688927,54.999059,On or near Supermarket,E01008445,Newcastle upon Tyne 031D,Suspect charged
e541e55d08f3920e74c0332fd5a052170dbdb8e411b281fce6f5b8993eddf2a3,2021-05,Northumbria Police,Northumbria Police,-1.496738,54.843455,On or near BANKHEAD TERRACE,E01008752,Sunderland 033C,Investigation complete; no suspect identified
54fdaeea843f3037b42b26ca71c823a457de7dc03d1c4501289636df48fed6f2,2021-05,Northumbria Police,Northumbria Police,-1.594137,54.949220,On or near CONWAY SQUARE,E01008204,Gateshead 011D,Investigation complete; no suspect identified
b53a84c12ea6ce07fbbba6327726f86207e8c7ac225d698db11bee699ee068d5,2021-05,Northumbria Police,Northumbria Police,-1.418808,54.886278,On or near PHILIP SQUARE,E01008827,Sunderland 023E,Investigation complete; no suspect identified
cb3e656b8b9c286e6567bbacca247e377a5fa66579621f0808d4a4e505b20e05,2021-05,Northumbria Police,Northumbria Police,-1.375829,54.919683,On or near BEATRICE STREET,E01008790,Sunderland 006E,Investigation complete; no suspect identified
0d46716dfd29a7076b2d5a4a6e0393a5743c9aaafb1b45d33b20ef417834609f,2021-05,Northumbria Police,Northumbria Police,-1.377008,54.927157,On or near DALE TERRACE,E01008728,Sunderland 002D,Investigation complete; no suspect identified
2bcdfb2372110f53e0bfcb182965de486ab329d79a78dc08fe42f8e565c0ad49,2021-05,Northumbria Police,Northumbria Police,-1.426353,54.989361,On or near EAST STAINTON STREET,E01008668,South Tyneside 002E,Investigation complete; no suspect identified
5d35a532a33455d1ad323baa3cce2b0577742d422862e1b7718e6938bde3f437,2021-05,Northumbria Police,Northumbria Police,-1.597282,54.931312,On or near KELLS LANE,E01008193,Gateshead 020A,Investigation complete; no suspect identified
ec9cb35fd0124995fa9b884ea2e52cee5caba35b0df07c18afd9473054059e87,2021-05,Northumbria Police,Northumbria Police,-1.580911,54.974957,On or near BRINKBURN CLOSE,E01008304,Newcastle upon Tyne 026C,Investigation complete; no suspect identified
375e1e6440c4c584b775a8a0f950537ff89d1be16e1ebba16bae78d1d317edc6,2021-05,Northumbria Police,Northumbria Police,-1.587341,54.922176,On or near IVANHOE VIEW,E01008190,Gateshead 023B,Investigation complete; no suspect identified
6f6846326f53dccd70040a8a9682703ae6a168ed51491c9af3f8cf2b74e00880,2021-05,Northumbria Police,Northumbria Police,-1.617241,54.969164,On or near NEVILLE STREET,E01033545,Newcastle upon Tyne 024H,Investigation complete; no suspect identified
3f2d692486c517496e9b4c713110cdea9e30eedf727e636c0e873294ad59d02d,2021-05,Northumbria Police,Northumbria Police,-1.594883,54.929372,On or near LYNDHURST DRIVE,E01008193,Gateshead 020A,Investigation complete; no suspect identified
a2ed8b935bf3b8565decec250645e5d4c60c3256a76569caef2a334dcd68fcde,2021-05,Northumbria Police,Northumbria Police,-1.462951,55.028286,On or near COTSWOLD ROAD,E01008556,North Tyneside 013C,Investigation complete; no suspect identified
1ffaed1efc930f91d0133fce04665198b508c68fadeb32203899aff58b0fab82,2021-05,Northumbria Police,Northumbria Police,-1.687266,55.009559,On or near BLUEBELL DENE,E01008459,Newcastle upon Tyne 004E,Investigation complete; no suspect identified
9fbebe328f01dea041df22cacecd31c18d652ac36c70044da0d05e390c289b84,2021-05,Northumbria Police,Northumbria Police,-1.685123,54.973762,On or near ALDWICK ROAD,E01033547,Newcastle upon Tyne 025E,Investigation complete; no suspect identified
08d87aa20944c95c609b31a434cd6e5722d1d6c64b34a89c3465cc6cf501c28f,2021-05,Northumbria Police,Northumbria Police,-1.404908,54.927171,On or near EVERTON LANE,E01008712,Sunderland 004A,Investigation complete; no suspect identified
82544c25adffde32b99a792d53626560b93dc25a3992479a69e0c76eb8dd3908,2021-05,Northumbria Police,Northumbria Police,-1.397487,54.902718,On or near CHESTER ROAD,E01008707,Sunderland 011D,Investigation complete; no suspect identified
db02ba08259fb0a32cd11f2ec189f2dfde41e52e4a64960db6c80d0451401854,2021-05,Northumbria Police,Northumbria Police,-1.687266,55.009559,On or near BLUEBELL DENE,E01008459,Newcastle upon Tyne 004E,Investigation complete; no suspect identified
e0d30f9822c84289243626b6ebf9f0de0124b47f3d78797fd42554d923c8717b,2021-05,Northumbria Police,Northumbria Police,-1.609328,54.952424,On or near KESWICK STREET,E01008171,Gateshead 008D,Investigation complete; no suspect identified
4f8f9cd3130b6b006464db51201b43bd9fac3e9fbfb50fa8d97159ff77a591e0,2021-05,Northumbria Police,Northumbria Police,-1.532724,54.900096,On or near Shopping Area,E01008848,Sunderland 019C,Investigation complete; no suspect identified
87677565c7275a97b0c7304bd815dc838e0108282eaf65bd2a6888d5c033f213,2021-05,Northumbria Police,Northumbria Police,-1.674759,54.953300,On or near MARKET LANE,E01008262,Gateshead 009A,Investigation complete; no suspect identified
e32daf7cce915b78a4463a60fa1f25180a67e8cf03084f6439e2877a511a35bf,2021-05,Northumbria Police,Northumbria Police,-1.514594,55.183234,On or near JUBILEE TERRACE,E01027541,Northumberland 009A,Investigation complete; no suspect identified
397f9d3acbe6a64fd0f5e0c04aa24793aeb54d8f19392e7a5da0fb141307d7c2,2021-05,Northumbria Police,Northumbria Police,-1.403639,54.885324,On or near NURSERY CLOSE,E01008782,Sunderland 022C,Investigation complete; no suspect identified
96f8f99e823d5ae2b2f6306aa9cbc32db24b637827b0185a96bb96c70bcf3849,2021-05,Northumbria Police,Northumbria Police,-1.561917,54.980381,On or near WALL TERRACE,E01008392,Newcastle upon Tyne 026F,Investigation complete; no suspect identified
f5e22a0528456372440c8129c1ba3acb684d0ec0b986141272f7bbcd1a030851,2021-05,Northumbria Police,Northumbria Police,-1.460975,55.007663,On or near LILBURN STREET,E01008482,North Tyneside 023B,Investigation complete; no suspect identified
b8d2cb9e881bb40faca01f1279fa1498de8c19ebde879964ce5805be35f4871a,2021-05,Northumbria Police,Northumbria Police,-1.480935,55.014219,On or near CALLERTON AVENUE,E01008491,North Tyneside 015D,Investigation complete; no suspect identified
3ee72e88950f6b1fc337e3893d5754ca02f1dfe81ddf562c39acbbe766f10c0c,2021-05,Northumbria Police,Northumbria Police,-1.685117,54.932479,On or near DYKENOOK CLOSE,E01008269,Gateshead 017B,Investigation complete; no suspect identified
089cb77af05d4cbf264b4e23be74247d471484466f90e1127f4b86ca007c89df,2021-05,Northumbria Police,Northumbria Police,-1.625155,54.969836,On or near WESTGATE HILL TERRACE,E01033554,Newcastle upon Tyne 024I,Investigation complete; no suspect identified
5e1a10f5bcc0b45ebd9335b9978626fb9dadd617d824b39f3eb1cc7d7dad044d,2021-05,Northumbria Police,Northumbria Police,-1.625316,54.928948,On or near DUKESWAY COURT,E01008259,Gateshead 007D,Investigation complete; no suspect identified
0257470e56bb48f832be4c26ccc1f2419582aeeaaadffe6d36ea1ebf24b6db57,2021-05,Northumbria Police,Northumbria Police,-1.641060,54.972930,On or near Supermarket,E01008331,Newcastle upon Tyne 029A,Investigation complete; no suspect identified
f1ea7bf23b7079d4974619f477bef84d5e1dfc820e7bac1f959d47c0f3a71d78,2021-05,Northumbria Police,Northumbria Police,-1.624648,55.035919,On or near Petrol Station,E01033551,Newcastle upon Tyne 002G,Investigation complete; no suspect identified
6bdba14ab8658481885a368a7e4758e24e6d77d27322030cedd49e8751235bf0,2021-05,Northumbria Police,Northumbria Police,-1.624648,55.035919,On or near Petrol Station,E01033551,Newcastle upon Tyne 002G,Investigation complete; no suspect identified
04833791adde6a6efb078ce3ab126053dec0b2dfb82f0d0c2ab7ca50b4198284,2021-05,Northumbria Police,Northumbria Police,-1.580343,54.984409,On or near KING JOHN STREET,E01008362,Newcastle upon Tyne 018E,Investigation complete; no suspect identified
d20f23c739d70fa39a00b8f0dff8fbfc1b3e9ad24c513534752ce5973e35190c,2021-05,Northumbria Police,Northumbria Police,-1.496240,54.843426,On or near DUBMIRE COURT,E01008752,Sunderland 033C,Investigation complete; no suspect identified
21ee030d2d9b98ead9f9d0db522e3b46c718027620f29afd72cfc2749367211d,2021-05,Northumbria Police,Northumbria Police,-1.368507,54.919942,On or near HARBOUR VIEW,E01008789,Sunderland 006D,Investigation complete; no suspect identified
e8e42e935e77409b0dce0241e47bb9f070c619a0e70ea597731b90614b835b83,2021-05,Northumbria Police,Northumbria Police,-1.617120,54.978617,On or near EDWARD'S WALK,E01008397,Newcastle upon Tyne 024C,Investigation complete; no suspect identified
90cef211a67be37a366f4f4055b11b65568dbbbe906f471277dc44f19c809ecd,2021-05,Northumbria Police,Northumbria Police,-1.501334,55.111939,On or near ELFIN WAY,E01027441,Northumberland 023D,Investigation complete; no suspect identified
fa918435be5d5a3c2b5f82a28a87e7e8f59505a71b86ebe0708ab501f9bd9ad2,2021-05,Northumbria Police,Northumbria Police,-1.378080,54.905209,On or near FOYLE STREET,E01008703,Sunderland 013B,Suspect charged
079bde1cc35f601912504e993be46888ebb99028aee45ed5e58177959fb3f7a8,2021-05,Northumbria Police,Northumbria Police,-1.593033,55.059963,On or near FORD VIEW,E01008583,North Tyneside 002E,Investigation complete; no suspect identified
d40b9724f2accb3a6d327acac0b1f8e51b83eaedb35c94ab528bb752d0e2ad95,2021-05,Northumbria Police,Northumbria Police,-1.612146,55.006836,On or near CHURCH LANE,E01008354,Newcastle upon Tyne 005B,Investigation complete; no suspect identified
db7f25cd7658b3c53760e48fc0c3c74c5ddfa04afbe7d4a4d80be4f2af947e1c,2021-05,Northumbria Police,Northumbria Police,-1.394937,54.924085,On or near Sports/Recreation Area,E01033075,Sunderland 005G,Investigation complete; no suspect identified
aff8b212805262fda33aa69101c342672f2a47b7e541f9d53edc93950dc0d10f,2021-05,Northumbria Police,Northumbria Police,-1.378080,54.905209,On or near FOYLE STREET,E01008703,Sunderland 013B,Suspect charged
a85337f2b49c11ae98c4fcc643cf1f980bf22f5ac23f7998ff9dc754e3df11e5,2021-05,Northumbria Police,Northumbria Police,-1.378080,54.905209,On or near FOYLE STREET,E01008703,Sunderland 013B,Suspect charged
eb26d8d3db05ad1afe81a30f187e613615eaa83b926a047abcfce8ff63277ba0,2021-05,Northumbria Police,Northumbria Police,-1.432764,55.037926,On or near PROMONTORY TERRACE,E01008587,North Tyneside 006C,Investigation complete; no suspect identified
1977338c717dc0767d4a742f724ca9824128da7faf388efb37bdfa314e90ebe8,2021-05,Northumbria Police,Northumbria Police,-1.378080,54.905209,On or near FOYLE STREET,E01008703,Sunderland 013B,Suspect charged
aa931f04b51dc3242033ea2c11977af489d98efb69f5a1557646926574cf8a65,2021-05,Northumbria Police,Northumbria Police,-1.551259,54.970754,On or near SCROGG ROAD,E01008428,Newcastle upon Tyne 030D,Suspect charged
ac2fe08ad5718621a069a7916a3603c4c7a18835a05b983ef630c85cdf92b375,2021-05,Northumbria Police,Northumbria Police,-1.488273,55.021287,On or near EWEN COURT,E01008488,North Tyneside 015A,Investigation complete; no suspect identified
9d25170b587c1dca93bd905391aed8afb84464fabf94588eb65ecb35fa7509ed,2021-05,Northumbria Police,Northumbria Police,-1.622448,54.978598,On or near Park/Open Space,E01008395,Newcastle upon Tyne 024B,Investigation complete; no suspect identified
ce0de5cd5e90a221d9a558059ec8840eccbe4cd241caf8ab7148832ecad5fd3f,2021-05,Northumbria Police,Northumbria Police,-1.718508,55.410621,On or near SYCAMORE AVENUE,E01027359,Northumberland 005B,Investigation complete; no suspect identified
ac51642875671ba7dd7df87829180fac11c9da10da008f948157a6fe58b847b1,2021-05,Northumbria Police,Northumbria Police,-1.573578,54.971050,On or near ST PETER'S ROAD,E01008305,Newcastle upon Tyne 026D,Suspect charged
3d6e62cc9f829215dedc120822020fd7cbc19f5b3baca0f6e6b87fe7ee47d97a,2021-05,Northumbria Police,Northumbria Police,-1.427799,55.001994,On or near ROMAN ROAD,E01008598,South Tyneside 001D,Investigation complete; no suspect identified
d09b569065a9da00ecb7291a215c90d34c196cfa9f1e5f4f8304de1941334d11,2021-05,Northumbria Police,Northumbria Police,-1.685760,55.006177,On or near Parking Area,E01008457,Newcastle upon Tyne 004C,Investigation complete; no suspect identified
ba6ec42825cc3e09d72dd03d3fea68afcbfc4f1f7e24905c596df345e4d0739e,2021-05,Northumbria Police,Northumbria Police,-1.481359,54.868462,On or near B1286,E01008801,Sunderland 030E,Investigation complete; no suspect identified
39906a5aa504a5fb84fedf55c12e4dd267a4ae7ca9627b74867b0914b51921a7,2021-05,Northumbria Police,Northumbria Police,-1.501517,55.102253,On or near Sports/Recreation Area,E01027440,Northumberland 026D,Investigation complete; no suspect identified
8d0c8caa594986cdbcf2c711ecbd51b609026219ecb0b7e3673b5de0960fbc94,2021-05,Northumbria Police,Northumbria Police,-1.434808,54.807748,On or near HIGH STREET,E01008744,Sunderland 036B,Investigation complete; no suspect identified
a3f29b029c76c3aebf7b5dd552f7052f478e818f0a6d8ed95a48702dfc56a5d3,2021-05,Northumbria Police,Northumbria Police,-1.370427,54.896938,On or near TOWER PLACE,E01008736,Sunderland 016C,Investigation complete; no suspect identified
89ef731380293b85fef071772d0214ba73f41576d3c0bf91a6a003e6d978305b,2021-05,Northumbria Police,Northumbria Police,-1.512051,54.877792,On or near KILDALE,E01008799,Sunderland 025A,Investigation complete; no suspect identified
864588e23c70bfe714842a2907ea682d9034438dc2f80b39131b6be6ba6e5976,2021-05,Northumbria Police,Northumbria Police,-1.621934,54.968460,On or near WESTMORLAND ROAD,E01033545,Newcastle upon Tyne 024H,Investigation complete; no suspect identified
24d860cb148e852604600d9a63fb8374adccfd69c9da6679b53a2d12e7c78ca1,2021-05,Northumbria Police,Northumbria Police,-1.602258,54.953722,On or near WHITEHALL ROAD,E01008163,Gateshead 028A,Investigation complete; no suspect identified
40e408078cd1d221643980308aecfaf22a24f28920725cfb4fb358928b099580,2021-05,Northumbria Police,Northumbria Police,-1.458657,55.023064,On or near HEYBROOK AVENUE,E01008557,North Tyneside 013D,Investigation complete; no suspect identified
b01c2cae7a755c7fb4bcf28307cd5cb214f2acb8e3241b78a00c48a6a3e11505,2021-05,Northumbria Police,Northumbria Police,-1.602774,54.982094,On or near PORTLAND TERRACE,E01008407,Newcastle upon Tyne 023B,Investigation complete; no suspect identified
3c527504edbfe98be08a49b2a2e5c3dda041f7fa530c7e9251947188cc3ccc1d,2021-05,Northumbria Police,Northumbria Police,-1.629643,54.965868,On or near KYLE CLOSE,E01008438,Newcastle upon Tyne 029G,Investigation complete; no suspect identified
90830673fd50e3be1cf93537672a2dabba11014e67ac15a1c756a226c18b2d94,2021-05,Northumbria Police,Northumbria Police,-1.620304,54.967349,On or near Nightclub,E01033545,Newcastle upon Tyne 024H,Investigation complete; no suspect identified
2e74fe55b7853b5eeb3de757a186aab9a2be750d90de13e64b00b80a0022f061,2021-05,Northumbria Police,Northumbria Police,-1.557600,55.183892,On or near ALEXANDRA ROAD,E01027540,Northumberland 013B,Investigation complete; no suspect identified
bc7ddd4cf623526aee7d4887c1c3dbca447ad20c4d5f31bdb481f0d50837cb00,2021-05,Northumbria Police,Northumbria Police,-1.557600,55.183892,On or near ALEXANDRA ROAD,E01027540,Northumberland 013B,Investigation complete; no suspect identified
46fe320aec4b14c2b01c816772129facdc4b5b251e888812b55773fc32fb7bee,2021-05,Northumbria Police,Northumbria Police,-1.657427,54.971611,On or near BOND COURT,E01008332,Newcastle upon Tyne 029B,Investigation complete; no suspect identified
b1054f2e1602e0a2ed2d04e37c48e8829392958de258d793bce9690570eec4d8,2021-05,Northumbria Police,Northumbria Police,-1.561745,55.126630,On or near FRONT STREET,E01027425,Northumberland 025A,Investigation complete; no suspect identified
399aa0c53c1d5ec49b2415e2dfa09956de6ddd9424d43c21e0c2e9f5f41bb4f5,2021-05,Northumbria Police,Northumbria Police,-1.844349,54.963987,On or near ROLLEY WAY,E01027498,Northumberland 038B,Investigation complete; no suspect identified
3678c6e3a185fa478c6d94df9cea4461efc44ffff894fc72e1578b7516a342d0,2021-05,Northumbria Police,Northumbria Police,-1.544487,55.121840,On or near MONKDALE AVENUE,E01027425,Northumberland 025A,Investigation complete; no suspect identified
5852f181fafafa804911079d7dc6eaacc28d40c49b1c2468cc4f98777428a044,2021-05,Northumbria Police,Northumbria Police,-1.657427,54.971611,On or near BOND COURT,E01008332,Newcastle upon Tyne 029B,Investigation complete; no suspect identified
6e190ebed0ac656d15c4df6c1e20fe64fe13d0acc7570a726cc9b5eadf7ec26d,2021-05,Northumbria Police,Northumbria Police,-1.605420,55.132908,On or near RIDGE TERRACE,E01027523,Northumberland 021F,Investigation complete; no suspect identified
848e096e3ccf3c3c4f0ee9410e07a65d8417fd998ee8080bb284a4e5c3dbb554,2021-05,Northumbria Police,Northumbria Police,-1.374437,54.907796,On or near CORK STREET,E01008702,Sunderland 016A,Investigation complete; no suspect identified
f4f1093143d429ddad5bdae3531f42b35d96791fb85725e421cf65712b33fa68,2021-05,Northumbria Police,Northumbria Police,-1.371198,54.875401,On or near LILIAN AVENUE,E01008763,Sunderland 028A,Investigation complete; no suspect identified
6e33628b4fe3dbd9f38dafc49536aadebd2b4aff275db1cba490b1010456c548,2021-05,Northumbria Police,Northumbria Police,-1.589204,55.128191,On or near MILLFIELD COURT,E01027515,Northumberland 020A,Investigation complete; no suspect identified
c7760fce2f2723391b4804e06ce6eb06cb0f291a708f96b9e216f397faf9b901,2021-05,Northumbria Police,Northumbria Police,-1.442950,55.040202,On or near STATION SQUARE,E01008588,North Tyneside 006D,Investigation complete; no suspect identified
e19522791ea29cf8238771dbf76175df8c26d95a52c6785260bdf7145a50c3b8,2021-05,Northumbria Police,Northumbria Police,-1.571070,54.924932,On or near CHOPWELL GARDENS,E01008218,Gateshead 021A,Investigation complete; no suspect identified
b792e0d9041b0da4bcc30073f07a64964dc416f882a4e9aa3ce270c22e0a1dca,2021-05,Northumbria Police,Northumbria Police,-1.370427,54.896938,On or near TOWER PLACE,E01008736,Sunderland 016C,Suspect charged
1af4226af53e6c2635fa505670ccb2a6a1752b1617a7d56f919b55492534e4fb,2021-05,Northumbria Police,Northumbria Police,-1.363084,54.869158,On or near COLIN TERRACE,E01008769,Sunderland 028E,Investigation complete; no suspect identified
ad5bf63616fdd4cd9fee344907a1b6119b5e6d3dbe87bda7d2046ffd4372ea49,2021-05,Northumbria Police,Northumbria Police,-1.433719,55.000107,On or near MILE END ROAD,E01008667,South Tyneside 002D,Investigation complete; no suspect identified
5b5d6942f1013603f6e515da3cc5fc41cd236b55764756a9ca0383537f14530a,2021-05,Northumbria Police,Northumbria Police,-1.604744,54.989927,On or near OSBORNE ROAD,E01008367,Newcastle upon Tyne 017A,Investigation complete; no suspect identified
52e757194ae9c5f38cb6196d98e22f98f6de635a15bc3e03796dc42aa4cfd88e,2021-05,Northumbria Police,Northumbria Police,-1.541180,54.986074,On or near EASTFIELD AVENUE,E01008436,Newcastle upon Tyne 020F,Investigation complete; no suspect identified
40bfdcce5b6bc3737d5a79b96f85a5543ab5af50dc2007c12fc3b9a195b8b5e2,2021-05,Northumbria Police,Northumbria Police,-1.636544,55.049173,On or near CHEVIOT VIEW,E01008307,Newcastle upon Tyne 001C,Investigation complete; no suspect identified
ae8d7d2454d26883560cb824d729419e3b64869b09b4af2a9f5fffa916753dca,2021-05,Northumbria Police,Northumbria Police,-1.629910,55.391381,On or near HIPSBURN STEADINGS,E01027356,Northumberland 004A,Investigation complete; no suspect identified
dc28380ddc708d06cd16f705e913bf74a1d62f08a0ed97d5fa8debaf406e75be,2021-05,Northumbria Police,Northumbria Police,-1.615137,54.991551,On or near GREAT NORTH ROAD,E01008369,Newcastle upon Tyne 013B,Investigation complete; no suspect identified
96163c7e4563b3ebdc4dbf744bc909dc52769ba9600bcce356cd490b996a9e2b,2021-05,Northumbria Police,Northumbria Police,-1.508257,55.126399,On or near BACK CROFT ROAD,E01027414,Northumberland 023A,Investigation complete; no suspect identified
61b681fef9edbc553614b498a9f6dca3a50c17e60f845e5a09ce0a2f20084d7c,2021-05,Northumbria Police,Northumbria Police,-1.551627,54.983956,On or near SELBY GARDENS,E01008435,Newcastle upon Tyne 020E,Suspect charged
3a3fe8af377a8356e7f1a5e33c588b31efe18333aeb12a8b967367893b88cb46,2021-05,Northumbria Police,Northumbria Police,-1.574405,54.950483,On or near DEXTER WAY,E01008212,Gateshead 012A,Offender given a caution
8953597e83bf5632c20986b167c4745f8e6f73bce10e72f3114aad4581f52fa2,2021-05,Northumbria Police,Northumbria Police,-1.433307,55.010493,On or near CLIFFORD STREET,E01008561,North Tyneside 016C,Investigation complete; no suspect identified
b81f6f78d8f5985fd8bc3f15066690421098dab2f2e02b865cc0f07bc846e88b,2021-05,Northumbria Police,Northumbria Police,-2.107293,55.596985,On or near WHEATRIGGS AVENUE,E01027381,Northumberland 003C,Investigation complete; no suspect identified
2e93bbc85bb325bb314cb7a9933dd3f7a146d70a878a45521209520aec463117,2021-05,Northumbria Police,Northumbria Police,-1.691184,54.973741,On or near THORNDALE ROAD,E01033547,Newcastle upon Tyne 025E,Investigation complete; no suspect identified
a0262c65ecc603dd88b2dedf8a3f5157ea1835395da02fb69bcace8b43488645,2021-05,Northumbria Police,Northumbria Police,-1.433307,55.010493,On or near CLIFFORD STREET,E01008561,North Tyneside 016C,Investigation complete; no suspect identified
8a60786ae3b44d0735616d820c1777bd8ccc2b21fe9e7e6518623d4a42381803,2021-05,Northumbria Police,Northumbria Police,-1.551259,54.970754,On or near SCROGG ROAD,E01008428,Newcastle upon Tyne 030D,Investigation complete; no suspect identified
cb5296d0a365a809584327e70999997b1fbe65ba0937e0cab5b389d7b041d00a,2021-05,Northumbria Police,Northumbria Police,-1.494167,54.865991,On or near COLDSTREAM CLOSE,E01008793,Sunderland 030A,Investigation complete; no suspect identified
568683de76f80c839eb5b7d092fa33e26470d58c4c5bbcab0faa74d37c727e43,2021-05,Northumbria Police,Northumbria Police,-1.610818,54.976009,On or near NORTH STREET,E01008397,Newcastle upon Tyne 024C,Suspect charged
d30dde403e4b41c1d9984bfbab0671f60e30401bea9833c5911a5207d64c669e,2021-05,Northumbria Police,Northumbria Police,-1.631841,55.041521,On or near HIGH RIDGE,E01008581,North Tyneside 004D,Investigation complete; no suspect identified
37eb409f6b52da77e7f65acf4944b36536270f789124678ef8622946e7fa0de4,2021-05,Northumbria Police,Northumbria Police,-1.617258,54.970746,On or near FALCONAR'S COURT,E01033543,Newcastle upon Tyne 024G,Investigation complete; no suspect identified
6d1bffcd0fe99211e6158d262607b2a8e28009449aeb67b475fdff6a1f121e6d,2021-05,Northumbria Police,Northumbria Police,-1.657039,54.958535,On or near HANDY DRIVE,E01008209,Gateshead 007A,Investigation complete; no suspect identified
bb9ab28c9435b7ff98d7d3cc390645bb3f5017a327e6f9c1fd713b4929411e68,2021-05,Northumbria Police,Northumbria Police,-1.555333,55.180101,On or near ARIEL STREET,E01027545,Northumberland 010D,Investigation complete; no suspect identified
a6a09549797f9ecc6dedf330aad6fcebed802598d91a3ea1b5f06148d926fca0,2021-05,Northumbria Police,Northumbria Police,-1.617258,54.970746,On or near FALCONAR'S COURT,E01033543,Newcastle upon Tyne 024G,Investigation complete; no suspect identified
e9d672204d1892b2a40d4ba4e87380d47df2c1fdf5d7accbdd3ca32ebbeb4826,2021-05,Northumbria Police,Northumbria Police,-1.413887,54.998620,On or near SEA ROAD,E01008597,South Tyneside 001C,Investigation complete; no suspect identified
46b2af51e2350f5943751fa9b50d1a7f34ce1a338eebb8b02ae00e45cc8e96f5,2021-05,Northumbria Police,Northumbria Police,-1.523306,54.976587,On or near THOMAS DRIVE,E01008640,South Tyneside 010B,Investigation complete; no suspect identified
327f869324810b5db6dc393374dc790214513ee74f03fe82067a4435bf64bc3e,2021-05,Northumbria Police,Northumbria Police,-1.610635,54.967427,On or near Parking Area,E01033545,Newcastle upon Tyne 024H,Investigation complete; no suspect identified
d8dc98e381e6e3f8afa08655cdaf217b3823582fa4b8bb76dfeae24a596396b8,2021-05,Northumbria Police,Northumbria Police,-1.374750,54.896655,On or near BEAUMONT STREET,E01008735,Sunderland 016B,Investigation complete; no suspect identified
9116d10fdddc5c885b34465de400fdf208ce9c0bb7413a5ce26f4e0837dac266,2021-05,Northumbria Police,Northumbria Police,-1.598694,54.952534,On or near SOUTH STREET,E01008203,Gateshead 028B,Investigation complete; no suspect identified
bb4291bb2679aed9e7b6beb702927c72625f1c817f71ae1faadbdab9fa929ae2,2021-05,Northumbria Police,Northumbria Police,-1.519803,55.124810,On or near RAILWAY TERRACE,E01027423,Northumberland 024C,Investigation complete; no suspect identified
eeae8a7c0c93b0e3d68fd8388657a2aa8a70318055b0eaa424b376cada7b5933,2021-05,Northumbria Police,Northumbria Police,-1.703983,55.021975,On or near Park/Open Space,E01008458,Newcastle upon Tyne 004D,Investigation complete; no suspect identified
f4986183889cada8c831782dc4350c7aff2b27e8d63be6ba420a303eeb49dad2,2021-05,Northumbria Police,Northumbria Police,-1.501522,54.840626,On or near JOHN STREET,E01008755,Sunderland 033E,Investigation complete; no suspect identified
87aa85f828c61c4edd68eb54c8b28c651718cefdeea3c1df98c1afae991a1447,2021-05,Northumbria Police,Northumbria Police,-1.559779,54.950098,On or near MAREBURN CRESCENT,E01008216,Gateshead 012C,Investigation complete; no suspect identified
3d963037ddcedc326ac6ac4083f8c4b749bc69199f157166127ff9e12ef4500a,2021-05,Northumbria Police,Northumbria Police,-1.547037,55.062748,On or near HAZLITT PLACE,E01027436,Northumberland 032E,Offender given penalty notice
5bc9d00e2398434580bc5e18c76a355411eb83ea5166109cc403e0693cb04776,2021-05,Northumbria Police,Northumbria Police,-1.463797,55.000073,On or near BRIDGE ROAD SOUTH,E01008541,North Tyneside 027C,Investigation complete; no suspect identified
4a7515657250fb15d5f0ec2601ce3afae31ccc499e8c856d52bfe7c27e3673d3,2021-05,Northumbria Police,Northumbria Police,-1.660282,54.970280,On or near ATKINSON TERRACE,E01008291,Newcastle upon Tyne 027D,Investigation complete; no suspect identified
923047c73b865347d10294fb4a19731eedf6ab0f6f1f300026f98cea388d5077,2021-05,Northumbria Police,Northumbria Police,-1.548354,55.182106,On or near FALDO DRIVE,E01027549,Northumberland 013E,Investigation complete; no suspect identified
b14bf2ed006d70dac2e3baa42f1574a2225a20f5beb8858986faa63106e286ab,2021-05,Northumbria Police,Northumbria Police,-1.373511,54.895120,On or near ERNEST STREET,E01008737,Sunderland 016D,Suspect charged
b14bf2ed006d70dac2e3baa42f1574a2225a20f5beb8858986faa63106e286ab,2021-05,Northumbria Police,Northumbria Police,-1.373511,54.895120,On or near ERNEST STREET,E01008737,Sunderland 016D,Suspect charged
e9209e67336fddd4c03332572351c93f89470a08daaad6d93a2e7523685e4ed8,2021-05,Northumbria Police,Northumbria Police,-1.577226,54.976176,On or near CONYERS ROAD,E01008303,Newcastle upon Tyne 018A,Investigation complete; no suspect identified
43faba359c933012d39bb734548cf3eab32ddfc5a6b6c106e03c3e7ea22413cb,2021-05,Northumbria Police,Northumbria Police,-1.457710,55.002769,On or near MINTON COURT,E01008545,North Tyneside 027E,Investigation complete; no suspect identified
7accc85ed1f338b08fc86f3c78ff562f4097e5f525fdf4c80d0ce28e79f89b96,2021-05,Northumbria Police,Northumbria Police,-1.627285,55.029987,On or near WARKWORTH WOODS,E01033551,Newcastle upon Tyne 002G,Investigation complete; no suspect identified
00572a165230591f3aac642d2019b1117b1c690e1e0e775778b263fdbf592833,2021-05,Northumbria Police,Northumbria Police,-1.604667,54.953281,On or near ALEXANDRA ROAD,E01008163,Gateshead 028A,Investigation complete; no suspect identified
733f287df471bdcc9071a0bbf5a419cb3c5355211ee08c050b63b165d21bee66,2021-05,Northumbria Police,Northumbria Police,-1.536275,54.989991,On or near JAMES TERRACE,E01008575,North Tyneside 030E,Investigation complete; no suspect identified
8d172364f3c63e7ce530dbf1d040d5e92679bed204895e81126d6751abd88799,2021-05,Northumbria Police,Northumbria Police,-1.452626,54.943292,On or near THE FOLLY,E01008615,South Tyneside 023B,Investigation complete; no suspect identified
2ab17f68acdb8a4e15a5ff7bbf02c427834e0ea6bd441031c9eaa97986d1da75,2021-05,Northumbria Police,Northumbria Police,-1.585991,54.976188,On or near Parking Area,E01008304,Newcastle upon Tyne 026C,Investigation complete; no suspect identified
0d7d5e0a7086669e9631f6e03d042078f092f0f74a923c681559cd669814f563,2021-05,Northumbria Police,Northumbria Police,-1.633055,54.968503,On or near CROSS PARADE,E01008439,Newcastle upon Tyne 024E,Suspect charged
0d7d5e0a7086669e9631f6e03d042078f092f0f74a923c681559cd669814f563,2021-05,Northumbria Police,Northumbria Police,-1.633055,54.968503,On or near CROSS PARADE,E01008439,Newcastle upon Tyne 024E,Suspect charged
1d83ba79d9a12adba134b026b1c321843a109fa5ca4157159e223c4265daeb8f,2021-05,Northumbria Police,Northumbria Police,-1.570759,55.185440,On or near LINTONVILLE TERRACE,E01027529,Northumberland 010B,Suspect charged
6b53e22428d3a4e43aad9ea3edc2ae00269e0aa7afd98d2e5cbe243e97f33c0f,2021-05,Northumbria Police,Northumbria Police,-1.599166,54.936459,On or near ELDER GROVE,E01008239,Gateshead 020D,Investigation complete; no suspect identified
8d85b97f4ca111144fe0dbe4a7df3503372841213480716be9d47d45bf50403a,2021-05,Northumbria Police,Northumbria Police,-2.016557,55.784102,On or near Petrol Station,E01027378,Northumberland 002A,Investigation complete; no suspect identified
ce3b2d205df4a6c49485dceb526e6b7e66240afed0774680f47441631a6d9200,2021-05,Northumbria Police,Northumbria Police,-1.687266,55.009559,On or near BLUEBELL DENE,E01008459,Newcastle upon Tyne 004E,Investigation complete; no suspect identified
83af5a231f0e072ac58b89a7356cbb823a73c8e17d5bf0bf6e9241c40ebaf82c,2021-05,Northumbria Police,Northumbria Police,-1.754552,54.967838,On or near WHERNSIDE WALK,E01008247,Gateshead 001B,Investigation complete; no suspect identified
000bcb90f5c7bb50e0ebc44990763e2fd6ff4a64ee6d44e7f812cffb456d1383,2021-05,Northumbria Police,Northumbria Police,-1.476504,55.000236,On or near KILBURN GARDENS,E01008540,North Tyneside 027B,Investigation complete; no suspect identified
0b08797808262061ef3c49c618261c639135675bdc46f3099ab6f0f77ff6d4ae,2021-05,Northumbria Police,Northumbria Police,-1.571906,54.897563,On or near PRIMROSE TERRACE,E01008174,Gateshead 026C,Investigation complete; no suspect identified
a9eadd865af132a9a3ec25eafe1ecd4cbe7d9114ec18f05e75544837426d0367,2021-05,Northumbria Police,Northumbria Police,-1.663083,54.971573,On or near BENWELL LANE,E01008334,Newcastle upon Tyne 029D,Investigation complete; no suspect identified
7153d8f92ba08657a3c8b889cace901caad16d44dd4e7f4426330b702a014570,2021-05,Northumbria Police,Northumbria Police,-1.603258,55.159562,On or near FRONT STREET,E01027534,Northumberland 017C,Investigation complete; no suspect identified
a288b4e4575872867bf32d7afa58bf9174f9147cb2d2271175c20e55c505980d,2021-05,Northumbria Police,Northumbria Police,-1.626652,54.951481,On or near WOOLER CRESCENT,E01008259,Gateshead 007D,Investigation complete; no suspect identified
b8474a29a154944979564f7dc12fc32467d134c966d08b34c829699b4b82e4f6,2021-05,Northumbria Police,Northumbria Police,-1.695517,54.966806,On or near TUNDRY WAY,E01008181,Gateshead 005C,Investigation complete; no suspect identified
5b57da115d9601f027c338c181336bcf21fef2274eb445d8ba5fad8408b507ff,2021-05,Northumbria Police,Northumbria Police,-1.593611,54.973500,On or near ST ANN'S CLOSE,E01033548,Newcastle upon Tyne 023G,Investigation complete; no suspect identified
e817f4aa8a5659ecebe0923edacdedd273a0d7db3b24453a5b289416c2aa9382,2021-05,Northumbria Police,Northumbria Police,-1.688931,54.980215,On or near WHICKHAM VIEW,E01008415,Newcastle upon Tyne 025B,Investigation complete; no suspect identified
83e538ff9bb1c83e89f9f50641070c53fdc7abaeda355bd9176d9f0ec84da7a1,2021-05,Northumbria Police,Northumbria Police,-1.510056,54.974171,On or near Pedestrian Subway,E01008653,South Tyneside 009C,Investigation complete; no suspect identified
f9d2c8205d60a0dbdb1ad85a530500882633e3d2e6999bb39f6401027bfb1bf6,2021-05,Northumbria Police,Northumbria Police,-1.414741,54.865706,On or near DOXFORD PARK WAY,E01033077,Sunderland 027F,Investigation complete; no suspect identified
449177edb05c85784bf936b8b1deeafdbe496b299be6e0597c45e1b291875f7b,2021-05,Northumbria Police,Northumbria Police,-1.604782,54.960632,On or near Parking Area,E01008168,Gateshead 027D,Offender given a caution
0a129c1caf65236c774159ce2819a6e547894c3e097270ec044c4add2617cf40,2021-05,Northumbria Police,Northumbria Police,-1.373520,54.871423,On or near WESTERN HILL,E01008766,Sunderland 028C,Investigation complete; no suspect identified
96d2e4a32735600e7df3ebde5d27c44fa6bf6eb648e40f78537ed6197a2a693f,2021-05,Northumbria Police,Northumbria Police,-1.668555,54.957641,On or near Shopping Area,E01008262,Gateshead 009A,Investigation complete; no suspect identified
314d1dab4273a18fbebf1c4e8d8d0db199191b0eb8b23c5ca7bf43eced275002,2021-05,Northumbria Police,Northumbria Police,-1.377256,54.930322,On or near SEA ROAD,E01008726,Sunderland 001D,Investigation complete; no suspect identified
12863cac9d7aad6c66af616dfeca2495f58a06f78276f3c180e3c1032c221cf5,2021-05,Northumbria Police,Northumbria Police,-1.608260,54.985167,On or near EAST FRONT,E01008370,Newcastle upon Tyne 017C,Investigation complete; no suspect identified
f5b721c2345ca2f2c7fdb94a64f767b29cf4e41fb0825b5057944f8f7a0cb462,2021-05,Northumbria Police,Northumbria Police,-1.619408,54.966322,On or near Pedestrian Subway,E01033545,Newcastle upon Tyne 024H,Offender given penalty notice
5ec4bb6458332c3cad4887f24ca0661a8b52a5f44e0e271512b958bea6a0d5b8,2021-05,Northumbria Police,Northumbria Police,-1.683502,54.995163,On or near WEST DENTON WAY,E01008445,Newcastle upon Tyne 031D,Investigation complete; no suspect identified
df254dfa9bce4f2c92fa18e192501453e9f8579239d908ecf0523361f3a01977,2021-05,Northumbria Police,Northumbria Police,-1.532724,54.900096,On or near Shopping Area,E01008848,Sunderland 019C,Investigation complete; no suspect identified
7da9f6270369055ca502bee281f9ff4ae98e2eccb3555ac9338185d09d0651f7,2021-05,Northumbria Police,Northumbria Police,-1.565175,55.180514,On or near SECOND AVENUE,E01027528,Northumberland 010A,Investigation complete; no suspect identified
99561cdaff198ba28ec3347c9045128a1d049b006c6e851eaecf2b7251177a22,2021-05,Northumbria Police,Northumbria Police,-1.520346,55.033603,On or near ALGERNON DRIVE,E01032647,North Tyneside 011E,Investigation complete; no suspect identified
cba3738d30a57bbf58cb28d7d0e75f7c442ceb477be4409fe266f0311af14408,2021-05,Northumbria Police,Northumbria Police,-1.446220,54.885714,On or near GUERNSEY SQUARE,E01008733,Sunderland 021E,Investigation complete; no suspect identified
3f49a3e70681fa82a600c59399f98a899edd8049519303d177ff72f2205a86c8,2021-05,Northumbria Police,Northumbria Police,-1.530928,55.112156,On or near PHOENIX STREET,E01027427,Northumberland 025C,Investigation complete; no suspect identified
807e18b7c8e7ede406cc1fdca85a03cdde91a3f9e8bb0e73fd508bf9b82b7f16,2021-05,Northumbria Police,Northumbria Police,-2.101077,54.974279,On or near Supermarket,E01027476,Northumberland 035A,Investigation complete; no suspect identified
4bd6c7a9fddf7aed2dd8940b7367d99473c6971255051c4b0ce95ba1003bf357,2021-05,Northumbria Police,Northumbria Police,-1.518698,55.031385,On or near CLOVERFIELD,E01032647,North Tyneside 011E,Investigation complete; no suspect identified
85f3c6fd0fb43ce103cf6f439281325d56b514f9c9989be7f5c5faab7c1e4750,2021-05,Northumbria Police,Northumbria Police,-1.447484,55.008618,On or near Supermarket,E01008524,North Tyneside 022B,Investigation complete; no suspect identified
2d4973f6e25bfc232e0a1dfb706b635d148e1d313fd64aa5a4cbf754b2274fd1,2021-05,Northumbria Police,Northumbria Police,-1.531678,54.901485,On or near Parking Area,E01008848,Sunderland 019C,Investigation complete; no suspect identified
f7a28da41ac0e061796e5369f56ccd2826b962ba09b0595b3b2a5b49622985d2,2021-05,Northumbria Police,Northumbria Police,-1.508099,55.108696,On or near EIDER CLOSE,E01027440,Northumberland 026D,Offender given a caution
fe0220a403d2e3779b71c5ead1c4bdab24905d8d5a68a1412e50c015794314c4,2021-05,Northumbria Police,Northumbria Police,-1.698251,55.010486,On or near LOWBIGGIN,E01008460,Newcastle upon Tyne 004F,Investigation complete; no suspect identified
70e458df2f9f068a3e7955f5cbd36277be88edc2ae73a27a6d7e1fad8f8adbaa,2021-05,Northumbria Police,Northumbria Police,-1.544335,54.888170,On or near MONKSIDE CLOSE,E01008870,Sunderland 020D,Investigation complete; no suspect identified
35365d34422a905871d2d77a8cac89e1408c4f3d28c863c603c33efe857bc113,2021-05,Northumbria Police,Northumbria Police,-1.612740,54.974308,On or near Shopping Area,E01008397,Newcastle upon Tyne 024C,Investigation complete; no suspect identified
de0b0b60bad092022cc666b298bd7aa8318563f0a1fe2ba441822ddf8bd4f0cd,2021-05,Northumbria Police,Northumbria Police,-1.576271,55.155895,On or near A1147,E01027553,Northumberland 017E,Investigation complete; no suspect identified
bb2b6fca8fc0e2e74b2886b8420b91f1bb1cc790db247dc6aaab38986a5e3f65,2021-05,Northumbria Police,Northumbria Police,-1.579771,55.164740,On or near A196,E01027553,Northumberland 017E,Investigation complete; no suspect identified
9a2a6f5c6fbefda471b0d305f8ad9a6645ca9ce9ec9a0b9020a39cda06b3b04f,2021-05,Northumbria Police,Northumbria Police,-1.538420,54.986935,On or near EASTFIELD AVENUE,E01008575,North Tyneside 030E,Investigation complete; no suspect identified
e8e9415912ed03d3365989f2a970ba3c0dfd333a0f6fde67a3d44df9131044f9,2021-05,Northumbria Police,Northumbria Police,-1.514702,54.908760,On or near INDUSTRIAL ROAD,E01008853,Sunderland 009A,Investigation complete; no suspect identified
8098691ae3e7fc9a4fe2593aa3d824dd6f3628c72376bb639ee66ae61a406b72,2021-05,Northumbria Police,Northumbria Police,-1.556356,55.170004,On or near Petrol Station,E01027532,Northumberland 014A,Investigation complete; no suspect identified
7f6a13108de7338e2e3d756cefb66477c51fb9cfb85dcc79377ef1e70ab01156,2021-05,Northumbria Police,Northumbria Police,-1.675442,55.172635,On or near WHORRAL BANK,E01027457,Northumberland 011A,Investigation complete; no suspect identified
b5f127e54a0685a78e531750fe6a18505ead0fd230b24da8d8ae831d1b6aa8d7,2021-05,Northumbria Police,Northumbria Police,-1.460331,54.930907,On or near BAXTER SQUARE,E01008840,Sunderland 003E,Investigation complete; no suspect identified
2dbc4e95f866333d366eee5096916a09056e3cbd64a4f4bc56aa55d5326d9b94,2021-05,Northumbria Police,Northumbria Police,-1.604911,54.969745,On or near Theatre/Concert Hall,E01033548,Newcastle upon Tyne 023G,Investigation complete; no suspect identified
64c2ba55f5956e865de1765e82e84365afa1ea8924ef7103d891a50187fe356d,2021-05,Northumbria Police,Northumbria Police,-1.656937,54.970486,On or near COCHRANE STREET,E01008332,Newcastle upon Tyne 029B,Offender given a caution
39724eb01ca253e6701b96373335e3aea8844f54b084b0948b3e75186d6864e8,2021-05,Northumbria Police,Northumbria Police,-1.656937,54.970486,On or near COCHRANE STREET,E01008332,Newcastle upon Tyne 029B,Suspect charged
11831b51d6f13258a0f762c009d9241679b96ff67e172cbf33d0a94ddaf254d7,2021-05,Northumbria Police,Northumbria Police,-1.470339,55.022037,On or near DEVON ROAD,E01008557,North Tyneside 013D,Investigation complete; no suspect identified
045647962d9e5517337e239c164fcd5fbe4e58496597c996f48683c4c94d4418,2021-05,Northumbria Police,Northumbria Police,-2.088519,54.982754,On or near OAKWOOD BANK,E01027476,Northumberland 035A,Investigation complete; no suspect identified
a71f46ec827c05e6ddbe98c076aa98ceba8cd9c6d416d1f91c12acf524ae8db0,2021-05,Northumbria Police,Northumbria Police,-1.428010,54.867207,On or near MORPETH DRIVE,E01008808,Sunderland 029E,Investigation complete; no suspect identified
5ee4796adc764771299e8f7bbd2565a0f85917f5d0a7aca47f630117c556ce65,2021-05,Northumbria Police,Northumbria Police,-1.578428,55.009150,On or near A188,E01008469,North Tyneside 018A,Investigation complete; no suspect identified
3740ecb7fcf487f6b1b49bec082a085df10b2bac7ce0a1ea1cf8fc34d550e2ea,2021-05,Northumbria Police,Northumbria Police,-2.180708,55.231915,On or near A696,E01027503,Northumberland 019C,Investigation complete; no suspect identified
a16d55af3519fcf5949dbe4a1f8a9dce17db8ac416e420c21c36acb36cb80768,2021-05,Northumbria Police,Northumbria Police,-1.491654,55.024743,On or near GREENLEA,E01008488,North Tyneside 015A,Investigation complete; no suspect identified
f41041eed49b346c0374c610f8cb69aa1fe3ed8ae5b64c092681b2c0b3c18239,2021-05,Northumbria Police,Northumbria Police,-1.585991,54.976188,On or near Parking Area,E01008304,Newcastle upon Tyne 026C,Investigation complete; no suspect identified
e7e54319e489dacf36dded49d5d9ebb2b760565615f47c05c015c4f237a5f2a7,2021-05,Northumbria Police,Northumbria Police,-1.566489,55.021527,On or near STATION ROAD NORTH,E01008470,North Tyneside 014A,Investigation complete; no suspect identified
f6ea65448f8181b25014bb250befea0126455b959901c59518f18dd7ff7dab34,2021-05,Northumbria Police,Northumbria Police,-2.180708,55.231915,On or near A696,E01027503,Northumberland 019C,Investigation complete; no suspect identified
d2766fea274ce1e0aa4286d73a443f4436a8b1a07dd9fe8a7b4f9980dafb979b,2021-05,Northumbria Police,Northumbria Police,-1.551386,54.976137,On or near MIDDLE STREET,E01008431,Newcastle upon Tyne 020B,Investigation complete; no suspect identified
b2751a9a8c986147414f71155ef6d21530d39acc3bd75381f518f474726e1f2f,2021-05,Northumbria Police,Northumbria Police,-1.703983,55.021975,On or near Park/Open Space,E01008458,Newcastle upon Tyne 004D,Investigation complete; no suspect identified
1e10148130272bf8b79cf979cc8c1141952d229a507f21909ada99c17ba35135,2021-05,Northumbria Police,Northumbria Police,-1.541180,54.986074,On or near EASTFIELD AVENUE,E01008436,Newcastle upon Tyne 020F,Investigation complete; no suspect identified
2bc0f54482d0f5593c7bf210ca1919bdc7932ba9f2fe8424297ba74d417c2a30,2021-05,Northumbria Police,Northumbria Police,-1.438367,54.974023,On or near BRABOURNE STREET,E01008591,South Tyneside 011B,Investigation complete; no suspect identified
5a5225183c35cbd9891c864708131c2b6e96314483c4325ce04fa551b12f8555,2021-05,Northumbria Police,Northumbria Police,-1.511677,55.011830,On or near ANDOVER PLACE,E01008461,North Tyneside 021A,Investigation complete; no suspect identified
b354306ca39e25c8dda3a769b379f21ede67c0eafdf2f17f2bdf4c7563fa9e1e,2021-05,Northumbria Police,Northumbria Police,-1.516699,55.129866,On or near DISRAELI STREET,E01027416,Northumberland 022C,Investigation complete; no suspect identified
779808dda596138be43c8492553ca470f7735f90d35aad240995bddbcd116fe2,2021-05,Northumbria Police,Northumbria Police,-1.370327,54.916285,On or near Petrol Station,E01008791,Sunderland 006F,Investigation complete; no suspect identified
1dca2d327c5b8c60718859b8f7a7621ae57c0d33b5f168f6bf884839e4ca590a,2021-05,Northumbria Police,Northumbria Police,-1.604744,54.989927,On or near OSBORNE ROAD,E01008367,Newcastle upon Tyne 017A,Suspect charged
df8a82400bdffd578c01adbe445f1efb9d187b45f748c8cb2e4ace7e00ea9890,2021-05,Northumbria Police,Northumbria Police,-1.435258,54.928322,On or near ROCKINGHAM SQUARE,E01008839,Sunderland 003D,Investigation complete; no suspect identified
40a283eb68041afda30b9e063ca8defedb7ce69ecd8f127dd7e4aacfcbda169f,2021-05,Northumbria Police,Northumbria Police,-1.617120,54.978617,On or near EDWARD'S WALK,E01008397,Newcastle upon Tyne 024C,Offender given penalty notice
dba56955ca20944deea222edaa17cd3ab1d8dfa2143a6688ce7f249f230ce0bf,2021-05,Northumbria Police,Northumbria Police,-1.449663,54.928146,On or near BRADSHAW STREET,E01008837,Sunderland 003B,Suspect charged
dba56955ca20944deea222edaa17cd3ab1d8dfa2143a6688ce7f249f230ce0bf,2021-05,Northumbria Police,Northumbria Police,-1.449663,54.928146,On or near BRADSHAW STREET,E01008837,Sunderland 003B,Investigation complete; no suspect identified
82d69af9e45ef5d609b01808997b640c354c457c7c8cc4704886328aa9a7012b,2021-05,Northumbria Police,Northumbria Police,-1.597569,55.132217,On or near Parking Area,E01027516,Northumberland 021B,Suspect charged
82d69af9e45ef5d609b01808997b640c354c457c7c8cc4704886328aa9a7012b,2021-05,Northumbria Police,Northumbria Police,-1.597569,55.132217,On or near Parking Area,E01027516,Northumberland 021B,Suspect charged
591392bbf681d6b18064074f2971cfbd36c3a8d4cb6f8b95cb9bff735d3e4d50,2021-05,Northumbria Police,Northumbria Police,-2.088519,54.982754,On or near OAKWOOD BANK,E01027476,Northumberland 035A,Investigation complete; no suspect identified
bd3d98c78f43a18dfb13c9fb4b1ccc120e17356b15ffeea120744db55ab39c01,2021-05,Northumbria Police,Northumbria Police,-1.562230,55.139662,On or near ALBERT ROAD,E01027550,Northumberland 020E,Offender given a caution
be6b61e1d152e5afe28a31a987cc476be4ce7d3c33940528e7078740a307bb1c,2021-05,Northumbria Police,Northumbria Police,-1.545751,54.899499,On or near RAGLAN,E01008869,Sunderland 020C,Investigation complete; no suspect identified
0e336874326271a3e53cee06beddec7cb94716c632bd76df62571c2ca188b2ab,2021-05,Northumbria Police,Northumbria Police,-1.433396,54.998632,On or near Hospital,E01008667,South Tyneside 002D,Investigation complete; no suspect identified
d09992eaf4700747bd1bb11ae59a41636ea7dad3c1787946817347502b265d9c,2021-05,Northumbria Police,Northumbria Police,-1.437502,54.892728,On or near Petrol Station,E01008731,Sunderland 021C,Investigation complete; no suspect identified
84d0ec6e94a8129873fe8b1844df3c85c4696547198c46af5d9abab267361a37,2021-05,Northumbria Police,Northumbria Police,-1.544691,55.023847,On or near ELIZABETH COURT,E01008503,North Tyneside 018E,Investigation complete; no suspect identified
404a7a35122b3446b4bf618804e414a8001b02218085a6e76cccc6e0f9ab85fc,2021-05,Northumbria Police,Northumbria Police,-1.438027,54.878550,On or near TENBY ROAD,E01008823,Sunderland 023A,Investigation complete; no suspect identified
985041af750158f8810ee22685c13f8b05ca92f98dcba46d05a3ceedb8fa7037,2021-05,Northumbria Police,Northumbria Police,-1.480603,54.960022,On or near MEDWAY,E01008632,South Tyneside 017B,Investigation complete; no suspect identified
fa2f57d9aa356e12a64296a1bb7eea264f9a570c9b934dfbf5bc493b1245c62d,2021-05,Northumbria Police,Northumbria Police,-1.692692,54.952232,On or near Sports/Recreation Area,E01008262,Gateshead 009A,Investigation complete; no suspect identified
3cba1cc2ba2021e178ea14bd6fbccf1892381ee384c4310c0a5407bb03b31b37,2021-05,Northumbria Police,Northumbria Police,-1.548051,54.948968,On or near FIELD LANE,E01008241,Gateshead 015C,Investigation complete; no suspect identified
9d522b196d5b7f79db38e018a90a9e9b63fed13b785e43c04e1e5378b32488bf,2021-05,Northumbria Police,Northumbria Police,-1.613835,54.946481,On or near WATT STREET,E01008254,Gateshead 010D,Investigation complete; no suspect identified
1e14ed1053b503e651bbe71ed5ee39d15a85cb4e4ab4cf10e8c00ee75fbed3f6,2021-05,Northumbria Police,Northumbria Police,-1.703232,55.000928,On or near CHAPEL GRANGE,E01008444,Newcastle upon Tyne 031C,Suspect charged
d3e479555b1aa4aa2e6be6eb0a8eb89fe43cab5207d1f1d06e7d7f8b44a0cd8c,2021-05,Northumbria Police,Northumbria Police,-1.437702,54.998095,On or near Shopping Area,E01008667,South Tyneside 002D,Suspect charged
f96704d745e969ee2ad95230333555472781c4135282c1c3f5b6788b88745361,2021-05,Northumbria Police,Northumbria Police,-1.462486,54.948395,On or near Parking Area,E01008613,South Tyneside 021D,Investigation complete; no suspect identified
914dd7b85387be81e9c91d23fdbe50e8c6167494f68c0f3378b1e6565045ab9b,2021-05,Northumbria Police,Northumbria Police,-1.608649,54.957994,On or near COATSWORTH COURT,E01008167,Gateshead 008A,Offender given a drugs possession warning
8fff7f18708d9c0faa590371ecbfb9653ced00a5549ac8043892ff5619c597e8,2021-05,Northumbria Police,Northumbria Police,-1.617134,54.972264,On or near NEWGATE STREET,E01033543,Newcastle upon Tyne 024G,Investigation complete; no suspect identified
e71ff7adcdfb73090fd4c32692b95ce0631a1c8d9db618adae1c34d228bddf99,2021-05,Northumbria Police,Northumbria Police,-1.543937,55.004803,On or near MULLEN GARDENS,E01008532,North Tyneside 025B,Offender given a drugs possession warning
54df29ae1d8a200ca292b157e64c67eb926c08c28bc0fce1f37afe6bb0c6604a,2021-05,Northumbria Police,Northumbria Police,-1.531678,54.901485,On or near Parking Area,E01008848,Sunderland 019C,Offender given a caution
8d1e968bf2ab0994ac4248a12c0aa57e67692967c2a5281e9e97c009cb02541a,2021-05,Northumbria Police,Northumbria Police,-1.541728,54.946204,On or near STILEFORD,E01008242,Gateshead 015D,Investigation complete; no suspect identified
dcf02724980dd9bbf5605bfea577ddad891fb862cd600a904b1c150fdcc4d20c,2021-05,Northumbria Police,Northumbria Police,-1.607981,54.944854,On or near FELTON CRESCENT,E01008255,Gateshead 010E,Investigation complete; no suspect identified
19be02b76c10218858328abbc03a2224c31a9a56d20df9ea65462e0503a4fdba,2021-05,Northumbria Police,Northumbria Police,-1.370327,54.916285,On or near Petrol Station,E01008791,Sunderland 006F,Investigation complete; no suspect identified
cd77f459fa1c187290ed209be719b02929e571c2f37be4ed3c1923df15ba0e90,2021-05,Northumbria Police,Northumbria Police,-1.523582,54.916317,On or near PARK GROVE,E01008858,Sunderland 009D,Investigation complete; no suspect identified
5b0343370508a6170f6861731006d93466a8f9c1a76fe7dc98feebe2a10b16c8,2021-05,Northumbria Police,Northumbria Police,-1.453465,54.903262,On or near CAMBRIA GREEN,E01008811,Sunderland 014B,Investigation complete; no suspect identified
23d4c7a643fd9793e3eb50501b9c0619355360c58ad4ee7f71b4aed5837a898e,2021-05,Northumbria Police,Northumbria Police,-1.603163,54.971213,On or near CAUSEY BANK,E01033553,Newcastle upon Tyne 023H,Investigation complete; no suspect identified
98b2445b0803084b845aafb9c0728e4d700cd60aabfbf27d9c26f469bd275f8d,2021-05,Northumbria Police,Northumbria Police,-1.539968,54.899333,On or near LUMLEY CLOSE,E01008867,Sunderland 020A,Investigation complete; no suspect identified
57cea709c758391f7eabf516917a72672cd345896dd76300739daa8a0006babb,2021-05,Northumbria Police,Northumbria Police,-1.418213,54.866945,On or near PLANE TREE COURT,E01008802,Sunderland 029D,Investigation complete; no suspect identified
7b56982c1f174f7a47de10a8fa18590c627268a5423f88e5ff31b6cdf05a2103,2021-05,Northumbria Police,Northumbria Police,-1.637015,54.965918,On or near Shopping Area,E01008437,Newcastle upon Tyne 029F,Investigation complete; no suspect identified
d6ff3af58509ca46efc4b32a6643e2082173ff33eba2434bca2453359f296cd1,2021-05,Northumbria Police,Northumbria Police,-1.685663,54.982579,On or near Petrol Station,E01008416,Newcastle upon Tyne 025C,Investigation complete; no suspect identified
7bc65796e43120c586298eafe95748b92f2305b5ffc6cc68e61b3c1ccc38a9ac,2021-05,Northumbria Police,Northumbria Police,-1.370327,54.916285,On or near Petrol Station,E01008791,Sunderland 006F,Investigation complete; no suspect identified
34761ed6fc2982348a2a794aa082d019f49075a0c21cfdc769456cb12d8e8d6e,2021-05,Northumbria Police,Northumbria Police,-1.465988,54.956247,On or near STATION ROAD,E01008612,South Tyneside 021C,Investigation complete; no suspect identified
f8188a29ccf32c618c793f4737f17807ae901848c31318772941a25c1e5db53e,2021-05,Northumbria Police,Northumbria Police,-1.475340,54.962416,On or near KIRKSTONE AVENUE,E01008631,South Tyneside 017A,Investigation complete; no suspect identified
d7ea3740e2cccf152eb8b8a40592052333a7f98639569443810ccb4c132cc6e0,2021-05,Northumbria Police,Northumbria Police,-1.553570,55.177722,On or near ARIEL STREET,E01027533,Northumberland 013A,Investigation complete; no suspect identified
5997aebaeb1ad9e55fb75fe67650a9900fafa2a2f40b342b2c58c8708e216bb0,2021-05,Northumbria Police,Northumbria Police,-1.479320,54.955343,On or near SANDIACRES,E01008628,South Tyneside 020B,Investigation complete; no suspect identified
b18c3931a46bdc6419f1591e6bf569de8e31be8e2c74ab5c494daa94cae0cf73,2021-05,Northumbria Police,Northumbria Police,-1.549855,54.964961,On or near BURWOOD ROAD,E01008427,Newcastle upon Tyne 030C,Investigation complete; no suspect identified
8ded112f22001a764e83be746115e4134b7447af687a912b684c5dfaf708c7de,2021-05,Northumbria Police,Northumbria Police,-1.427844,54.969122,On or near JOHN REID ROAD,E01008688,South Tyneside 019A,Investigation complete; no suspect identified
2862a0446ddaff944074efc1920864d2fc0271933191820bb2e6e3ffb7217a67,2021-05,Northumbria Police,Northumbria Police,-1.721842,54.954594,On or near CLARA STREET,E01008280,Gateshead 004E,Investigation complete; no suspect identified
07265e82a9499bdcd91ec633c9d7be9cc9106d7098dbf72edd3355278d8c5bcc,2021-05,Northumbria Police,Northumbria Police,-1.380942,54.916861,On or near Supermarket,E01008787,Sunderland 006B,Investigation complete; no suspect identified
b30b4221bf74373be7b2022cf868066a2553c99069b734a16918f6fd89e1b465,2021-05,Northumbria Police,Northumbria Police,-1.580788,54.940180,On or near Parking Area,E01008219,Gateshead 016A,Suspect charged
ed7bb4a5e4a8ec730ede3a01e578e164a4ed23320ec67666212ad8337c5b6af4,2021-05,Northumbria Police,Northumbria Police,-1.544487,55.121840,On or near MONKDALE AVENUE,E01027425,Northumberland 025A,Investigation complete; no suspect identified
2c12970be066ffc129b3fcf375213f4474553e458c0e9f54b44957bc4b15cebf,2021-05,Northumbria Police,Northumbria Police,-1.382173,54.870074,On or near RUSHFORD,E01008767,Sunderland 031B,Investigation complete; no suspect identified
aba6e73b1f28a2ed41142099b64aae1ac24cd7cc20d0b56611cd073d16c963c3,2021-05,Northumbria Police,Northumbria Police,-1.442528,55.043489,On or near SOUTH PARADE,E01008584,North Tyneside 006A,Investigation complete; no suspect identified
f7381f4d59d46e1e1b9a75bd4bbd4ab24a1e716557d4b019b0fb41c2faa45643,2021-05,Northumbria Police,Northumbria Police,-1.467811,54.950630,On or near EASTLEIGH CLOSE,E01008611,South Tyneside 021B,Investigation complete; no suspect identified
310531e2b412279ed71dcf9eb59929a0cd644179bc5e4b469856aa9606d25b66,2021-05,Northumbria Police,Northumbria Police,-1.469038,54.838484,On or near LONGLANDS DRIVE,E01008715,Sunderland 034B,Investigation complete; no suspect identified
de7b0fdfcee59da2b6cad281ad0c4c605fe601041b71a4e91294a3c531cedf7c,2021-05,Northumbria Police,Northumbria Police,-1.477669,54.956199,On or near ASHFIELD,E01008628,South Tyneside 020B,Investigation complete; no suspect identified
a3660e2cdd6c7105bf8c8370a38e0db2675c2e83ab87479a810662c1819ad4f4,2021-05,Northumbria Police,Northumbria Police,-1.483490,55.017366,On or near MOOR PARK COURT,E01008491,North Tyneside 015D,Investigation complete; no suspect identified
146af81ab6ed581bfedc3a9ce69e30856c7e1c14bd5cd55f17d6f83e1f1f1335,2021-05,Northumbria Police,Northumbria Police,-1.637618,54.976955,On or near STANTON STREET,E01008396,Newcastle upon Tyne 022B,Investigation complete; no suspect identified
41a22644d8d1440d6ca5ee6a34fca453e9cfec7c7d4d6bcedf6a9483e4309566,2021-05,Northumbria Police,Northumbria Police,-1.628475,55.014615,On or near PARK AVENUE,E01008352,Newcastle upon Tyne 002C,Investigation complete; no suspect identified
29d3c821a0bd05a6c4ce1f13d753e3d08089baecc488cc6aac651c695ee61e2c,2021-05,Northumbria Police,Northumbria Police,-1.781000,54.955604,On or near HEATHFIELD GARDENS,E01008195,Gateshead 002A,Investigation complete; no suspect identified
29d3c821a0bd05a6c4ce1f13d753e3d08089baecc488cc6aac651c695ee61e2c,2021-05,Northumbria Police,Northumbria Police,-1.781000,54.955604,On or near HEATHFIELD GARDENS,E01008195,Gateshead 002A,Investigation complete; no suspect identified
29d3c821a0bd05a6c4ce1f13d753e3d08089baecc488cc6aac651c695ee61e2c,2021-05,Northumbria Police,Northumbria Police,-1.781000,54.955604,On or near HEATHFIELD GARDENS,E01008195,Gateshead 002A,Investigation complete; no suspect identified
7343c1e89229419302fd813502dec3e6702c6b98e71f2665425a30d37de99d56,2021-05,Northumbria Police,Northumbria Police,-1.576639,54.971123,On or near Parking Area,E01008305,Newcastle upon Tyne 026D,Investigation complete; no suspect identified
9ac4b52c77d1c07a7fa82569cda570d0615f21ec583f87286a23bc0a7fdfd6f3,2021-05,Northumbria Police,Northumbria Police,-1.454767,55.005388,On or near VICTORIA CRESCENT,E01008483,North Tyneside 022A,Investigation complete; no suspect identified
535afd09edbc676f910c081ca051d1ee48b05b6a010c9622e231c29f4b5065ff,2021-05,Northumbria Police,Northumbria Police,-1.582893,54.960002,On or near Supermarket,E01008214,Gateshead 003A,Investigation complete; no suspect identified
6e53c15dc663113b48fb5d3433eebd3393678210998fd2dbb160098af0615253,2021-05,Northumbria Police,Northumbria Police,-1.544691,55.023847,On or near ELIZABETH COURT,E01008503,North Tyneside 018E,Investigation complete; no suspect identified
455b696328b71af747b9bd9c52f7d9955a322acf21d77cb4ae4622b7bc0444a5,2021-05,Northumbria Police,Northumbria Police,-1.701932,54.988541,On or near THE BURNSIDE,E01008329,Newcastle upon Tyne 015F,Investigation complete; no suspect identified
1f83194741fb445061cb2fc1e6c82ddec5d222d2a24bd700b4648198ba36c773,2021-05,Northumbria Police,Northumbria Police,-1.428372,54.882360,On or near THANET ROAD,E01008829,Sunderland 023G,Investigation complete; no suspect identified
fa11da5ec3f2746c87703487b8d464f20865a323210861ccac1240e0a1745e1c,2021-05,Northumbria Police,Northumbria Police,-1.458584,54.815729,On or near ESKDALE STREET,E01008743,Sunderland 036A,Investigation complete; no suspect identified
a19142de524cdd89032d02b94d7643588181f6c614d111248df17e301b2ac0ef,2021-05,Northumbria Police,Northumbria Police,-1.629495,54.951400,On or near A1114,E01008259,Gateshead 007D,Investigation complete; no suspect identified
88d7fa66c41ca53f052fa4105e0f147e9fdafc5c1a899fe19e06ca9e31889adc,2021-05,Northumbria Police,Northumbria Police,-1.401998,54.904511,On or near RAINTON STREET,E01008706,Sunderland 011C,Investigation complete; no suspect identified
d4c13df4fd080616c8e1a086dbbbff23cb1b47beb0e963b3e4145bb349416fa3,2021-05,Northumbria Police,Northumbria Police,-1.581538,54.932562,On or near DUDDON PLACE,E01008221,Gateshead 021C,Investigation complete; no suspect identified
2cdf18efff115d783d633fafb6dd26778a1df3123ad8d48281ef974e39ea096c,2021-05,Northumbria Police,Northumbria Police,-1.539080,54.990766,On or near HEDLEY PLACE,E01008537,North Tyneside 030D,Suspect charged
e4e12838bd121fb261d7134ef9853c96653e2bbc9a246cf510bc807e8dcc524e,2021-05,Northumbria Police,Northumbria Police,-1.443865,55.041877,On or near VICTORIA MEWS,E01008588,North Tyneside 006D,Investigation complete; no suspect identified
7f1d87db84ec6193843e606dcb77c42833139257d1567fed0a974f60843dcc6b,2021-05,Northumbria Police,Northumbria Police,-1.520346,55.033603,On or near ALGERNON DRIVE,E01032647,North Tyneside 011E,Investigation complete; no suspect identified
3bf3799afe756ad2c8fcadd374fb9d40eec78c2e8b2922db096a299dad2ba3e8,2021-05,Northumbria Police,Northumbria Police,-1.448967,54.931144,On or near KENTUCKY ROAD,E01008837,Sunderland 003B,Suspect charged
dce74125bc15a50ab928115f506677202546bbb933008b49b4300ade62c8b843,2021-05,Northumbria Police,Northumbria Police,-1.439853,54.894114,On or near PARTICK ROAD,E01008731,Sunderland 021C,Investigation complete; no suspect identified
0de1c79641079f71849b5632efb4a1d0b44787507c05d48ab2c9271d1d194d2d,2021-05,Northumbria Police,Northumbria Police,-1.448967,54.931144,On or near KENTUCKY ROAD,E01008837,Sunderland 003B,Suspect charged
0de1c79641079f71849b5632efb4a1d0b44787507c05d48ab2c9271d1d194d2d,2021-05,Northumbria Police,Northumbria Police,-1.448967,54.931144,On or near KENTUCKY ROAD,E01008837,Sunderland 003B,Suspect charged
a53e4df959c6dea675d77b106845b5916055ac4cf5c7cf2fc9fd399f5f63d764,2021-05,Northumbria Police,Northumbria Police,-1.649568,54.998754,On or near BIRNHAM PLACE,E01008379,Newcastle upon Tyne 008F,Investigation complete; no suspect identified
705435f23f04d30e5c60f209507fc968c903667a8200fab5d3ac9b9f0d27b93d,2021-05,Northumbria Police,Northumbria Police,-1.643711,54.969945,On or near DURHAM STREET,E01008333,Newcastle upon Tyne 029C,Investigation complete; no suspect identified
e05d43815070eb3bfca0168a514959fa7ed1d22e3b36c9d8714ad38e4a551a78,2021-05,Northumbria Police,Northumbria Police,-1.595683,54.966300,On or near Parking Area,E01008166,Gateshead 027C,Investigation complete; no suspect identified
11ab7d7fc4e9143e61ed0d8e72ecf6db610014e6ce014e653bca115b5be0479f,2021-05,Northumbria Police,Northumbria Police,-1.566448,54.967313,On or near CHATSWORTH GARDENS,E01008301,Newcastle upon Tyne 026A,Investigation complete; no suspect identified
4adf8b8a069b692a8e621b3f59b2760d9acc262277df0594b974e68504fd68cc,2021-05,Northumbria Police,Northumbria Police,-1.579602,54.991065,On or near WESTWOOD AVENUE,E01008364,Newcastle upon Tyne 018F,Investigation complete; no suspect identified
58dc180e1293205e89cff8ea8a7d8c0c0f885ba6cabc9febe8f3648180e10559,2021-05,Northumbria Police,Northumbria Police,-1.609377,54.968276,On or near Nightclub,E01033543,Newcastle upon Tyne 024G,Investigation complete; no suspect identified
73eb46efecd039fe94c419136da70c6b5046af8b85facc0fecb864ca78b73838,2021-05,Northumbria Police,Northumbria Police,-1.455063,54.943114,On or near RECTORY BANK,E01008615,South Tyneside 023B,Investigation complete; no suspect identified
377cc59bd0f0d6c47bc775505b45b7b3e4bf4d186a1d8b0f4125fc9ca25118f2,2021-05,Northumbria Police,Northumbria Police,-1.366549,54.889675,On or near HASTINGS TERRACE,E01008739,Sunderland 024A,Investigation complete; no suspect identified
377cc59bd0f0d6c47bc775505b45b7b3e4bf4d186a1d8b0f4125fc9ca25118f2,2021-05,Northumbria Police,Northumbria Police,-1.366549,54.889675,On or near HASTINGS TERRACE,E01008739,Sunderland 024A,Offender given a drugs possession warning
3d9529a03e09f9a8ab29145fe53f8095647804ffb5bd31c4f1c911ec2ac759e2,2021-05,Northumbria Police,Northumbria Police,-2.001887,55.769862,On or near Police Station,E01027377,Northumberland 001B,Offender given a caution
33fae5fc734caad2d108d618226e961e617f9b8a49c1d01217dcf2b03d81da32,2021-05,Northumbria Police,Northumbria Police,-1.640959,55.008749,On or near KENTON ROAD,E01008341,Newcastle upon Tyne 003F,Investigation complete; no suspect identified
649095e7519c62a26ae133bf056b5cb3bb78c9dfe2c3543f46e8f32467a7e8a3,2021-05,Northumbria Police,Northumbria Police,-1.367580,54.897471,On or near ST BARNABAS WAY,E01008738,Sunderland 016E,Investigation complete; no suspect identified
0a84d0ad055ca4aced0861b179e70d6ba35b1f8a39bdb3e7a1ef68b3a9c92754,2021-05,Northumbria Police,Northumbria Police,-1.585410,55.132635,On or near ALFRED AVENUE,E01027515,Northumberland 020A,Suspect charged
d3586ada7025ca73a851bf0945673214e0a1035bd6152dea3a9ab01d8c2c88dc,2021-05,Northumbria Police,Northumbria Police,-1.612425,54.968088,On or near CLAVERING PLACE,E01033543,Newcastle upon Tyne 024G,Suspect charged
13eb781ffe0491ba443edcb759d4fbeab469252d3c64fff782a65a663c83d172,2021-05,Northumbria Police,Northumbria Police,-1.426054,54.887562,On or near GRINDON LANE,E01008829,Sunderland 023G,Investigation complete; no suspect identified
844dca670817c804568c76584b8afc364bd4a8a2b7fe94bc558d6ee119868899,2021-05,Northumbria Police,Northumbria Police,-1.621934,54.968460,On or near WESTMORLAND ROAD,E01033545,Newcastle upon Tyne 024H,Investigation complete; no suspect identified
18aeaac44a2c31341814092b4c2152c22277b6de2559d48d992db34325124d9b,2021-05,Northumbria Police,Northumbria Police,-1.539291,54.891674,On or near CARADOC CLOSE,E01008871,Sunderland 020E,Investigation complete; no suspect identified
96048b66c6cd7b79b7abc61ed8cbf19e68f2caa276d3546fe6e08d72da0b5965,2021-05,Northumbria Police,Northumbria Police,-1.589312,54.924779,On or near ASHWOOD GARDENS,E01008190,Gateshead 023B,Investigation complete; no suspect identified
1e4f97d4bb0d54cdfc448cd231a7931522688a6ea29c7917dfdfbbb7032741f8,2021-05,Northumbria Police,Northumbria Police,-1.542858,54.953909,On or near SHIELDS ROAD,E01008244,Gateshead 003D,Investigation complete; no suspect identified
763b41f7f4305fde855449920a243885750f30f5ea5ff641a532a6f881984f19,2021-05,Northumbria Police,Northumbria Police,-1.648280,54.949353,On or near GRACE STREET,E01008211,Gateshead 013D,Investigation complete; no suspect identified
936476c2b79d7cdf7ea1fb76e9d2711ec3f1d439fe03f097d6a462ec09f4b0c1,2021-05,Northumbria Police,Northumbria Police,-1.617468,54.978232,On or near Further/Higher Educational Building,E01008397,Newcastle upon Tyne 024C,Suspect charged
6f8570156d83a56c8e4d7f562ae177ce39621da78ef2bca60f05c2e92550387e,2021-05,Northumbria Police,Northumbria Police,-1.388582,54.903788,On or near Further/Higher Educational Building,E01008831,Sunderland 013D,Investigation complete; no suspect identified
b58dc3d16b4d244612a71a1ee3c00521f57619631307b69e72799335d4cb3606,2021-05,Northumbria Police,Northumbria Police,-1.417642,54.989778,On or near SUNNINGDALE,E01008677,South Tyneside 003D,Investigation complete; no suspect identified
b87fdaa084957ffa6583c5f5eec129a7a29bdb949345b12c696008cab83c77dd,2021-05,Northumbria Police,Northumbria Police,-1.416746,54.874676,On or near SILKSWORTH LANE,E01008777,Sunderland 026C,Investigation complete; no suspect identified
49a42eed16f0a9b2717be5a09afebd1feef0dd22b9f821f9d8d7806b57f46969,2021-05,Northumbria Police,Northumbria Police,-1.471358,55.018267,On or near NETHERTON GROVE,E01008487,North Tyneside 020B,Investigation complete; no suspect identified
c7b3315d016c98ba0772a1a821fd7b63cc4f5b91768a9080786e1098ac8935e6,2021-05,Northumbria Police,Northumbria Police,-1.573280,54.978534,On or near Shopping Area,E01008392,Newcastle upon Tyne 026F,Suspect charged
a4a85893612ace73c343cd84df55f1230feeb6d25daac7e562f4d32b53edb0d0,2021-05,Northumbria Police,Northumbria Police,-1.540497,54.896729,On or near WITTON COURT,E01008867,Sunderland 020A,Investigation complete; no suspect identified
b55e33d07d657f0e43068cc644c9caef803c48ab9b62ff6638f10d16aa13b643,2021-05,Northumbria Police,Northumbria Police,-1.435660,55.034498,On or near MARDEN TERRACE,E01008496,North Tyneside 010B,Investigation complete; no suspect identified
83c0a41962013933bd4f6e181fdd293b089a27d12b846f4febbf6a49cd05a292,2021-05,Northumbria Police,Northumbria Police,-1.573280,54.978534,On or near Shopping Area,E01008392,Newcastle upon Tyne 026F,Suspect charged
83c0a41962013933bd4f6e181fdd293b089a27d12b846f4febbf6a49cd05a292,2021-05,Northumbria Police,Northumbria Police,-1.573280,54.978534,On or near Shopping Area,E01008392,Newcastle upon Tyne 026F,Suspect charged
4289d08a87be777c1a1a1b177ab9abe7ec967f594389fcc97ba7e559d4a43069,2021-05,Northumbria Police,Northumbria Police,-1.601948,54.967668,On or near Theatre/Concert Hall,E01008166,Gateshead 027C,Investigation complete; no suspect identified
cf1064480512dc30d286b32035ec707f565ff28dbbe4d7932a04015df5081185,2021-05,Northumbria Police,Northumbria Police,-1.667474,55.003477,On or near PONTELAND ROAD,E01008295,Newcastle upon Tyne 008A,Investigation complete; no suspect identified
b59c6bd83a1fc02454f2b81fb1d52372251bda2002d9d9cfff40b2348325d595,2021-05,Northumbria Police,Northumbria Police,-1.387978,54.903462,On or near ALBION PLACE,E01008831,Sunderland 013D,Investigation complete; no suspect identified
914b43fe0ff036e388db150e48aee2076dfb6257f99cb3c70d0aa3b0726c3ee7,2021-05,Northumbria Police,Northumbria Police,-1.390876,54.919167,On or near ROSS STREET,E01008709,Sunderland 005B,Investigation complete; no suspect identified
d48dc2bc10ec6a324d699696c66d0dc1fa34a0ddc667a48e36f4702b291844d2,2021-05,Northumbria Police,Northumbria Police,-1.614816,54.976112,On or near PRUDHOE PLACE,E01008397,Newcastle upon Tyne 024C,Investigation complete; no suspect identified
e02dd58d1e61c744725bd30e3b34a744ddb3e88eaf3129c61f252ac7bd96e06e,2021-05,Northumbria Police,Northumbria Police,-1.619408,54.966322,On or near Pedestrian Subway,E01033545,Newcastle upon Tyne 024H,Suspect charged
2b9f719965ebed02370d69377ea55b77b1ce9699f411504d229d36918d512e2c,2021-05,Northumbria Police,Northumbria Police,-1.404223,54.917552,On or near STONEY LANE,E01033075,Sunderland 005G,Suspect charged
aee2dfc0bd774b9f4fbb539e7f750bb2337390978a700c808bcc2858754078e4,2021-05,Northumbria Police,Northumbria Police,-1.665388,55.006167,On or near MALLOWBURN CRESCENT,E01008295,Newcastle upon Tyne 008A,Investigation complete; no suspect identified
2783c4525f4b6a97ef8aa9b4c75f0bc009a4ff0b29a71d8053abb82a53af6b99,2021-05,Northumbria Police,Northumbria Police,-1.605951,55.295474,On or near SIMONSIDE CRESCENT,E01027443,Northumberland 008A,Investigation complete; no suspect identified
08cbb90c41d666cc791b6ca3e1833ab9b9a5c6cfe5015e38bb702e01dc6aae95,2021-05,Northumbria Police,Northumbria Police,-1.563526,54.968911,On or near WILTON AVENUE,E01008389,Newcastle upon Tyne 028B,Investigation complete; no suspect identified
adf44aad97a34f1a2b72cb7b091d0c5268231cd7a0a5c9043d183f37b29bea1f,2021-05,Northumbria Police,Northumbria Police,-1.667474,55.003477,On or near PONTELAND ROAD,E01008295,Newcastle upon Tyne 008A,Investigation complete; no suspect identified
caa2e99fa71faad51a8fef86a079c8a6eb310f8c4f5002a0608b1d67da025e52,2021-05,Northumbria Police,Northumbria Police,-1.599166,54.936459,On or near ELDER GROVE,E01008239,Gateshead 020D,Investigation complete; no suspect identified
07e13fde4463144c473c13e71d985ff242b6193bd5d6437caa6d6b8d02fec860,2021-05,Northumbria Police,Northumbria Police,-1.457831,54.840546,On or near EARSDON ROAD,E01008714,Sunderland 034A,Investigation complete; no suspect identified
07e13fde4463144c473c13e71d985ff242b6193bd5d6437caa6d6b8d02fec860,2021-05,Northumbria Police,Northumbria Police,-1.457831,54.840546,On or near EARSDON ROAD,E01008714,Sunderland 034A,Investigation complete; no suspect identified
07e13fde4463144c473c13e71d985ff242b6193bd5d6437caa6d6b8d02fec860,2021-05,Northumbria Police,Northumbria Police,-1.457831,54.840546,On or near EARSDON ROAD,E01008714,Sunderland 034A,Investigation complete; no suspect identified
0ea21dbb5780a8895aa70dd5b35ec3788fafa8410546864582c9c1f92bb5e5a5,2021-05,Northumbria Police,Northumbria Police,-1.632471,54.975987,On or near HAMILTON CRESCENT,E01008399,Newcastle upon Tyne 024D,Investigation complete; no suspect identified
131c7d5b42b0001b75eb462595227c754c6b87b12eebb57ff94350034f275862,2021-05,Northumbria Police,Northumbria Police,-1.448887,55.010026,On or near BEDFORD STREET,E01008524,North Tyneside 022B,Offender given penalty notice
e710027d3bce1e6cb70a529d35ea296022dc8d0fe5836f95aad1586b2af8e144,2021-05,Northumbria Police,Northumbria Police,-1.835019,54.965520,On or near BROOMHOUSE ROAD,E01027497,Northumberland 038A,Investigation complete; no suspect identified
e193f9c6087e9e634081d274ebdfc51deb1c70d28efeb7f7273b4bfd5d98d80b,2021-05,Northumbria Police,Northumbria Police,-1.579245,54.992331,On or near A188,E01008364,Newcastle upon Tyne 018F,Offender given a caution
22b69b19bab5a9a783a691b704f0b6c6c472a267d341900b03c8c0036abc1635,2021-05,Northumbria Police,Northumbria Police,-1.514873,54.993152,On or near NORTH TERRACE,E01008571,North Tyneside 028D,Suspect charged
4476278e69778136c499637beff1f40711277d9403b7a6ed54a5f20d22f38c7a,2021-05,Northumbria Police,Northumbria Police,-1.622448,54.978598,On or near Park/Open Space,E01008395,Newcastle upon Tyne 024B,Investigation complete; no suspect identified
11a6a5836651d2b510034cc914931e66a774f235d0d5da78a77f014c5d138e46,2021-05,Northumbria Police,Northumbria Police,-1.667474,55.003477,On or near PONTELAND ROAD,E01008295,Newcastle upon Tyne 008A,Investigation complete; no suspect identified
0084b594472db1ccc6fb81f54d4db6414cbc7bf7e9c28703c7c6b48c6e74854e,2021-05,Northumbria Police,Northumbria Police,-1.544107,54.935968,On or near STAINDROP,E01008282,Gateshead 015F,Investigation complete; no suspect identified
9321e0182b5595034f59569fd8e62fbe843f10475f7c2fe5f8578f02e526cab7,2021-05,Northumbria Police,Northumbria Police,-1.401105,54.884853,On or near BARNINGHAM CLOSE,E01008785,Sunderland 022F,Offender given a caution
cf6989de7991fd37d0db14f8fc5db50746c740305563b76414ec8822960b2877,2021-05,Northumbria Police,Northumbria Police,-1.995497,55.753886,On or near EASTCLIFFE,E01027388,Northumberland 001E,Investigation complete; no suspect identified
9c85deab436fca0eab3ed26edf23217a7275c19e9184c6481697908d0afa949e,2021-05,Northumbria Police,Northumbria Police,-1.592529,54.950725,On or near DECKHAM STREET,E01008203,Gateshead 028B,Investigation complete; no suspect identified
91095e81e59543fbee3fe5a032b366c0621cc6e655863b47acbb85556bde4975,2021-05,Northumbria Police,Northumbria Police,-1.420426,55.001545,On or near Parking Area,E01008598,South Tyneside 001D,Investigation complete; no suspect identified
1c9322168e6b263d4392943e03ff3e73ab3c78536842671dbcb39a3cadcb32cb,2021-05,Northumbria Police,Northumbria Police,-1.622448,54.978598,On or near Park/Open Space,E01008395,Newcastle upon Tyne 024B,Suspect charged
a4e564e22408b6ea1a0c232a37ae66a0627b19bf1cbf8ac22967bcb7c0a0aeda,2021-05,Northumbria Police,Northumbria Police,-1.457831,54.840546,On or near EARSDON ROAD,E01008714,Sunderland 034A,Investigation complete; no suspect identified
1581fd8c8eb5e29fd7b293bf7626941172b629981c73de1c9ed56912acde1e3e,2021-05,Northumbria Police,Northumbria Police,-1.622448,54.978598,On or near Park/Open Space,E01008395,Newcastle upon Tyne 024B,Suspect charged
909a1a255191f09fb63b634a5821b243fa1341647e343729e82b4a5686c69dde,2021-05,Northumbria Police,Northumbria Police,-1.371886,54.899318,On or near SUFFOLK STREET,E01008735,Sunderland 016B,Investigation complete; no suspect identified
ab9c97d2880d68c3c1f5f70a0b68d6ddfc129cc1435260f641293d94e9bdbb42,2021-05,Northumbria Police,Northumbria Police,-1.379985,54.907070,On or near FREDERICK ROAD,E01008703,Sunderland 013B,Investigation complete; no suspect identified
382f5a497bf59e3e376b6a75f0af8c7bb75a931b333baa16466b492958b8b48f,2021-05,Northumbria Police,Northumbria Police,-1.557948,54.978983,On or near ULVERSTONE TERRACE,E01008391,Newcastle upon Tyne 026E,Investigation complete; no suspect identified
bae2ee33a573ae4d99bd52b03afc2574c950bf40e48393e0ea93b30eb7ace9f1,2021-05,Northumbria Police,Northumbria Police,-1.719025,54.980135,On or near TWEED GROVE,E01008383,Newcastle upon Tyne 021C,Investigation complete; no suspect identified
061df1eed56d968f36e8f400037a5a4c27c4e31a37c4b2b60056a225e60bc45b,2021-05,Northumbria Police,Northumbria Police,-1.712200,54.977549,On or near THE ORCHARD,E01008385,Newcastle upon Tyne 021E,Investigation complete; no suspect identified
65e153dd42ff1d1dbd01acf0db1930584b7949325c7296521d620ba5c9125b03,2021-05,Northumbria Police,Northumbria Police,-1.569205,55.221746,On or near LYNEBURN GRANGE,E01027445,Northumberland 008C,Investigation complete; no suspect identified
fc83f4b814a62b79ab00c816cef7f62db7cf9fdc0e9434c95d79ffc79c4a5f0a,2021-05,Northumbria Police,Northumbria Police,-1.628600,54.950283,On or near Parking Area,E01008259,Gateshead 007D,Investigation complete; no suspect identified
65b3869a64cd532029fd1c9e79a22a94088552ee0127437a0b0a8d8755e1091a,2021-05,Northumbria Police,Northumbria Police,-1.609932,54.993206,On or near BRENTWOOD AVENUE,E01008373,Newcastle upon Tyne 013E,Investigation complete; no suspect identified
752f9f1ef1a6043f567fd08eceb6f1d4b3092f89356a3193822d23534b19efdd,2021-05,Northumbria Police,Northumbria Police,-1.430751,54.998880,On or near Nightclub,E01008596,South Tyneside 001B,Investigation complete; no suspect identified
846903fd2cd8be2728c1a58e1fc6fee77a721453010da0124ecdd56c3ee11d8e,2021-05,Northumbria Police,Northumbria Police,-1.552718,54.970130,On or near MINDRUM TERRACE,E01008426,Newcastle upon Tyne 028C,Investigation complete; no suspect identified
aa9fbb56e1f92e6c6232a6e0575a77aa8d856d0c8e64d3002e5bec35f45860ca,2021-05,Northumbria Police,Northumbria Police,-1.381338,54.902224,On or near BURDON ROAD,E01008831,Sunderland 013D,Investigation complete; no suspect identified
029486910308fd45f16589bff9d9f3b16da8c427dcfc70515902b7da0086c0ac,2021-05,Northumbria Police,Northumbria Police,-1.381338,54.902224,On or near BURDON ROAD,E01008831,Sunderland 013D,Investigation complete; no suspect identified
4261325dd4705be234fe58df5a9f8db2401e64c76cfce3af74024919b9d9e6d3,2021-05,Northumbria Police,Northumbria Police,-1.463774,54.998275,On or near HOWDON ROAD,E01008541,North Tyneside 027C,Investigation complete; no suspect identified
53b39f6b4df2098f7c104532e15d0cfb55168b355ed8e895c04f401a08a96daf,2021-05,Northumbria Police,Northumbria Police,-1.372859,54.908983,On or near BODLEWELL LANE,E01008703,Sunderland 013B,Offender given a caution
5df9ec4975e426db5d2ca9a756010913a164deafa81ae3b81d52db40272712e5,2021-05,Northumbria Police,Northumbria Police,-1.466348,55.025722,On or near Hospital,E01008556,North Tyneside 013C,Investigation complete; no suspect identified
d798f3c3e74e1fd66098450e520112148c3b03eff37240cccb55a7a106666949,2021-05,Northumbria Police,Northumbria Police,-1.602201,55.163216,On or near SHEEPWASH BANK,E01027530,Northumberland 017A,Investigation complete; no suspect identified
2bee8e665f4a3f2ce01f2e51250989700bbf0027818a13a235521bbc6fdbcfdf,2021-05,Northumbria Police,Northumbria Police,-1.366152,54.923911,On or near ROKER TERRACE,E01008789,Sunderland 006D,Investigation complete; no suspect identified
82c0619b222fdd42a7181ed1716b81c3ffa5ab6a33fcfb250439a3b785a916b3,2021-05,Northumbria Police,Northumbria Police,-1.687266,55.009559,On or near BLUEBELL DENE,E01008459,Newcastle upon Tyne 004E,Investigation complete; no suspect identified
955e7dfddf0dc7fd7c97bb0d76018f638a108df3a6a627838ad2e0bb90b2d0fc,2021-05,Northumbria Police,Northumbria Police,-1.519591,55.033887,On or near BLACKWORTH COURT,E01032647,North Tyneside 011E,Investigation complete; no suspect identified
2d5e9765e6339cb463bfe889e2fbc76fd0c7d76d189947d5fc0bc6c176ae9502,2021-05,Northumbria Police,Northumbria Police,-1.602201,55.163216,On or near SHEEPWASH BANK,E01027530,Northumberland 017A,Investigation complete; no suspect identified
07053252adad1dc513214f657ab6f81b4e174147466790072c2ed09da7a032e9,2021-05,Northumbria Police,Northumbria Police,-1.450986,54.967386,On or near MADRAS STREET,E01008669,South Tyneside 012B,Investigation complete; no suspect identified
f82a3eeb6edeca239ca799a4956cffa04290d81fb3d4498218349c6393d2af2f,2021-05,Northumbria Police,Northumbria Police,-1.429211,54.894712,On or near Petrol Station,E01008758,Sunderland 015B,Investigation complete; no suspect identified
5ac88cc213f50983998c7916b31ee1b475d45e9e68e78aa009e80294f60aba6e,2021-05,Northumbria Police,Northumbria Police,-1.586479,55.085300,On or near Pedestrian Subway,E01027409,Northumberland 029B,Investigation complete; no suspect identified
e0ad33ea1a67821448d2f22edb7cf9519f9be5b0a34b034b3b927f6cc4d2d521,2021-05,Northumbria Police,Northumbria Police,-1.466536,55.005674,On or near BAWTRY GROVE,E01008482,North Tyneside 023B,Investigation complete; no suspect identified
43906d74ca08e802b74a3be8e505d3760df05640179138e7ebca0d7437af00f1,2021-05,Northumbria Police,Northumbria Police,-1.442716,54.989329,On or near CORNWALLIS SQUARE,E01008667,South Tyneside 002D,Investigation complete; no suspect identified
c86acb00199a2edd76c5dc9ae414636201c0fa3bf4899efb931e337b93ce4a2e,2021-05,Northumbria Police,Northumbria Police,-1.591925,54.974923,On or near Theatre/Concert Hall,E01008406,Newcastle upon Tyne 023A,Investigation complete; no suspect identified
bf795d5318b343c2ad1428c7d4e09b5d4e3935dac45a8730cfeaff0d37753d10,2021-05,Northumbria Police,Northumbria Police,-1.401707,54.904186,On or near CHESTER STREET,E01008707,Sunderland 011D,Investigation complete; no suspect identified
96b66772bca38ee35e5a7d7dec1896a2fd70444166d75f10329b9f7ca80a61ed,2021-05,Northumbria Police,Northumbria Police,-1.560994,54.950417,On or near BONDENE AVENUE,E01008216,Gateshead 012C,Investigation complete; no suspect identified
eed3df0d3df3378418053c3110b85d0e11836d68a58acfebb44d2a63a25cc8d3,2021-05,Northumbria Police,Northumbria Police,-1.429274,55.014806,On or near RODNEY CLOSE,E01008558,North Tyneside 016A,Investigation complete; no suspect identified
b0da209d3474b9cf065c6c4d8ddbc18d2b0fefab27db0c41468799e80031d3fa,2021-05,Northumbria Police,Northumbria Police,-1.383845,54.906568,On or near SOUTH STREET,E01008703,Sunderland 013B,Investigation complete; no suspect identified
331fc9e8f98598535abb86224c73b3a3439853cb82030a1ff663709fcfc250e1,2021-05,Northumbria Police,Northumbria Police,-1.568353,55.182852,On or near Supermarket,E01027528,Northumberland 010A,Investigation complete; no suspect identified
415219318f948988ae9122f0e4cf2c718bf738f27a0bd2d8bbdcefaee3cebaa5,2021-05,Northumbria Police,Northumbria Police,-1.572210,54.973381,On or near WELBECK ROAD,E01008302,Newcastle upon Tyne 026B,Investigation complete; no suspect identified
175f3630ea3140c1e34f7930d9aecb929cc118918f535bdcbb285b3ecee5e639,2021-05,Northumbria Police,Northumbria Police,-1.624266,54.967919,On or near BLANDFORD STREET,E01033545,Newcastle upon Tyne 024H,Investigation complete; no suspect identified
eeeec31c2bed3d38383c69bc253c402b90fad32a8e1f1559b5843fa2fa9c1562,2021-05,Northumbria Police,Northumbria Police,-1.706871,54.988509,On or near WESTERN AVENUE,E01008326,Newcastle upon Tyne 015C,Investigation complete; no suspect identified
1e1eb10833fc3764217dc0e69b6be1b7fb1e621cd544c504c022983baf1e82f5,2021-05,Northumbria Police,Northumbria Police,-1.397390,54.925948,On or near CLARENDON SQUARE,E01008712,Sunderland 004A,Investigation complete; no suspect identified
021aa8de8a2e6297eeaa774a17c5f23f91153274b860b79d2132c51716bcd02e,2021-05,Northumbria Police,Northumbria Police,-1.579624,54.981477,On or near CHELTENHAM TERRACE,E01008362,Newcastle upon Tyne 018E,Investigation complete; no suspect identified
78466081e005f0ed3aa329885686f6c7a6d695281930f98e98b40b157f7b348b,2021-05,Northumbria Police,Northumbria Police,-1.591078,54.987564,On or near KIMBERLEY GARDENS,E01008409,Newcastle upon Tyne 017D,Investigation complete; no suspect identified
de7409688f076dabbbc38bc124ca8f58b61ecfc423efa0341d3da30218d8edf0,2021-05,Northumbria Police,Northumbria Police,-1.488273,55.021287,On or near EWEN COURT,E01008488,North Tyneside 015A,Investigation complete; no suspect identified
554bd0dfd158bc15ef4a129101646bc5e4a3e37b9e4e8b02e48f3a582633c882,2021-05,Northumbria Police,Northumbria Police,-1.614539,54.951165,On or near RAWLING ROAD,E01008170,Gateshead 008C,Investigation complete; no suspect identified
52b27ab4d0e5d5aaad17a2003641fb0d761c7d44a5b9bbd5a866025176520a67,2021-05,Northumbria Police,Northumbria Police,-1.502254,54.959510,On or near Sports/Recreation Area,E01008645,South Tyneside 015C,Investigation complete; no suspect identified
2660a9c06a278cd8d9ce6472738ee57bc8320fabb5ba19f365b0de66ccf0968d,2021-05,Northumbria Police,Northumbria Police,-1.385155,54.906557,On or near Supermarket,E01008703,Sunderland 013B,Investigation complete; no suspect identified
ac4c06fb61bb3889333c73e271d68a25ae1a3608b7e5b52685b4d4c35a1359b3,2021-05,Northumbria Police,Northumbria Police,-1.539042,55.212084,On or near OAKLAND TERRACE,E01027451,Northumberland 008E,Investigation complete; no suspect identified
c42c5f8609db5d9b3290bb5d59b7f5bd6561d46a5de433ff3c3df380d9729f4c,2021-05,Northumbria Police,Northumbria Police,-1.371967,54.905150,On or near WEST LAWRENCE STREET,E01008836,Sunderland 016F,Offender given a caution
187ddfcc9e4ddbe152837d3566cadb1f623dcb0b64309876eddca70c72fcdae3,2021-05,Northumbria Police,Northumbria Police,-1.481931,54.955112,On or near KINGS MEADOW,E01008628,South Tyneside 020B,Investigation complete; no suspect identified
e7e9234cae01a561564a6b3b7d686905ebaedd8e16ebbef367036fcf4fb46101,2021-05,Northumbria Police,Northumbria Police,-1.447441,55.042433,On or near Supermarket,E01008585,North Tyneside 006B,Investigation complete; no suspect identified
c036d37b3d013c0914f603b90dc680ada47304abbb74be180a4a31396fb6d56c,2021-05,Northumbria Police,Northumbria Police,-1.374616,54.916397,On or near ZETLAND STREET,E01008791,Sunderland 006F,Investigation complete; no suspect identified
0c25e0e2653441abf5431b8fa42c29c4041cca2b89e9ab39e1eb575f28d02fe1,2021-05,Northumbria Police,Northumbria Police,-1.718462,54.995806,On or near FRENTON CLOSE,E01008447,Newcastle upon Tyne 031F,Investigation complete; no suspect identified
33912fce01d31b851f651983dcb67b2ee028c91495ba0c43ae7b626ad2399751,2021-05,Northumbria Police,Northumbria Police,-1.581568,55.079999,On or near ANTON PLACE,E01027411,Northumberland 029C,Investigation complete; no suspect identified
e1edf420ae30416081749b5cf84508606754a03ac1ca8e3f74b8c33cf62bd8b2,2021-05,Northumbria Police,Northumbria Police,-1.444866,55.028330,On or near HARTINGTON ROAD,E01008493,North Tyneside 013A,Investigation complete; no suspect identified
f524a312a929a41b974931fa163894856ea9a634f6693b61779fea722c3c36e3,2021-05,Northumbria Police,Northumbria Police,-1.503848,54.964522,On or near SUFFOLK ROAD,E01008645,South Tyneside 015C,Investigation complete; no suspect identified
4d2faefd5399191cdb7542c6fceb0db46466f90e762005af312664538ffba92b,2021-05,Northumbria Police,Northumbria Police,-1.389337,54.936305,On or near CUMBRIAN AVENUE,E01008724,Sunderland 001C,Investigation complete; no suspect identified
8860989760aac79f909591a704455e052fad3d5b3379d10261b4f52c477ca014,2021-05,Northumbria Police,Northumbria Police,-1.508675,55.126886,On or near HAVELOCK STREET,E01027415,Northumberland 023B,Suspect charged
ba75b0ebf0730d40d5dca1527e77fa468d7bea40facca90771983b6eb07bed36,2021-05,Northumbria Police,Northumbria Police,-1.585320,55.089798,On or near NEEDHAM PLACE,E01027404,Northumberland 028E,Investigation complete; no suspect identified
0fa3e65700563ce0d559a38dc58d8101b492abaeffa4d3535adb763311d36c5d,2021-05,Northumbria Police,Northumbria Police,-1.397134,54.973332,On or near CARDEN AVENUE,E01008625,South Tyneside 013C,Investigation complete; no suspect identified
862bf65c4c411a35e6c9226d16224bda85b4662b2b0b30b78387c05c19108a82,2021-05,Northumbria Police,Northumbria Police,-1.509416,55.186691,On or near MOOR CROFT,E01027541,Northumberland 009A,Investigation complete; no suspect identified
6cfea3cf39feebe92f385ed44b228afea072fc576f9985494164f168f81a3e2f,2021-05,Northumbria Police,Northumbria Police,-1.690652,54.992189,On or near DARDEN LOUGH,E01008327,Newcastle upon Tyne 015D,Investigation complete; no suspect identified
f120ac4f72fa7ce4a477bba94b4abe536ecba99ed3eaf86a13d7941c70c66eb4,2021-05,Northumbria Police,Northumbria Police,-1.407314,54.915276,On or near CROWN ROAD,E01008820,Sunderland 005F,Investigation complete; no suspect identified
1e7030206b54c7b9fe48671d22b8bbc2d5245e0dbe5c1f7e797f763f8958eaf9,2021-05,Northumbria Police,Northumbria Police,-1.381547,54.905936,On or near FAWCETT STREET,E01008703,Sunderland 013B,Investigation complete; no suspect identified
156b4781e9e2e1f82b0dfc209e2e444f67139018355b1953cc023a08b19dac6f,2021-05,Northumbria Police,Northumbria Police,-1.565755,55.181998,On or near FIRST AVENUE,E01027528,Northumberland 010A,Investigation complete; no suspect identified
a3d6464885e5aa3d07a3a9f5a9743a19d31a26c0d04b69db13f3384f569d7323,2021-05,Northumbria Police,Northumbria Police,-1.450198,55.012530,On or near WATERLOO PLACE,E01008529,North Tyneside 022D,Investigation complete; no suspect identified
10276269def7a31755970927e8446fedf7ee2eb7a8059e6705de509162a65619,2021-05,Northumbria Police,Northumbria Police,-1.596295,55.011206,On or near WEST FARM WYND,E01008513,North Tyneside 019C,Investigation complete; no suspect identified
cb578827dc36ae9088796dfcb94b21ef7599cc9e86017e66f85596c0491de353,2021-05,Northumbria Police,Northumbria Police,-1.667937,54.992875,On or near CARWARDING PLACE,E01008297,Newcastle upon Tyne 011B,Investigation complete; no suspect identified
f0825dc284623a862d04ea4a6237d2ade0de7f138c52dd93e1f4f962bba8a957,2021-05,Northumbria Police,Northumbria Police,-1.370327,54.916285,On or near Petrol Station,E01008791,Sunderland 006F,Investigation complete; no suspect identified
c5093487c5e4cf0bfc7e094a8b2ac198b108431293c362b220fdb7f1908e56bb,2021-05,Northumbria Police,Northumbria Police,-1.531309,54.950756,On or near RANNOCH CLOSE,E01008286,Gateshead 014C,Investigation complete; no suspect identified
ea5d8798f88011f2432cdee4f7ab252ddd14f84c06daffc74368ca310cb5fdf8,2021-05,Northumbria Police,Northumbria Police,-1.502254,54.959510,On or near Sports/Recreation Area,E01008645,South Tyneside 015C,Investigation complete; no suspect identified
bd73de0c0c45de20fb49afc440867ca07ce187225573aa46fa29036701da677a,2021-05,Northumbria Police,Northumbria Police,-2.012331,55.781820,On or near Supermarket,E01027378,Northumberland 002A,Investigation complete; no suspect identified
2b7b06c6b2538984fb0548665ddb5893755cb7578e61240e9a5a77b14a31906f,2021-05,Northumbria Police,Northumbria Police,-1.753132,54.998145,On or near FINCHALE GARDENS,E01008405,Newcastle upon Tyne 014F,Investigation complete; no suspect identified
ed2a8dc3b7401048801e7d8840dc50ade10ca1506157a72132cf2c1a62a30fa3,2021-05,Northumbria Police,Northumbria Police,-1.511953,54.963243,On or near DERWENT AVENUE,E01008644,South Tyneside 015B,Investigation complete; no suspect identified
9715ba6a367f29052854cb17e89287f3902d9a356849279b5f101ac7bbc47240,2021-05,Northumbria Police,Northumbria Police,-1.394941,54.909239,On or near TRIMDON STREET,E01008700,Sunderland 013A,Suspect charged
9715ba6a367f29052854cb17e89287f3902d9a356849279b5f101ac7bbc47240,2021-05,Northumbria Police,Northumbria Police,-1.394941,54.909239,On or near TRIMDON STREET,E01008700,Sunderland 013A,Suspect charged
874e8ec222db674ca20fef5c60aec14dfa78f57f2988ad0fccd16b967da47015,2021-05,Northumbria Police,Northumbria Police,-1.444027,54.884239,On or near NORTH FARM AVENUE,E01008734,Sunderland 021F,Investigation complete; no suspect identified
788d828e3655f35df4bdce354e3b8ca33cc1552d810737502c56070e181d2918,2021-05,Northumbria Police,Northumbria Police,-1.585819,54.941275,On or near SOUTHWAY,E01008201,Gateshead 011B,Suspect charged
788d828e3655f35df4bdce354e3b8ca33cc1552d810737502c56070e181d2918,2021-05,Northumbria Police,Northumbria Police,-1.585819,54.941275,On or near SOUTHWAY,E01008201,Gateshead 011B,Investigation complete; no suspect identified
788d828e3655f35df4bdce354e3b8ca33cc1552d810737502c56070e181d2918,2021-05,Northumbria Police,Northumbria Police,-1.585819,54.941275,On or near SOUTHWAY,E01008201,Gateshead 011B,Suspect charged
cc44289b9f41447fff454082d121a655c201b89c9d5b78fec84074d8473d4081,2021-05,Northumbria Police,Northumbria Police,-1.519190,55.115794,On or near NEWLANDS PLACE,E01027430,Northumberland 024E,Investigation complete; no suspect identified
8a9420d2deb03fc9321ce94d47f73daee4b613145b68bc54d264efefe3c0a02f,2021-05,Northumbria Police,Northumbria Police,-1.632471,54.975987,On or near HAMILTON CRESCENT,E01008399,Newcastle upon Tyne 024D,Suspect charged
c8e61f4ca1dd21e1f9fe2c2be1e5ba6bcc3cf7f84b5f2926a24ffbb72c045a04,2021-05,Northumbria Police,Northumbria Police,-1.632471,54.975987,On or near HAMILTON CRESCENT,E01008399,Newcastle upon Tyne 024D,Suspect charged
c8e61f4ca1dd21e1f9fe2c2be1e5ba6bcc3cf7f84b5f2926a24ffbb72c045a04,2021-05,Northumbria Police,Northumbria Police,-1.632471,54.975987,On or near HAMILTON CRESCENT,E01008399,Newcastle upon Tyne 024D,Suspect charged
700025fe5d546af3c140f74fd49ddb2d9fe89b97b9de328a46ffd05617c13f49,2021-05,Northumbria Police,Northumbria Police,-1.450986,54.967386,On or near MADRAS STREET,E01008669,South Tyneside 012B,Suspect charged
29c1ec941fc5bd7de35beab9a7d18cb499bafd27e108a9399faa2fdd99c56088,2021-05,Northumbria Police,Northumbria Police,-1.371886,54.899318,On or near SUFFOLK STREET,E01008735,Sunderland 016B,Investigation complete; no suspect identified
3f4beebec0088d1e700ba96e0d20446c83973b1b5e136d69544929a410a4ceb3,2021-05,Northumbria Police,Northumbria Police,-1.813327,54.921133,On or near MONUMENT COURT,E01008186,Gateshead 024B,Investigation complete; no suspect identified
6a21931d61cf9827d74fe7f0fca649d1dd48b9d937304deac0a6f65a627afc5e,2021-05,Northumbria Police,Northumbria Police,-1.587341,54.922176,On or near IVANHOE VIEW,E01008190,Gateshead 023B,Investigation complete; no suspect identified
ef98269ff34e2b5b2ff6aa1bbe9eb4d61082277b8016733a0e0546dc70e30dde,2021-05,Northumbria Police,Northumbria Police,-1.395887,54.984613,On or near CRASTER AVENUE,E01008651,South Tyneside 004D,Suspect charged
c29c8720f44b8453372ae6d841df1298c1d72035dba5c2567952b28a545d8ab5,2021-05,Northumbria Police,Northumbria Police,-1.545963,55.174207,On or near ROCHESTER CLOSE,E01033716,Northumberland 013F,Investigation complete; no suspect identified
cecb6bc2c5f33f35eabf7bf9521aef1a9d62f613a978c1a16c65b4c5a2acaecb,2021-05,Northumbria Police,Northumbria Police,-1.601369,54.991480,On or near QUEEN'S TERRACE,E01008368,Newcastle upon Tyne 017B,Investigation complete; no suspect identified
cecb6bc2c5f33f35eabf7bf9521aef1a9d62f613a978c1a16c65b4c5a2acaecb,2021-05,Northumbria Police,Northumbria Police,-1.601369,54.991480,On or near QUEEN'S TERRACE,E01008368,Newcastle upon Tyne 017B,Suspect charged
cecb6bc2c5f33f35eabf7bf9521aef1a9d62f613a978c1a16c65b4c5a2acaecb,2021-05,Northumbria Police,Northumbria Police,-1.601369,54.991480,On or near QUEEN'S TERRACE,E01008368,Newcastle upon Tyne 017B,Suspect charged
74b48353a088231e85f77350be11cf8c57cb1c0126065d1c97974b7fffaa7de2,2021-05,Northumbria Police,Northumbria Police,-1.421022,54.876431,On or near PICCADILLY,E01008776,Sunderland 026B,Suspect charged
a23bcc4e91496a090ebdca68cd2fcd4d7eb8ada10935b35ede82a1366689d546,2021-05,Northumbria Police,Northumbria Police,-1.458927,54.926219,On or near BALTIMORE SQUARE,E01008698,Sunderland 003A,Investigation complete; no suspect identified
beebfb678c2798557975384dc545ab555bf79b2f2f9375439db73260ea7f5e96,2021-05,Northumbria Police,Northumbria Police,-1.362447,54.962848,On or near SHEARWATER,E01008685,South Tyneside 018C,Offender given a caution
68caf4e90f18fd15ed8f2e2945a527aaaf32d3e3f8e9680df5ba5e205eced7f4,2021-05,Northumbria Police,Northumbria Police,-1.488647,54.964774,On or near NORHAM TERRACE,E01008662,South Tyneside 017D,Investigation complete; no suspect identified
bbbb5a5b6dda6d6a933a5c25c7e7994760fe351349bc265dc8f6ea1eb36d03e1,2021-05,Northumbria Police,Northumbria Police,-1.614472,54.971249,On or near BIGG MARKET,E01033543,Newcastle upon Tyne 024G,Suspect charged
b10a3dd47a6dc67ea8be675ccdfa5b4d4e613e90a7f2985518c9d0ee0a4c4c3b,2021-05,Northumbria Police,Northumbria Police,-1.585309,55.001437,On or near PATTERDALE GARDENS,E01008322,Newcastle upon Tyne 007E,Investigation complete; no suspect identified
cc10d36ce3b37151be609486a44a713758273ea746acbde66c5b3d4b382400c3,2021-05,Northumbria Police,Northumbria Police,-1.541180,54.986074,On or near EASTFIELD AVENUE,E01008436,Newcastle upon Tyne 020F,Investigation complete; no suspect identified
0db69446c31b3067ae1c7111cb3e8b726a4d2e338cf9c77c9e6450c4ce79ee95,2021-05,Northumbria Police,Northumbria Police,-1.613117,54.956193,On or near BENSHAM ROAD,E01008170,Gateshead 008C,Investigation complete; no suspect identified
0db69446c31b3067ae1c7111cb3e8b726a4d2e338cf9c77c9e6450c4ce79ee95,2021-05,Northumbria Police,Northumbria Police,-1.613117,54.956193,On or near BENSHAM ROAD,E01008170,Gateshead 008C,Offender given a caution
e832733f51a752ada05c78ae55aba51553f403d72b65479091a7f262474b79a3,2021-05,Northumbria Police,Northumbria Police,-1.558806,54.966306,On or near SANDY CRESCENT,E01008390,Newcastle upon Tyne 030A,Offender given a caution
96ef1557c2261749a46a3d59891bb53973a9658da55e3ba0c562b40a2a44f313,2021-05,Northumbria Police,Northumbria Police,-1.809059,54.919724,On or near TAY STREET,E01008186,Gateshead 024B,Investigation complete; no suspect identified
9f0064683a9dc51d686d1c3f88176e1742dec06ef764ef052b9a8ad32c2155b0,2021-05,Northumbria Police,Northumbria Police,-1.499273,55.002039,On or near WINDSOR CLOSE,E01008508,North Tyneside 026A,Investigation complete; no suspect identified
83c8663de0c135b65d97e8414d16691983edac0e5e03884aa92c34d91ae1e926,2021-05,Northumbria Police,Northumbria Police,-1.369255,54.899053,On or near NOBLE STREET,E01008736,Sunderland 016C,Suspect charged
fb19ad855bb7453a64dab0aaca4c313aae313b8018ebd4680e6a2ea4b164fbd9,2021-05,Northumbria Police,Northumbria Police,-1.626652,54.951481,On or near WOOLER CRESCENT,E01008259,Gateshead 007D,Investigation complete; no suspect identified
cca14ad98b82b09ea50cd85ad5bccb2aa872ea0b36bd6618151ab3fb84c361a3,2021-05,Northumbria Police,Northumbria Police,-1.492900,55.017739,On or near ALDER ROAD,E01008491,North Tyneside 015D,Offender given a drugs possession warning
cca14ad98b82b09ea50cd85ad5bccb2aa872ea0b36bd6618151ab3fb84c361a3,2021-05,Northumbria Police,Northumbria Police,-1.492900,55.017739,On or near ALDER ROAD,E01008491,North Tyneside 015D,Investigation complete; no suspect identified
86f605859e38223051f8c5f423bb4f456fa1935c73c6b7dadedca0dab5aade34,2021-05,Northumbria Police,Northumbria Police,-1.557787,55.185420,On or near WOODHORN ROAD,E01027539,Northumberland 010C,Investigation complete; no suspect identified
292b1b8b533db54988866716a72ed42a3f3de27f79652faae300ec0528c6b5b2,2021-05,Northumbria Police,Northumbria Police,-1.442320,54.889282,On or near GREENWOOD ROAD,E01008733,Sunderland 021E,Suspect charged
7bd59c827d0083634a14996bcfdd9a7e53f7a763cc7853a578e66123ac5d5baa,2021-05,Northumbria Police,Northumbria Police,-1.531831,55.126088,On or near DENE VIEW DRIVE,E01027423,Northumberland 024C,Suspect charged
7bd59c827d0083634a14996bcfdd9a7e53f7a763cc7853a578e66123ac5d5baa,2021-05,Northumbria Police,Northumbria Police,-1.531831,55.126088,On or near DENE VIEW DRIVE,E01027423,Northumberland 024C,Suspect charged
d53aa54d41c13e31d12521bbb2712df30ba3b3002b835bc503aa6b4f4ee87eec,2021-05,Northumbria Police,Northumbria Police,-1.641536,54.975627,On or near CROSSLEY TERRACE,E01008449,Newcastle upon Tyne 022D,Investigation complete; no suspect identified
028fd2ffa8bd4db859cb413846bac8814c880dd5d54e281efa187b3a7fdb80ca,2021-05,Northumbria Police,Northumbria Police,-1.457710,55.002769,On or near MINTON COURT,E01008545,North Tyneside 027E,Investigation complete; no suspect identified
60956e0f5512d0705818cabfeb8aa98a919d4d42ab4df3351ebce3a70d7d66e1,2021-05,Northumbria Police,Northumbria Police,-1.526231,54.993547,On or near DURHAM STREET,E01008573,North Tyneside 029B,Investigation complete; no suspect identified
e03e4773f78544ae2f01b3a40fcba6fe38e80b0626dad9851a3f71768c952ce6,2021-05,Northumbria Police,Northumbria Police,-1.694259,55.007007,On or near BEDEBURN ROAD,E01008460,Newcastle upon Tyne 004F,Investigation complete; no suspect identified
6549a5bfd00e465c39ec9d90baea2aaa9d6b5c293f5167d198fc7d19e54a3d2e,2021-05,Northumbria Police,Northumbria Police,-1.639880,54.975640,On or near STANHOPE STREET,E01033556,Newcastle upon Tyne 022H,Investigation complete; no suspect identified
0e26658a1cc5e927c69d5f0507249f9d6c8595b68053b61badb410d1dec15da6,2021-05,Northumbria Police,Northumbria Police,-1.555680,54.950892,On or near Parking Area,E01008215,Gateshead 003B,Investigation complete; no suspect identified
0e26658a1cc5e927c69d5f0507249f9d6c8595b68053b61badb410d1dec15da6,2021-05,Northumbria Police,Northumbria Police,-1.555680,54.950892,On or near Parking Area,E01008215,Gateshead 003B,Investigation complete; no suspect identified
ec3397683350b1a5ec79b12a5ebd8c9119e84d2c7733262730afac8d1eca2cdf,2021-05,Northumbria Police,Northumbria Police,-1.451877,55.005250,On or near VICARAGE STREET,E01008544,North Tyneside 027D,Investigation complete; no suspect identified
0889bcc744606d54982b9ad0796d9eeb3ee75bf4c90375c8a3de2f9915cb5cd7,2021-05,Northumbria Police,Northumbria Police,-1.554497,55.126945,On or near Supermarket,E01027425,Northumberland 025A,Investigation complete; no suspect identified
49825d3b30e2f448ca19e0e704b8b86cef36ae793b935356e70834b0c6b16fec,2021-05,Northumbria Police,Northumbria Police,-1.571742,55.183098,On or near Shopping Area,E01027529,Northumberland 010B,Investigation complete; no suspect identified
aa3fff4616131f2ea600b9f5e540a528cc7312c8d1b6f660e0fc1bf3e94efa4b,2021-05,Northumbria Police,Northumbria Police,-1.587334,54.954841,On or near HOWE STREET,E01008164,Gateshead 027B,Investigation complete; no suspect identified
992cf4693ab6af0e1f5b85996192cada375e706c3079be710d4597cb8635d668,2021-05,Northumbria Police,Northumbria Police,-1.644416,54.973209,On or near LYNNWOOD AVENUE,E01008333,Newcastle upon Tyne 029C,Investigation complete; no suspect identified
47bd57e20cfe74beee9243130a300ebba291f112c79cbaf8e64a41ee7136a8ae,2021-05,Northumbria Police,Northumbria Police,-1.609455,54.971583,On or near Pedestrian Subway,E01033543,Newcastle upon Tyne 024G,Investigation complete; no suspect identified
6366d9785fc4ff609942f3786cbb26249a95c749ce33584869165afc285611ff,2021-05,Northumbria Police,Northumbria Police,-1.617664,54.977334,On or near ST THOMAS' SQUARE,E01008395,Newcastle upon Tyne 024B,Investigation complete; no suspect identified
b0ec24bf85cf98609ea5c74501945ac104e4f26d9c33aee474782c67846b32fb,2021-05,Northumbria Police,Northumbria Police,-1.491362,54.953911,On or near DURHAM DRIVE,E01008629,South Tyneside 020C,Investigation complete; no suspect identified
8cd90b2d2435ec5c059bc21124f0315aa3d6ed3cc2ac534c4cf52ee645d6d102,2021-05,Northumbria Police,Northumbria Police,-1.524424,54.991716,On or near MYRTLE GROVE,E01008572,North Tyneside 029A,Investigation complete; no suspect identified
b920753ed11e1b12de0df8f836c940482e5699546540e2ce0b5b21f35667eadf,2021-05,Northumbria Police,Northumbria Police,-1.583539,55.333319,On or near CHURCH STREET,E01027361,Northumberland 006A,Investigation complete; no suspect identified
9223e67196dc342bca5d03b1ad63bb2fe94223351b0f854a3692eb1bf6537587,2021-05,Northumbria Police,Northumbria Police,-1.526581,55.023607,On or near CARLISLE CLOSE,E01008501,North Tyneside 018D,Investigation complete; no suspect identified
f405e23de52850e93bf2471ede1c4ce2d58e905452c07398c3d61e57b6fcd97f,2021-05,Northumbria Police,Northumbria Police,-1.684305,54.924551,On or near CALDER WALK,E01008273,Gateshead 019F,Investigation complete; no suspect identified
edd965f73b0378b8f61e21282cab5396c9c350b05bb49ad734bee5aa4d74e68f,2021-05,Northumbria Police,Northumbria Police,-1.371755,54.908744,On or near Pedestrian Subway,E01008703,Sunderland 013B,Investigation complete; no suspect identified
bd15d623fbcabcf38e788ce01062102b14b48e139c79a84c5741b497a54533e5,2021-05,Northumbria Police,Northumbria Police,-1.700939,55.161970,On or near MAYFIELD,E01027455,Northumberland 018A,Investigation complete; no suspect identified
3490ba90f14a8ab2991e0b9a18bd96e4eb1cc4de17657171575dfd3d617e4f21,2021-05,Northumbria Police,Northumbria Police,-1.371755,54.908744,On or near Pedestrian Subway,E01008703,Sunderland 013B,Investigation complete; no suspect identified
51836f0dc456fb077bc9d1727a293112c87aa0d60d5fa9145512157728e0fd60,2021-05,Northumbria Police,Northumbria Police,-1.479542,54.843787,On or near LARCH AVENUE,E01008754,Sunderland 034F,Investigation complete; no suspect identified
5ca34f6ed94256fee07e2ada50be0e85ace2a2e78e2f4c4e89d2ba3ef5410295,2021-05,Northumbria Police,Northumbria Police,-1.428664,55.023655,On or near PARKSIDE,E01008562,North Tyneside 016D,Local resolution
33c0880065fea0bf71619363f59fd5ffebcb54777b7acc7619b269af72852e45,2021-05,Northumbria Police,Northumbria Police,-1.574140,55.092186,On or near KIRKBRIDE PLACE,E01027399,Northumberland 028D,Investigation complete; no suspect identified
1a5f89aa3c61f59d635fc837c452fe3b364382366c1ce7030a7b1bf479efe98c,2021-05,Northumbria Police,Northumbria Police,-1.507556,55.007429,On or near COAST ROAD,E01008461,North Tyneside 021A,Investigation complete; no suspect identified
02a7f140faeed7eefe806f482aaeac0c3a970e3c49b9f1ec9979211ccc489a8b,2021-05,Northumbria Police,Northumbria Police,-1.421651,54.945710,On or near GLENCOURSE,E01008620,South Tyneside 023D,Investigation complete; no suspect identified
8113d8a33b768694cf5b984d5eccf2ed9db6d8137641de024a323a6e96a0d71c,2021-05,Northumbria Police,Northumbria Police,-1.587885,54.994167,On or near Further/Higher Educational Building,E01008315,Newcastle upon Tyne 012B,Investigation complete; no suspect identified
517258c406b2617e62945b80bcd3367578d6e993ef837ca1925a8f68023056b0,2021-05,Northumbria Police,Northumbria Police,-1.449232,54.960872,On or near PRIESTLEY COURT,E01008606,South Tyneside 016C,Investigation complete; no suspect identified
11c92bcadf2b4ee406a949971236c4c2088bf2caf93a34f1000dc6ec1e824adf,2021-05,Northumbria Police,Northumbria Police,-1.421651,54.945710,On or near GLENCOURSE,E01008620,South Tyneside 023D,Investigation complete; no suspect identified
2519457efa7e21cb0b40c2725a9cb8f20fa7cdc3aa77f41945da847c8d9064cc,2021-05,Northumbria Police,Northumbria Police,-1.449232,54.960872,On or near PRIESTLEY COURT,E01008606,South Tyneside 016C,Investigation complete; no suspect identified
2c27b718c330df07aa730e1a255cf48361d734bbca5f096cbe11da80fe360623,2021-05,Northumbria Police,Northumbria Police,-1.514473,54.899306,On or near Sports/Recreation Area,E01008845,Sunderland 017A,Investigation complete; no suspect identified
badeece6bf228d30ef518161d7ad94b0b91192818d0f139d648290bd4da28384,2021-05,Northumbria Police,Northumbria Police,-1.610635,54.967427,On or near Parking Area,E01033545,Newcastle upon Tyne 024H,Investigation complete; no suspect identified
36fa57ce6091212b8bb47d05f98a4efa4d338b3a90bc60b4eaf3ff79ebcde054,2021-05,Northumbria Police,Northumbria Police,-1.432569,54.974104,On or near WESTCOTT ROAD,E01008592,South Tyneside 011C,Investigation complete; no suspect identified
05cf349a90235ced817f03e5a4096b4b4c2dd348f958f99615061a29eedb8b28,2021-05,Northumbria Police,Northumbria Police,-1.579602,54.991065,On or near WESTWOOD AVENUE,E01008364,Newcastle upon Tyne 018F,Suspect charged
d1fe67552464f3ea234653b15938bb9af92b906c4b92fb5e80d851e64d558a79,2021-05,Northumbria Police,Northumbria Police,-1.392253,54.902306,On or near Pedestrian Subway,E01008831,Sunderland 013D,Investigation complete; no suspect identified
478874f004c1e472ac8f1ed1e8d114a3a72cbb85a813973fb39835f04309188e,2021-05,Northumbria Police,Northumbria Police,-1.837297,54.970061,On or near REGENTS DRIVE,E01027497,Northumberland 038A,Investigation complete; no suspect identified
9a78feae3927f8ee6c3dac8a81a513ecfdef56627b288b53f327aba9311e23ef,2021-05,Northumbria Police,Northumbria Police,-1.431131,54.988575,On or near CHICHESTER ROAD,E01008664,South Tyneside 002A,Investigation complete; no suspect identified
20d60394389c2a0eeee8db7e0958f340c7258ecb5d8df347e7004bb3ffd35348,2021-05,Northumbria Police,Northumbria Police,-1.580911,54.974957,On or near BRINKBURN CLOSE,E01008304,Newcastle upon Tyne 026C,Investigation complete; no suspect identified
94ad503090671f2b7f33e666b786ee42f7d5e6a5c4a518458f18f5dd336a1103,2021-05,Northumbria Police,Northumbria Police,-1.679481,54.942574,On or near Parking Area,E01008267,Gateshead 017A,Investigation complete; no suspect identified
464630319b343642d3e9b26a9425868b7b7f8393852378205dd91595c9e81d67,2021-05,Northumbria Police,Northumbria Police,-1.428664,55.023655,On or near PARKSIDE,E01008562,North Tyneside 016D,Investigation complete; no suspect identified
6a772ddee03406e1204644de085475024fbcfc1484afcf277905331680452435,2021-05,Northumbria Police,Northumbria Police,-1.512735,55.129607,On or near MERTON SQUARE,E01027416,Northumberland 022C,Suspect charged
6a772ddee03406e1204644de085475024fbcfc1484afcf277905331680452435,2021-05,Northumbria Police,Northumbria Police,-1.512735,55.129607,On or near MERTON SQUARE,E01027416,Northumberland 022C,Suspect charged
6a772ddee03406e1204644de085475024fbcfc1484afcf277905331680452435,2021-05,Northumbria Police,Northumbria Police,-1.512735,55.129607,On or near MERTON SQUARE,E01027416,Northumberland 022C,Suspect charged
71f8529ba03a275b8ea636b0e443a98d3b6a54a8deb04172356603c3541c2424,2021-05,Northumbria Police,Northumbria Police,-1.708558,55.410679,On or near LISBURN STREET,E01033717,Northumberland 005E,Investigation complete; no suspect identified
a3f809a73c91b80c10975317bc5701679312d6d4ba9bd053fb74391c28fdaf9c,2021-05,Northumbria Police,Northumbria Police,-1.617120,54.978617,On or near EDWARD'S WALK,E01008397,Newcastle upon Tyne 024C,Investigation complete; no suspect identified
2e4e54ac7441cad067a1cc5a613adaa4ed79126140a067de196d9d2d0f233861,2021-05,Northumbria Police,Northumbria Police,-1.601775,54.982055,On or near HUTTON TERRACE,E01008407,Newcastle upon Tyne 023B,Investigation complete; no suspect identified
b7b62af8245f4cedb1cf8d2f61465028b8583acd57c7da26bc2d2bfd5fec4aae,2021-05,Northumbria Police,Northumbria Police,-1.461834,55.054449,On or near CLAREMONT CRESCENT,E01008549,North Tyneside 001C,Investigation complete; no suspect identified
0fbdae004600ef3814b562bb32dc67e1b601c2c55c66964ee20a13c52fc40ea9,2021-05,Northumbria Police,Northumbria Police,-1.548354,55.182106,On or near FALDO DRIVE,E01027549,Northumberland 013E,Investigation complete; no suspect identified
ccbc8c5dad3f0907ff2afecb10ecc20b2155a5e687e1add2ee29e79dcc1274c2,2021-05,Northumbria Police,Northumbria Police,-1.470889,55.017034,On or near SHERINGHAM AVENUE,E01008487,North Tyneside 020B,Investigation complete; no suspect identified
99fdeb2ec43252fa363e8c818a6aa89d32358656b64663e849cb2ba3288abcc8,2021-05,Northumbria Police,Northumbria Police,-1.535798,54.889037,On or near PENDLE CLOSE,E01008871,Sunderland 020E,Investigation complete; no suspect identified
6412cfe4c2e4dea019dfcc3007ed57835d71c90df48c32291c23da7a7069bb3b,2021-05,Northumbria Police,Northumbria Police,-1.701603,54.980219,On or near MOORWAY DRIVE,E01008386,Newcastle upon Tyne 021F,Investigation complete; no suspect identified
02316ed7564da530a0b001a05185f6b4ef47b55629f60e62bb63afb48f934d5d,2021-05,Northumbria Police,Northumbria Police,-1.655340,54.974562,On or near Parking Area,E01008334,Newcastle upon Tyne 029D,Investigation complete; no suspect identified
639e8a75f927847bf0f829c7cbd7f4e6c913145e13ea4e2413f06fe0e22c2e37,2021-05,Northumbria Police,Northumbria Police,-1.370327,54.916285,On or near Petrol Station,E01008791,Sunderland 006F,Investigation complete; no suspect identified
8a764a9696f7055b06824bd171e09139627743eafb30b9fb2a50f57acd1e7288,2021-05,Northumbria Police,Northumbria Police,-1.656971,54.968276,On or near MARYHILL CLOSE,E01008291,Newcastle upon Tyne 027D,Investigation complete; no suspect identified
e196dae95b463b02a26b3a1918fdf082f7daf5b6311efc8da7eaf655d61924bd,2021-05,Northumbria Police,Northumbria Police,-1.612650,55.009632,On or near CAMBO CLOSE,E01008354,Newcastle upon Tyne 005B,Investigation complete; no suspect identified
e71fb811fb3392feba965ec7ed74fef3d2e40ca81453bcaf108b000de5d35e05,2021-05,Northumbria Police,Northumbria Police,-1.433693,54.978612,On or near WEST WAY,E01008591,South Tyneside 011B,Investigation complete; no suspect identified
7e1770d0867db3923bc4bcc18750303587c21fb4daecb816ac445f0d714421f4,2021-05,Northumbria Police,Northumbria Police,-1.447484,55.008618,On or near Supermarket,E01008524,North Tyneside 022B,Investigation complete; no suspect identified
4fca21d6b6528e6d1adba1a5453d61d178980a1c4b2cf1be5d1c1539db0f5215,2021-05,Northumbria Police,Northumbria Police,-1.573578,54.971050,On or near ST PETER'S ROAD,E01008305,Newcastle upon Tyne 026D,Suspect charged
64f5b85307bb6933033da9ea23a4a84cd0159837178682ab7db907d3347d414f,2021-05,Northumbria Police,Northumbria Police,-1.394631,54.900763,On or near ELMWOOD STREET,E01008831,Sunderland 013D,Investigation complete; no suspect identified
195607f4b49bfd232157663d73ad77b6e73240f955b1dd3f4d6529d564346b19,2021-05,Northumbria Police,Northumbria Police,-1.389024,54.907511,On or near LIVINGSTONE ROAD,E01008703,Sunderland 013B,Investigation complete; no suspect identified
12fb76524b3f0c1708907176513d76d8d5ba4adf5b095b2e16539903cc6a6067,2021-05,Northumbria Police,Northumbria Police,-1.384684,54.905782,On or near Parking Area,E01008703,Sunderland 013B,Investigation complete; no suspect identified
0d8e7ca6a9d69fe7265357497ed7cbc858b509096f33ea914209d74f6cc0859d,2021-05,Northumbria Police,Northumbria Police,-1.433693,54.978612,On or near WEST WAY,E01008591,South Tyneside 011B,Investigation complete; no suspect identified
9b0888bd3c7b5aaf7af1a68f2a4ff56454e08002052fdfdd9c597140535d953e,2021-05,Northumbria Police,Northumbria Police,-1.627195,54.957018,On or near AUTUMN DRIVE,E01008258,Gateshead 007C,Investigation complete; no suspect identified
fa929bdb1781e33f40a6bb6ee62b579b490a6c3dea500e4044765d56559bde47,2021-05,Northumbria Police,Northumbria Police,-1.519591,55.033887,On or near BLACKWORTH COURT,E01032647,North Tyneside 011E,Investigation complete; no suspect identified
74fbb37e48399481dd327f1048d4922041add4d56ea638564432e7e0c295ffc6,2021-05,Northumbria Police,Northumbria Police,-1.571115,55.178612,On or near CHILLINGHAM CRESCENT,E01027527,Northumberland 012D,Investigation complete; no suspect identified
391c69130eb8dbf5a71fe3710bb9fb7482e0f37aff9d8aeef1101d697eb13c3c,2021-05,Northumbria Police,Northumbria Police,-1.591141,54.947521,On or near KITCHENER STREET,E01008204,Gateshead 011D,Investigation complete; no suspect identified
9e53210c29e47bbadc4e140af702fc508c0d886cebc5ef20e0e28b7a426795a3,2021-05,Northumbria Police,Northumbria Police,-1.445033,55.010583,On or near NORTHUMBERLAND SQUARE,E01008524,North Tyneside 022B,Investigation complete; no suspect identified
c3677adc01eb712c133ef59bb108583b49c3045619d8131ed571d01d2e51cb4e,2021-05,Northumbria Police,Northumbria Police,-1.458456,54.917141,On or near CALAIS ROAD,E01008695,Sunderland 008C,Investigation complete; no suspect identified
cdc2915a661ae78e710da60f5104325c0cbe215abc3922ac88fdba609bd075c3,2021-05,Northumbria Police,Northumbria Police,-1.573578,54.971050,On or near ST PETER'S ROAD,E01008305,Newcastle upon Tyne 026D,Suspect charged
bce313803a33c0c7100974ca51a50a9c5f1f343cc44f2d044e3248e61531bd6b,2021-05,Northumbria Police,Northumbria Police,-1.690095,55.167901,On or near Shopping Area,E01027453,Northumberland 016B,Investigation complete; no suspect identified
4a8eacfdcf0da4a474835fc976c3116aead1674648df77ee3007238c24548b9c,2021-05,Northumbria Police,Northumbria Police,-1.429397,54.984100,On or near ALBANY STREET WEST,E01008683,South Tyneside 005D,Investigation complete; no suspect identified
7a4b5f0ef148cdfcfaa612add3e1e050b2841261c1c103adf8b46056c64d55f3,2021-05,Northumbria Police,Northumbria Police,-1.647561,54.967306,On or near WEST VIEW,E01008291,Newcastle upon Tyne 027D,Investigation complete; no suspect identified
6cb92e8f123aa0c053a62ec1d512fedd63d3e438fad4c73d1073b2b394e12f89,2021-05,Northumbria Police,Northumbria Police,-1.370495,54.893514,On or near FULLER ROAD,E01008737,Sunderland 016D,Investigation complete; no suspect identified
63094d6982b5a3ab94155953e7faf70dd351c7e1e33b6322dd02482a9c48f0b8,2021-05,Northumbria Police,Northumbria Police,-1.393240,54.897890,On or near THORNHOLME ROAD,E01008835,Sunderland 022G,Investigation complete; no suspect identified
876612af6863c7ab3bc5645290350baee8b39769c73cf9b8bd72c0a55fce1d3a,2021-05,Northumbria Police,Northumbria Police,-1.538470,55.020706,On or near Petrol Station,E01008501,North Tyneside 018D,Investigation complete; no suspect identified
7b8aca2e014cdaf1d5c444808f323d53f23d4833448e5c98610cf7212fa7be78,2021-05,Northumbria Police,Northumbria Police,-1.646926,54.968427,On or near WOODBINE CLOSE,E01008437,Newcastle upon Tyne 029F,Suspect charged
ac9397174a029bc74ddd218721db9a5a8d59e33c6ad8a752e242a2275f556dc4,2021-05,Northumbria Police,Northumbria Police,-1.530571,54.992683,On or near CORONATION STREET,E01008573,North Tyneside 029B,Investigation complete; no suspect identified
f40bfbfb4aad1af5791838ba9cc05180606e0d1538a77b923f0ca323f49b5dd5,2021-05,Northumbria Police,Northumbria Police,-1.617020,54.997407,On or near GREAT NORTH ROAD,E01008423,Newcastle upon Tyne 006G,Investigation complete; no suspect identified
a793b61f5845120cf5c7014ce10e25b19c83f6e210b602add325599982a82fa0,2021-05,Northumbria Police,Northumbria Police,-1.570046,55.013623,On or near ST MARGARGETS AVENUE,E01008473,North Tyneside 018C,Investigation complete; no suspect identified
8c814f5ff758bc9696b059145855251c447c6f37f6f0600660e57adbbf09945d,2021-05,Northumbria Police,Northumbria Police,-1.683096,54.973271,On or near MUSWELL HILL,E01033547,Newcastle upon Tyne 025E,Investigation complete; no suspect identified
1dd12ffdd3136ae4cbf2dd54cc9fdd70da69cfb492aaacb43a2e9dd042a7a6c6,2021-05,Northumbria Police,Northumbria Police,-1.427528,54.889168,On or near SIMONSIDE ROAD,E01008825,Sunderland 023C,Investigation complete; no suspect identified
8398ca247a464667b2168bc56277fd3f91555e4586446614629d06a3f2a20fe3,2021-05,Northumbria Police,Northumbria Police,-1.500394,55.045186,On or near CHURCH VIEW,E01008564,North Tyneside 007B,Investigation complete; no suspect identified
b6f2407f41df42798332137d7c29bd05191e1be7ed40e6527d7282921c380e97,2021-05,Northumbria Police,Northumbria Police,-1.438325,55.041915,On or near HELENA AVENUE,E01008587,North Tyneside 006C,Investigation complete; no suspect identified
a09dc2bbb918d071edd1ec7bf9ba83b4843f71f24a37578a683a2d6987304ce0,2021-05,Northumbria Police,Northumbria Police,-1.546828,54.899458,On or near PEMBRIDGE,E01008869,Sunderland 020C,Investigation complete; no suspect identified
73f21f53dc6389d24b93e1d8f1346a07d6ce1cea2d4eeb2c87ea1e3a9cef344f,2021-05,Northumbria Police,Northumbria Police,-1.542791,54.940609,On or near WHINBROOKE,E01008281,Gateshead 015E,Investigation complete; no suspect identified
31ef92979b7991ad9c1d1d9ec0145227af1dfa6ef169ba93d2ee0a0350ecf207,2021-05,Northumbria Police,Northumbria Police,-1.508279,55.127172,On or near BRIDGE STREET,E01027415,Northumberland 023B,Suspect charged
5d0d188c98f616198da410f41313f3b9a1c49993c026ee7ac587b2a95b4f59f9,2021-05,Northumbria Police,Northumbria Police,-1.500394,55.045186,On or near CHURCH VIEW,E01008564,North Tyneside 007B,Investigation complete; no suspect identified
79bb4948d674aaff6dac8e5791650da9d0db6549f9fe9889fb60228ee873327d,2021-05,Northumbria Police,Northumbria Police,-1.588870,54.917616,On or near Sports/Recreation Area,E01008224,Gateshead 025C,Investigation complete; no suspect identified
733b13fbeac8c04d37cb553e7483d9a6cc14fdf2ca57bc13c39e2fd52fecffac,2021-05,Northumbria Police,Northumbria Police,-1.506226,54.969231,On or near CONISTON AVENUE,E01008656,South Tyneside 015E,Investigation complete; no suspect identified
747cb6207108370dba2bd4c634909dbf5ffa90d3695c191adee0ca22f0d085b1,2021-05,Northumbria Police,Northumbria Police,-1.622699,54.951802,On or near HAZEL ROAD,E01008259,Gateshead 007D,Investigation complete; no suspect identified
ae70ba6625c2efee00f9cb6a95b5ae806a1093dabd0ea78d39546d9241a88035,2021-05,Northumbria Police,Northumbria Police,-1.620742,55.000546,On or near THE POPLARS,E01008420,Newcastle upon Tyne 005D,Investigation complete; no suspect identified
ed85dd03940237941c2de1700893f4b6ab651dabd0a12901f973f727c2a2ce72,2021-05,Northumbria Police,Northumbria Police,-1.554117,55.025760,On or near GREAT LIME ROAD,E01008500,North Tyneside 012A,Investigation complete; no suspect identified
eea84b5473e10a9970e66888b8baafdb2d5efecff53074dbfc82656fde706434,2021-05,Northumbria Police,Northumbria Police,-1.462715,54.927701,On or near BALTIMORE AVENUE,E01008840,Sunderland 003E,Investigation complete; no suspect identified
2178cc44496f7ed235462e074a602f816e76370d00dad394665d9aae5ea208b8,2021-05,Northumbria Police,Northumbria Police,-1.655340,54.974562,On or near Parking Area,E01008334,Newcastle upon Tyne 029D,Investigation complete; no suspect identified
a8df50564205c4b8be43443f9bc8d46a523924b36bb35cdd0c90ee0108696807,2021-05,Northumbria Police,Northumbria Police,-1.766314,54.975841,On or near CYPRESS GROVE,E01008250,Gateshead 001E,Investigation complete; no suspect identified
b34ea51ff4b0d1da65ece682ea555252bd5efb1b098978b439e85ab82c07ee38,2021-05,Northumbria Police,Northumbria Police,-1.367788,54.874233,On or near RIDLEY AVENUE,E01008764,Sunderland 028B,Investigation complete; no suspect identified
7b5062e5546cad42d7b14cea7cdc9e3188043cf025d2dde701541494c6e81af8,2021-05,Northumbria Police,Northumbria Police,-1.663683,55.013738,On or near Shopping Area,E01008295,Newcastle upon Tyne 008A,Investigation complete; no suspect identified
34b436d0a3b69faa4e044d7accc7b27cb3702895963a7d4df144121564451dc0,2021-05,Northumbria Police,Northumbria Police,-1.741909,55.051778,On or near THE CLOGGS,E01027465,Northumberland 033B,Investigation complete; no suspect identified
890af143d9c9c1e39fa6ceebfaaa82c167aa07df021b42395f7c3a1cc31b49fc,2021-05,Northumbria Police,Northumbria Police,-1.466536,55.005674,On or near BAWTRY GROVE,E01008482,North Tyneside 023B,Investigation complete; no suspect identified
f640c6598f930fd907c37c9739ccb08bc0b711b273db2139ac06aca326839df4,2021-05,Northumbria Police,Northumbria Police,-1.569607,54.974280,On or near GILLIES STREET,E01008302,Newcastle upon Tyne 026B,Investigation complete; no suspect identified
0d8fd22950fe871469e1e9ed3a8e7c551374efaa63b8653bc2ce55a92e51081f,2021-05,Northumbria Police,Northumbria Police,-1.461006,54.948110,On or near NORTH ROAD,E01008613,South Tyneside 021D,Investigation complete; no suspect identified
67ea9eda755ffb8f1b377f75aa3b7cd1216cbd8a5f8e9b16f27038ee2b81db3c,2021-05,Northumbria Police,Northumbria Police,-1.578352,54.973097,On or near RABY STREET,E01008305,Newcastle upon Tyne 026D,Suspect charged
515c6c52763cdb4cc5c75dea001015aa037146f8886a071f5488ca0534d791b7,2021-05,Northumbria Police,Northumbria Police,-1.578352,54.973097,On or near RABY STREET,E01008305,Newcastle upon Tyne 026D,Suspect charged
2e1e229698a5f661c6d90dbf058050dadedfe27ec05d29ae5fdf18bc2bb893dc,2021-05,Northumbria Police,Northumbria Police,-1.561197,55.176689,On or near FIFTH AVENUE,E01027545,Northumberland 010D,Investigation complete; no suspect identified
27fe736e4275875e05faaa759e3b3495da7eb847154588d6386403f4289e183b,2021-05,Northumbria Police,Northumbria Police,-1.500379,55.036353,On or near MILFIELD AVENUE,E01008567,North Tyneside 007D,Investigation complete; no suspect identified
b709f3ee5849bb751b12428e4271cc3ef61a9a2bba01caa9f4810a1240755ca5,2021-05,Northumbria Police,Northumbria Police,-1.388264,54.914454,On or near Sports/Recreation Area,E01008711,Sunderland 005D,Investigation complete; no suspect identified
446a69e7d47e2d69dbedf4b53c7e614a89d52e007d35f266e0f98622a78387d4,2021-05,Northumbria Police,Northumbria Police,-1.709384,54.962886,On or near GEORGE STREET,E01008177,Gateshead 005A,Investigation complete; no suspect identified
91904079e0ebbba0e21cadf94f3f8dc4a594a5e2451ec5dcdcb5bca0af194692,2021-05,Northumbria Police,Northumbria Police,-1.674011,54.974299,On or near BENWELL LANE,E01033547,Newcastle upon Tyne 025E,Investigation complete; no suspect identified
7df7e2fd23d4e7c650db6f780a7e628cf976de135b9e129efa26dec348d2ea00,2021-05,Northumbria Police,Northumbria Police,-1.658674,54.990342,On or near Sports/Recreation Area,E01008300,Newcastle upon Tyne 016A,Investigation complete; no suspect identified
f1f8578ceac52e504950aeff9eb44bd54653ddf4d4deb6a395cad09ead58705c,2021-05,Northumbria Police,Northumbria Police,-1.673317,54.990463,On or near BARCLAY PLACE,E01008299,Newcastle upon Tyne 011D,Investigation complete; no suspect identified
eb91cb9a136d698fbfc71992e175aa08dda6c8c0ea8ae2cc21fc20eeb091d672,2021-05,Northumbria Police,Northumbria Police,-1.442320,54.889282,On or near GREENWOOD ROAD,E01008733,Sunderland 021E,Investigation complete; no suspect identified
8cd4ff0105d822236e1a2714155ab83a1eda60e757d11aca7062c44f78f79916,2021-05,Northumbria Police,Northumbria Police,-1.590902,55.015600,On or near CURLEW CLOSE,E01008514,North Tyneside 019D,Investigation complete; no suspect identified
6be69a8a2cd1335cb509a4e89d04db71894f005d7535b529be89d39ad54b14ff,2021-05,Northumbria Police,Northumbria Police,-1.629670,54.976562,On or near JEFFERSON PLACE,E01008395,Newcastle upon Tyne 024B,Investigation complete; no suspect identified
d54a71c9b7b7f1eaacee6ac4ec4edc04c731e094c3ef7d0ec3690fbe65bc9e31,2021-05,Northumbria Police,Northumbria Police,-1.494119,54.869837,On or near BURNHAM CLOSE,E01008801,Sunderland 030E,Investigation complete; no suspect identified
c63bce0228915e4166670b204f846d8511b9721f46c55e6f5177eae88dd7afad,2021-05,Northumbria Police,Northumbria Police,-1.537470,54.990760,On or near Parking Area,E01008537,North Tyneside 030D,Investigation complete; no suspect identified
97c169630a4432f2f427cd65b5a3afb3ac8656257811ba73d13c4529ecb25834,2021-05,Northumbria Police,Northumbria Police,-1.585145,54.955130,On or near JOHN STREET,E01008164,Gateshead 027B,Investigation complete; no suspect identified
8d9b1ad0e68770aa853aee508312d1085b64c33aad59b1a5ddc7448dd5aac60e,2021-05,Northumbria Police,Northumbria Police,-1.626901,54.954951,On or near UPTON STREET,E01008258,Gateshead 007C,Investigation complete; no suspect identified
addf3fabbb94a13f31ae3d2ace390c0ba67da0c94131500bc45c55916b5a07cb,2021-05,Northumbria Police,Northumbria Police,-1.473729,54.845352,On or near HALLIWELL STREET,E01008754,Sunderland 034F,Investigation complete; no suspect identified
c31d83a58d06be2bde1a14b541040b2f478a8be42124c7b0c1896a53ff18a619,2021-05,Northumbria Police,Northumbria Police,-1.546916,54.991550,On or near RUTLAND ROAD,E01008434,Newcastle upon Tyne 020D,Investigation complete; no suspect identified
8681d749afcfd0fe1bdb440258dadcbf9ddb10336d0d25847e6ab395c7dd90ee,2021-05,Northumbria Police,Northumbria Police,-1.578438,54.954433,On or near Parking Area,E01008164,Gateshead 027B,Investigation complete; no suspect identified
f25dee6c58ada4fd58fb2bedc9ef042721fe05fb71e6ef7187372e93842dc1d0,2021-05,Northumbria Police,Northumbria Police,-1.520254,55.131623,On or near LIMES AVENUE,E01027416,Northumberland 022C,Investigation complete; no suspect identified
aed45c896c22607d84a15af393e47b8c05db89f8c42b7edae4e088aa0cae6283,2021-05,Northumbria Police,Northumbria Police,-1.555840,55.025587,On or near THE WYND,E01008500,North Tyneside 012A,Investigation complete; no suspect identified
5af7840fe77c368a4fae2bab89b2d35512fa3610ef76a44e759dc11262df01bd,2021-05,Northumbria Police,Northumbria Police,-1.371237,54.937004,On or near Petrol Station,E01008723,Sunderland 002A,Investigation complete; no suspect identified
a523adff981c17834bb819ada1c52b42dff5f64ac18ae0b8dea6fd8b79e435c5,2021-05,Northumbria Police,Northumbria Police,-1.412910,54.886618,On or near PREMIER ROAD,E01008826,Sunderland 023D,Investigation complete; no suspect identified
dad21df3d7da1d122f79e5d4f29801b229081259ca329934ae5f1e609a79f136,2021-05,Northumbria Police,Northumbria Police,-1.718508,55.410621,On or near SYCAMORE AVENUE,E01027359,Northumberland 005B,Investigation complete; no suspect identified
736ed8f11aa81766d29f2cfe95d63299364fc03132d905e831198c2e4b4296b4,2021-05,Northumbria Police,Northumbria Police,-1.602452,55.006832,On or near A191,E01008424,Newcastle upon Tyne 005F,Investigation complete; no suspect identified
0bd12d17dba24e1182779d9787bfa82a0601495cb0acdbb048d2c1df718e30e1,2021-05,Northumbria Police,Northumbria Police,-1.471687,55.034857,On or near CAMBO AVENUE,E01008552,North Tyneside 009A,Investigation complete; no suspect identified
41a3c7b2641e197a84d4c069913cd141efafbfe13dd96f12585de02e56681001,2021-05,Northumbria Police,Northumbria Police,-1.664657,55.002014,On or near KENTON LANE,E01008295,Newcastle upon Tyne 008A,Investigation complete; no suspect identified
6043c04ef9f2bf6e41d7f39016551e52ed41b2280160e62247f3ff988178d872,2021-05,Northumbria Police,Northumbria Police,-1.447902,55.018019,On or near RATHMORE GARDENS,E01008527,North Tyneside 017B,Investigation complete; no suspect identified
404dbc2a11cd284737a0bd8fb8d52248969ee2cc4e45f58f39f00d530e1864e1,2021-05,Northumbria Police,Northumbria Police,-1.473061,54.845179,On or near STATION ROAD,E01008754,Sunderland 034F,Investigation complete; no suspect identified
0c53545aea2bfec07c57621d4ab83cee6051c0a00a84d299cf360a27998684cf,2021-05,Northumbria Police,Northumbria Police,-1.397295,54.902025,On or near WESTERN HILL,E01008830,Sunderland 018B,Investigation complete; no suspect identified
36073dc85b2986275ee39382dc18e29ce6ecee10f6d2e7830cd5d90fd47d1faa,2021-05,Northumbria Police,Northumbria Police,-1.370327,54.916285,On or near Petrol Station,E01008791,Sunderland 006F,Investigation complete; no suspect identified
1901e10312616666fc2b679f169acc120a4c02552ace945be57ecfd044f19d32,2021-05,Northumbria Police,Northumbria Police,-1.685742,55.152488,On or near SOUTHGATE MEWS,E01027458,Northumberland 018C,Investigation complete; no suspect identified
1349706f3af3a95cef7e6870eae9746a62beb92dc1a3e8d76a56f1193bf37579,2021-05,Northumbria Police,Northumbria Police,-1.438027,55.030815,On or near SEACREST AVENUE,E01008495,North Tyneside 010A,Investigation complete; no suspect identified
6ea2bf15e8c0c96931bc4462e8b24c542e8032b7b8ca7eed38f3794134e6054c,2021-05,Northumbria Police,Northumbria Police,-1.449707,55.047260,On or near MARINE AVENUE,E01008586,North Tyneside 009E,Investigation complete; no suspect identified
de8731c00a39fdb7c9d2558f8dc3876027d6ce63eb9334afbf67276b93c1f05a,2021-05,Northumbria Police,Northumbria Police,-1.550094,55.171230,On or near ANCROFT PLACE,E01027532,Northumberland 014A,Investigation complete; no suspect identified
a65ef75a17a7fde5eefb60566552ea1a5009595c51560098c12423043e89d20d,2021-05,Northumbria Police,Northumbria Police,-1.431640,54.982421,On or near SHREWSBURY TERRACE,E01008683,South Tyneside 005D,Investigation complete; no suspect identified
01716d57312a6d8e7bf1c9ab8ee307f892b36dce25a4d762f52bc2aa74ad6df8,2021-05,Northumbria Police,Northumbria Police,-1.526231,54.993547,On or near DURHAM STREET,E01008573,North Tyneside 029B,Investigation complete; no suspect identified
2a83f6b54d4b6d1c7fee33953837b30dc2a2223794a0f163836a369efe782dfd,2021-05,Northumbria Police,Northumbria Police,-1.763002,54.975906,On or near IVY AVENUE,E01008250,Gateshead 001E,Investigation complete; no suspect identified
e30c568c934790839f429d6bc23ac3812fac4402bcd7fb6b7d2ae503ea33102a,2021-05,Northumbria Police,Northumbria Police,-1.575346,54.960389,On or near Sports/Recreation Area,E01008214,Gateshead 003A,Investigation complete; no suspect identified
d1d01cf139c8ff0d1abd8cece2bf79eb75025d3042b8b80940b0a14dc7257143,2021-05,Northumbria Police,Northumbria Police,-1.449628,55.014199,On or near PRESTON ROAD,E01008528,North Tyneside 022C,Investigation complete; no suspect identified
c221a9c9aeb6c86323554e0b765dc816f3f6c6b013f5b216c76b564af7fa374e,2021-05,Northumbria Police,Northumbria Police,-1.449628,55.014199,On or near PRESTON ROAD,E01008528,North Tyneside 022C,Investigation complete; no suspect identified
744706d8e253cd3cb816408fefd640703ce8fac9d3f94d66b794e4be77b81aae,2021-05,Northumbria Police,Northumbria Police,-1.407221,54.877011,On or near ESSEX GROVE,E01008803,Sunderland 027A,Investigation complete; no suspect identified
8863c1038331d7eefbc12cc9f0723ed4173b59bb1fb64ff89f372fd7c998f5c4,2021-05,Northumbria Police,Northumbria Police,-1.665922,54.981412,On or near Supermarket,E01008346,Newcastle upon Tyne 019D,Investigation complete; no suspect identified
f11d2d5e8d8a688f18c806f6b60ba227dec8675fc90cddf17c7f421ef0bc6428,2021-05,Northumbria Police,Northumbria Police,-1.413450,54.971794,On or near PRINCE EDWARD ROAD,E01008681,South Tyneside 006D,Investigation complete; no suspect identified
f1b6587ccf06c53c61abba803da97057bd713b182486593a667297606c3c8529,2021-05,Northumbria Police,Northumbria Police,-1.593611,54.973500,On or near ST ANN'S CLOSE,E01033548,Newcastle upon Tyne 023G,Investigation complete; no suspect identified
e835c6187dd0b24185fd70c534f31e625df8afcfba429b9a0bce02aa387cc6df,2021-05,Northumbria Police,Northumbria Police,-1.637121,54.974886,On or near LONGLEY STREET,E01008398,Newcastle upon Tyne 022C,Investigation complete; no suspect identified
122516f54357e01d1807aa672a25bf9dca2a802c718fe7d12fc81364da15e519,2021-05,Northumbria Police,Northumbria Police,-1.448624,54.943661,On or near HALL GARDENS,E01008615,South Tyneside 023B,Investigation complete; no suspect identified
9a2756d6ae4e51348fc685bdc3543d397571fc66eaa0eb694f3b7e3b140a3026,2021-05,Northumbria Police,Northumbria Police,-1.480848,54.953121,On or near WESTFIELD,E01008630,South Tyneside 020D,Investigation complete; no suspect identified
5bc739f8fa37767847fd75bdb3556d67c49f079ef7dc8a2bd65fc061b0190319,2021-05,Northumbria Police,Northumbria Police,-1.616027,54.945823,On or near FONTWELL DRIVE,E01008259,Gateshead 007D,Investigation complete; no suspect identified
ea046cfca0d91085172f585e6db2e647776ea5b76d99cf14ec956a10cfa1fcc3,2021-05,Northumbria Police,Northumbria Police,-1.439682,54.995138,On or near MILL DAM,E01008667,South Tyneside 002D,Investigation complete; no suspect identified
9828f872697b9388bfe649a1ba396128cbe780e63104792171945b575b3cd1dc,2021-05,Northumbria Police,Northumbria Police,-1.414166,54.985942,On or near GROSVENOR DRIVE,E01008674,South Tyneside 006C,Investigation complete; no suspect identified
df3da3221fd6577be6b11d9b47ca8b1061d77922746aacf3dda15f747f187baa,2021-05,Northumbria Police,Northumbria Police,-1.443547,54.969931,On or near BLUEBELL WAY,E01008593,South Tyneside 016A,Investigation complete; no suspect identified
f2a73d763bcd0897a156e952a4d0eb9f2b681f5892a9644018204615f3f681b5,2021-05,Northumbria Police,Northumbria Police,-1.575252,55.035963,On or near GRASMERE COURT,E01008477,North Tyneside 008C,Investigation complete; no suspect identified
17a49d03e4c9749d3b376829a703f5b8e5a27e7da9e7be4677b0dc82fc7e04c7,2021-05,Northumbria Police,Northumbria Police,-1.612740,54.974308,On or near Shopping Area,E01008397,Newcastle upon Tyne 024C,Investigation complete; no suspect identified
a069f0b591c0c214bcd63caf2cbf51144888bf38b3b38b298a2d5ea9ad55803a,2021-05,Northumbria Police,Northumbria Police,-1.435882,54.985236,On or near BERTRAM STREET,E01008664,South Tyneside 002A,Investigation complete; no suspect identified
247afc0a63efacbd7af7b4659f306fbe54be12f7637de56a3496ac9755d5eadd,2021-05,Northumbria Police,Northumbria Police,-1.548675,54.937809,On or near RENNINGTON,E01008282,Gateshead 015F,Investigation complete; no suspect identified
f6e566282fa602b58932e0470dd71556f7f056593b3c43bad82630be8d3bd7e2,2021-05,Northumbria Police,Northumbria Police,-1.456954,55.024018,On or near Supermarket,E01008557,North Tyneside 013D,Investigation complete; no suspect identified
0db687c9074a7cfdf824514b626a27360f99fe64bd848bcc8134525ed6711f1d,2021-05,Northumbria Police,Northumbria Police,-1.716498,54.977335,On or near LORAINE TERRACE,E01008385,Newcastle upon Tyne 021E,Investigation complete; no suspect identified
607154edd609ec5c2243d7658871e59f47bb2c4e5e6b4d10aae2a0fa91e4cdc9,2021-05,Northumbria Police,Northumbria Police,-1.568545,55.003418,On or near WOODCHURCH CLOSE,E01008319,Newcastle upon Tyne 007B,Investigation complete; no suspect identified
b987cd7e53c61fbcc5b2c781bd3ca2a7c15b04c0f71c99f52066f2f39d464d34,2021-05,Northumbria Police,Northumbria Police,-1.458335,55.015604,On or near HAWTHORN GARDENS,E01008528,North Tyneside 022C,Investigation complete; no suspect identified
6bea17e0fb4bf26d380f12af8c0136af5d76d54270405008175633efda0f4e0a,2021-05,Northumbria Police,Northumbria Police,-1.436138,54.998159,On or near Shopping Area,E01008667,South Tyneside 002D,Investigation complete; no suspect identified
ddbeaacc99cab923de846962b957139627b9acf23bda29b8bc3fbb2b8bcfdcaa,2021-05,Northumbria Police,Northumbria Police,-1.438577,54.925327,On or near RAVENSCOURT ROAD,E01008839,Sunderland 003D,Investigation complete; no suspect identified
7345f2669d0a777a16f9ac07334e98fe8c8168050d6eadb2e3e11662189ebfa4,2021-05,Northumbria Police,Northumbria Police,-1.373086,54.897365,On or near ATHOL TERRACE,E01008735,Sunderland 016B,Investigation complete; no suspect identified
d039b56a3abaacd88d9f51e994c04f4a7cd4d9394c892d84d9388827bb964df7,2021-05,Northumbria Police,Northumbria Police,-1.416998,55.002940,On or near Theme/Adventure Park,E01008597,South Tyneside 001C,Investigation complete; no suspect identified
d90a019f49408b6927444f62365d68207c20ee4f6b013614c94d8f7808fdcaa5,2021-05,Northumbria Police,Northumbria Police,-1.551853,55.174013,On or near SIMONBURN LANE,E01027533,Northumberland 013A,Investigation complete; no suspect identified
6565777260ab75a1abcf92cdfbce4244b640cb558c2ab5d84b63e3498be4e190,2021-05,Northumbria Police,Northumbria Police,-1.717992,54.980321,On or near KIELDER ROAD,E01008383,Newcastle upon Tyne 021C,Investigation complete; no suspect identified
b7502ff59fd9e81cb69d09ee3254d57fedf05af38dda031adb2e9e6a5b79c602,2021-05,Northumbria Police,Northumbria Police,-1.374125,54.892715,On or near CUBA STREET,E01008740,Sunderland 022A,Investigation complete; no suspect identified
8f834109a3391efc42805d024446fa22f611f4bd362272d46c6ffb63fbb35526,2021-05,Northumbria Police,Northumbria Police,-1.548799,55.173283,On or near CANTERBURY CLOSE,E01027533,Northumberland 013A,Investigation complete; no suspect identified
60cc9c61b9daf7d1e0a50a585031e8f49de01696e57754a09f5f12761ae0ec7d,2021-05,Northumbria Police,Northumbria Police,-1.380244,54.905453,On or near ATHENAEUM STREET,E01008703,Sunderland 013B,Investigation complete; no suspect identified
186599133b7a72f65906a83017ee1b62fb1a9a2ecade2cd79e09ff436c2deea9,2021-05,Northumbria Police,Northumbria Police,-1.582169,54.922931,On or near WAVERLEY ROAD,E01008217,Gateshead 023E,Investigation complete; no suspect identified
d1262236bf1ac6df15ab999cf4c6fdf3a0b8baf026cc1f20b557db488cd26100,2021-05,Northumbria Police,Northumbria Police,-1.663083,54.971573,On or near BENWELL LANE,E01008334,Newcastle upon Tyne 029D,Investigation complete; no suspect identified
e33173908e3584ece9db9894291d4475db76b8a37ce396c60672450195555f15,2021-05,Northumbria Police,Northumbria Police,-1.579552,54.935979,On or near BLUEBELL CLOSE,E01008219,Gateshead 016A,Investigation complete; no suspect identified
826acef14a393b43ba6a304f1dd7de59d74358b48949f235462bcd5df92a6fac,2021-05,Northumbria Police,Northumbria Police,-1.479117,54.822352,On or near QUARRY HOUSE LANE,E01008747,Sunderland 035D,Investigation complete; no suspect identified
058e8b8b16f303481e0e554c80f0221ad201a42b7c2d1ab4c8a11161b2aa9919,2021-05,Northumbria Police,Northumbria Police,-1.430802,54.988591,On or near SHAKESPEARE STREET,E01008664,South Tyneside 002A,Investigation complete; no suspect identified
e0a009edabbb3a180b3e8dc5b8b70bfaa8936f0935f182950f54883bd2be4eb4,2021-05,Northumbria Police,Northumbria Police,-1.489644,54.958811,On or near HAUGHTON CRESCENT,E01008632,South Tyneside 017B,Investigation complete; no suspect identified
fa6ae7dcb18d839397c11671cc5d14e5c44178dfec808fdf108afcf9d9f3f3b8,2021-05,Northumbria Police,Northumbria Police,-1.379228,54.905592,On or near FREDERICK STREET,E01008703,Sunderland 013B,Investigation complete; no suspect identified
5e085e1d61d86e09aa4726911b741bc572c4d590d4496850efc8b3c4d5ab61e0,2021-05,Northumbria Police,Northumbria Police,-1.413450,54.971794,On or near PRINCE EDWARD ROAD,E01008681,South Tyneside 006D,Investigation complete; no suspect identified
0be555078e3d2de2cc3713c226e93af35ef3f4fef65d32d971c645b20207f96d,2021-05,Northumbria Police,Northumbria Police,-1.429274,55.014806,On or near RODNEY CLOSE,E01008558,North Tyneside 016A,Investigation complete; no suspect identified
fbe374cf88f91008580a9dd727bf35a4cbecf512743b3f189449df23802a3feb,2021-05,Northumbria Police,Northumbria Police,-1.625316,54.928948,On or near DUKESWAY COURT,E01008259,Gateshead 007D,Investigation complete; no suspect identified
a0b7119d0a345efaabab4521b663219632e7d124eab4f355eace1eb48e88563f,2021-05,Northumbria Police,Northumbria Police,-1.497619,54.864001,On or near HUNTER STREET,E01008793,Sunderland 030A,Investigation complete; no suspect identified
fea0d99d3e32898b6145e8175a22227463b8f71ab885692b68057b63a0545ec9,2021-05,Northumbria Police,Northumbria Police,-1.533164,54.955085,On or near WOODGATE GARDENS,E01008243,Gateshead 003C,Investigation complete; no suspect identified
a18d1a0e0d99d24b3df1be5c913b09bd326986a35f2bf06aa2640e8f50199276,2021-05,Northumbria Police,Northumbria Police,-1.606228,54.954895,On or near BEWICK ROAD,E01008169,Gateshead 008B,Investigation complete; no suspect identified
55ca38f74a80cd25b83349dc5d4415ea09a983fe39ae233e59afa8fc03db30aa,2021-05,Northumbria Police,Northumbria Police,-1.641060,54.972930,On or near Supermarket,E01008331,Newcastle upon Tyne 029A,Investigation complete; no suspect identified
e3f18db5e07d134a5604c0b4afa0c9f9dece1a5c9238dfbb2a0a6e50c60e90fe,2021-05,Northumbria Police,Northumbria Police,-1.574079,55.074294,On or near WEETWOOD ROAD,E01027394,Northumberland 031A,Suspect charged
bd7b0727f511d5c00a2fcb5c7feae36ec35cc90e4ecaf9ec665f749dbf7eac51,2021-05,Northumbria Police,Northumbria Police,-1.576639,54.971123,On or near Parking Area,E01008305,Newcastle upon Tyne 026D,Investigation complete; no suspect identified
db688db7fff4f94c72aaf9a2f948bb162be9deb42e09c2a307424e2c85684833,2021-05,Northumbria Police,Northumbria Police,-1.416435,54.911348,On or near FERNDALE TERRACE,E01008762,Sunderland 012B,Investigation complete; no suspect identified
85f826f1a051190c760bb091103d3b1d9d7b71b8c60b35e59e55fc0f713593f1,2021-05,Northumbria Police,Northumbria Police,-1.526231,54.993547,On or near DURHAM STREET,E01008573,North Tyneside 029B,Investigation complete; no suspect identified
e4fb9d9ea647c29a265843b42d07e43e3fd77f05d926504982355c7b40f7c230,2021-05,Northumbria Police,Northumbria Police,-1.370426,54.933971,On or near PRINCES AVENUE,E01008725,Sunderland 002B,Investigation complete; no suspect identified
42e99f23399a14a13b324fcc08935ff7cc19e0e9d986c198cb2ab4ec97f051f0,2021-05,Northumbria Police,Northumbria Police,-1.503739,54.973292,On or near BEDE WALK,E01008655,South Tyneside 009E,Investigation complete; no suspect identified
45d607669bd0a2b6de5fc9aee9cf445a51d267b0446fc79f1c7253afb83592fd,2021-05,Northumbria Police,Northumbria Police,-1.709820,54.984750,On or near RYDAL ROAD,E01008382,Newcastle upon Tyne 021B,Investigation complete; no suspect identified
34af5412bb2a9555cc41b5c748b18bae7352f8275f1e641aa30159bfdd36dc3c,2021-05,Northumbria Police,Northumbria Police,-1.489672,54.982508,On or near WALTER STREET,E01008604,South Tyneside 007B,Investigation complete; no suspect identified
5771339d65a0c5b5ae86204f3fd242f54054464ca3182a33ce6a677b5ab74ec3,2021-05,Northumbria Police,Northumbria Police,-1.598607,55.088153,On or near Parking Area,E01027413,Northumberland 029E,Investigation complete; no suspect identified
4ea4025517a94a4266ac289700d3ab0eb4925f4c754f69f4679b8f4deb65f4a5,2021-05,Northumbria Police,Northumbria Police,-1.531682,54.991187,On or near CHESTNUT STREET,E01008573,North Tyneside 029B,Investigation complete; no suspect identified
acff5f6d4983456d256cb95215c1b966514866d845f1e0525a3828f03225d421,2021-05,Northumbria Police,Northumbria Police,-1.555403,54.951970,On or near Bus/Coach Station,E01008215,Gateshead 003B,Investigation complete; no suspect identified
6230edfb39d12fca2955da57188829732cb0e407defc72e2176fb1176eaa297b,2021-05,Northumbria Police,Northumbria Police,-1.516743,54.936303,On or near WHITE ROSE WAY,E01008283,Gateshead 014A,Investigation complete; no suspect identified
8787fb1ff7a6a83601b2fd5b292eec0f95acf016c092cf05bb4e28a56ce2fa5a,2021-05,Northumbria Police,Northumbria Police,-1.577483,54.996351,On or near Petrol Station,E01008314,Newcastle upon Tyne 012A,Investigation complete; no suspect identified
a60d07a88ab5ba7129cfd08de4f0204ec9ef9e170740a70c9fb6a750b2e62d21,2021-05,Northumbria Police,Northumbria Police,-1.719003,54.951963,On or near PARK VIEW,E01008277,Gateshead 004D,Investigation complete; no suspect identified
f18c9db175cdcebebeeff8ccbb65f47c83ff086084db4467f2e6f1268b093187,2021-05,Northumbria Police,Northumbria Police,-1.426998,55.003365,On or near LAWE ROAD,E01008598,South Tyneside 001D,Investigation complete; no suspect identified
9731a26ef41154ec22a644b62bbf7761145e94a3f09ce6becffe46d9fac66c0e,2021-05,Northumbria Police,Northumbria Police,-1.574423,54.926552,On or near Supermarket,E01008218,Gateshead 021A,Investigation complete; no suspect identified
3e0f7e7b7b75e69de3c59bfa64d90c86e350bb8d105f40a32b6f32b704387501,2021-05,Northumbria Police,Northumbria Police,-1.586985,54.976757,On or near Petrol Station,E01008304,Newcastle upon Tyne 026C,Investigation complete; no suspect identified
f93330f438aed7b1e3147fee64400418e8f4abe54d84ef4eae678196bbc3617a,2021-05,Northumbria Police,Northumbria Police,-1.636330,54.976052,On or near Supermarket,E01008399,Newcastle upon Tyne 024D,Investigation complete; no suspect identified
3d0992451b4728bf7ff32cb5e712cabb89d0db98d2c03aeb38584f6723443ea4,2021-05,Northumbria Police,Northumbria Police,-1.445130,54.920828,On or near CRAIGAVON ROAD,E01008693,Sunderland 008A,Investigation complete; no suspect identified
584acf6296f6286148200e04cb0e9b7171c4a6c6f5746cd125ec974a757df277,2021-05,Northumbria Police,Northumbria Police,-1.549268,55.167956,On or near FREEMAN WAY,E01027532,Northumberland 014A,Investigation complete; no suspect identified
d2fc9f443d5bf39267d5b1691e627bf35977572ce0e990292b29533a8be5fbe5,2021-05,Northumbria Police,Northumbria Police,-1.586985,54.976757,On or near Petrol Station,E01008304,Newcastle upon Tyne 026C,Suspect charged
31bce2ef0adb7ac262f6de252250b174a47c7f1f85fe720c384b79e3e5ddf6d1,2021-05,Northumbria Police,Northumbria Police,-1.458873,55.061589,On or near CRANESWATER AVENUE,E01008551,North Tyneside 001D,Investigation complete; no suspect identified
47f99e45b78e4b8c11f40bf1144c1b0318ee91dfeba3c17309784104a69c6c31,2021-05,Northumbria Police,Northumbria Police,-1.457163,54.911204,On or near HYLTON GRANGE,E01008695,Sunderland 008C,Investigation complete; no suspect identified
c7278b5715111baacd0948e6d569f8e4ffb2aee5e69d9907bc4bf39718428f07,2021-05,Northumbria Police,Northumbria Police,-1.457710,55.002769,On or near MINTON COURT,E01008545,North Tyneside 027E,Investigation complete; no suspect identified
8dd5cee822f3d8f8df99eaba5657e7f8cd9399421d1f8451beb5e682133a3614,2021-05,Northumbria Police,Northumbria Police,-1.420391,54.995291,On or near BALTIC COURT,E01008597,South Tyneside 001C,Investigation complete; no suspect identified
69a485b812cb334fec5d4de545bf1a46532ef01c857f34753b0a4b88c3dc94d3,2021-05,Northumbria Police,Northumbria Police,-1.429923,54.964647,On or near MANET GARDENS,E01008692,South Tyneside 019E,Investigation complete; no suspect identified
137444b000e326ad67ffae836678ac40e725cdd3d38d08a894158c1d25b1b04e,2021-05,Northumbria Police,Northumbria Police,-1.513722,54.971984,On or near QUARRY ROAD,E01008646,South Tyneside 015D,Investigation complete; no suspect identified
15e66ad0ecc80e35f4fc83a9b4403a1410f1014d44892abd7d55c3d3c9a23b54,2021-05,Northumbria Police,Northumbria Police,-1.743883,55.049078,On or near Supermarket,E01027464,Northumberland 033A,Investigation complete; no suspect identified
c873fb898cb1d352394a10482d340887c695eb7bcf2a521fbac35c207a0dcb19,2021-05,Northumbria Police,Northumbria Police,-1.611154,54.975165,On or near LISLE STREET,E01008397,Newcastle upon Tyne 024C,Suspect charged
716119f29dfd4324b9440a3e61c28a6d2c8e0e012e33338adbc9ceb21cdd198a,2021-05,Northumbria Police,Northumbria Police,-1.480154,54.951186,On or near HAZELDENE,E01008630,South Tyneside 020D,Investigation complete; no suspect identified
86bf04bc0e5b3f4c0005b0ecacd901468351715ddb3b83a9c47237486d29d7ab,2021-05,Northumbria Police,Northumbria Police,-1.367169,54.901827,On or near ADDISON STREET,E01008736,Sunderland 016C,Suspect charged
786a68746b6555ac2ecd521f8d94752ac033683f6ccfef079c06f983739be0d0,2021-05,Northumbria Police,Northumbria Police,-1.426348,54.918458,On or near HYLTON PARK ROAD,E01008693,Sunderland 008A,Investigation complete; no suspect identified
025faee98b88acfe6a70b83057859ce55dec675f496c749e98097cc79a688c43,2021-05,Northumbria Police,Northumbria Police,-1.599446,55.011971,On or near FAIRFIELD,E01008513,North Tyneside 019C,Investigation complete; no suspect identified
ed87b9dca2942f9e74c1b13002abac6b435c8c0607862b12db093d95bfff3fa8,2021-05,Northumbria Police,Northumbria Police,-2.005505,55.770059,On or near Nightclub,E01027377,Northumberland 001B,Investigation complete; no suspect identified
1c94d99a40757d2dcf56286c698f72dd35afdf6ee07c715bce43cc7f0852eb8b,2021-05,Northumbria Police,Northumbria Police,-1.580808,54.975775,On or near A193,E01008304,Newcastle upon Tyne 026C,Investigation complete; no suspect identified
b0502fbd51e10a85ec7f7851741005a6b5f168442cd0ed226d213388b5f2b84e,2021-05,Northumbria Police,Northumbria Police,-1.363585,54.951090,On or near ADOLPHUS STREET,E01008687,South Tyneside 018E,Investigation complete; no suspect identified
354bef6347d320de4ccabc7206eac9946096762b70868db122d24e9ba9d34f6d,2021-05,Northumbria Police,Northumbria Police,-1.638348,55.556470,On or near THE WYNDING,E01027384,Northumberland 003E,Suspect charged
f5705951b9dfd33d745669945bfb4ede964989b50e2c334b747dce43da58a678,2021-05,Northumbria Police,Northumbria Police,-1.586985,54.976757,On or near Petrol Station,E01008304,Newcastle upon Tyne 026C,Investigation complete; no suspect identified
eb9c672470796f165769b9250da0158bfae20fde63863e07712d276624c70737,2021-05,Northumbria Police,Northumbria Police,-1.612740,54.974308,On or near Shopping Area,E01008397,Newcastle upon Tyne 024C,Investigation complete; no suspect identified
1c28b2f6d12f09dec038df57e5b0a2515b1d8800466958f481fd0a04c7b6a973,2021-05,Northumbria Police,Northumbria Police,-1.425983,54.999936,On or near SHORTRIDGE STREET,E01008596,South Tyneside 001B,Investigation complete; no suspect identified
f4c6f0cfcf592815857c65b868a9bbec498740834536fb868babea134c2a164d,2021-05,Northumbria Police,Northumbria Police,-1.847077,54.961420,On or near Police Station,E01027498,Northumberland 038B,Investigation complete; no suspect identified
2bca29a635b2310c31e382b4e9cca329576aa3adfd086afc242962209098de9f,2021-05,Northumbria Police,Northumbria Police,-1.690080,54.987263,On or near TEBAY DRIVE,E01008327,Newcastle upon Tyne 015D,Investigation complete; no suspect identified
a396d2982eacf083a439d37e9e389c416074e64d7dbcf974aa9fce5411173aee,2021-05,Northumbria Police,Northumbria Police,-1.426348,54.918458,On or near HYLTON PARK ROAD,E01008693,Sunderland 008A,Suspect charged
52a5a146de0a8233e9022226505cf73805e53f942f7e9854a0ef905a519cca26,2021-05,Northumbria Police,Northumbria Police,-1.482337,54.983007,On or near SAXON WAY,E01008604,South Tyneside 007B,Suspect charged
def81ee6962578ba2eaf1c4b50da93cb5045cac3f35a45c64d1a85878f1d499c,2021-05,Northumbria Police,Northumbria Police,-1.664013,54.968628,On or near MACDONALD ROAD,E01008290,Newcastle upon Tyne 027C,Investigation complete; no suspect identified
2c0700e9151a6cd2b26a852f9bc3a031878479d388318985328f227584e52be2,2021-05,Northumbria Police,Northumbria Police,-1.444064,55.007155,On or near BEDFORD COURT,E01008524,North Tyneside 022B,Investigation complete; no suspect identified
4fef4ef8e87c3653af7137425ecaa469c0d9fc37fb544640ca6f95ef2b1d8c1f,2021-05,Northumbria Police,Northumbria Police,-1.420426,55.001545,On or near Parking Area,E01008598,South Tyneside 001D,Offender given a caution
d2d09494c0ca1503c5dcd4ac4cb17c7dbdc0992a7e9108d2dfeecb1f257774e4,2021-05,Northumbria Police,Northumbria Police,-1.992868,55.756851,On or near BLENHEIM PLACE,E01027389,Northumberland 001F,Investigation complete; no suspect identified
87f9ea9ae46e9e9e47a6f9616cf6713cfec33ba9f4ea665088fd938bb4c86011,2021-05,Northumbria Police,Northumbria Police,-1.546209,54.892051,On or near GLENCARRON CLOSE,E01008870,Sunderland 020D,Investigation complete; no suspect identified
e8b7dbc684049b328af1c9872e4d27e076aa39e9af33a4b757625f59fb80d1ad,2021-05,Northumbria Police,Northumbria Police,-1.596126,54.981308,On or near DINSDALE ROAD,E01008411,Newcastle upon Tyne 017E,Investigation complete; no suspect identified
b1efff859fa7513c59eb039eb43e4e70d078a89ecd9545bfdc2c3a6ae5564e63,2021-05,Northumbria Police,Northumbria Police,-1.426348,54.918458,On or near HYLTON PARK ROAD,E01008693,Sunderland 008A,Suspect charged
56a64065c2ea86ff24fd1a3073fd18c82a4c6394d92f8223e7ddda2eede5eb16,2021-05,Northumbria Police,Northumbria Police,-1.606228,54.954895,On or near BEWICK ROAD,E01008169,Gateshead 008B,Offender given a drugs possession warning
0a21a9fd295a55726e283f767c4bb94ff035196a98a8208c5b5e3a5ed4007c8d,2021-05,Northumbria Police,Northumbria Police,-1.608320,54.954892,On or near SEDGEWICK PLACE,E01008169,Gateshead 008B,Investigation complete; no suspect identified
713bd2b41b78a179958aca88ee5340c159a19b8c3b102a482a64bcf89c5a1772,2021-05,Northumbria Police,Northumbria Police,-1.577226,54.976176,On or near CONYERS ROAD,E01008303,Newcastle upon Tyne 018A,Investigation complete; no suspect identified
87f46fdea4fe468c3c51392943ea489e898024fdde968f84fb0feea6ba0c6b48,2021-05,Northumbria Police,Northumbria Police,-1.608320,54.954892,On or near SEDGEWICK PLACE,E01008169,Gateshead 008B,Investigation complete; no suspect identified
49a0fdec3195587e46c0718b649c69f4eb76d559d59418adbfdfd52f53b9b088,2021-05,Northumbria Police,Northumbria Police,-1.612220,54.976400,On or near Shopping Area,E01008397,Newcastle upon Tyne 024C,Investigation complete; no suspect identified
a9a815f13edd670e64189ff5b54892215f6650e3caee3012bf97df3492a55709,2021-05,Northumbria Police,Northumbria Police,-1.392284,54.899233,On or near ABBOTSFORD GROVE,E01008835,Sunderland 022G,Investigation complete; no suspect identified
015a02e291a6d9fb9c19e3fcbb615abdaf1e51d2b8ccec8f613f2dd36357349d,2021-05,Northumbria Police,Northumbria Police,-1.600304,54.947614,On or near ENFIELD ROAD,E01008255,Gateshead 010E,Investigation complete; no suspect identified
3393cf49e997c1fb13584d9f243ec2ee408da52ac0fdb357c57384fbe1f31c4c,2021-05,Northumbria Police,Northumbria Police,-1.470601,54.962872,On or near CRIEFF GROVE,E01008603,South Tyneside 014B,Investigation complete; no suspect identified
bdb94a3cb3b06ea10e06a3a397d4b0d60d3d8ae4230287758431632a0a0c8b8b,2021-05,Northumbria Police,Northumbria Police,-1.410204,54.925687,On or near MARLEY CRESCENT,E01008817,Sunderland 004B,Investigation complete; no suspect identified
575d4b1fe238f38e89fe401a99ac2487992d1c1c2052f3a43717115920dcd54e,2021-05,Northumbria Police,Northumbria Police,-1.410097,54.921292,On or near FLORENCE CRESCENT,E01008820,Sunderland 005F,Investigation complete; no suspect identified
4889a219e9d92d375f47ad4a5863e9c60a156f535f2aeb7d2a38fa2955f0d0fe,2021-05,Northumbria Police,Northumbria Police,-1.657815,54.970138,On or near ADELAIDE TERRACE,E01008332,Newcastle upon Tyne 029B,Suspect charged
e7f600da118e4e4ae6474be9722c8b12ee39b1ab3541d0d39833372df69cc6b3,2021-05,Northumbria Police,Northumbria Police,-1.603065,55.008047,On or near RIDGEWOOD GARDENS,E01008424,Newcastle upon Tyne 005F,Investigation complete; no suspect identified
b929ba9ad5435c1060c649f9389f2e9df61b5aecb8d1a3d5d6b48bedf60861b1,2021-05,Northumbria Police,Northumbria Police,-1.649929,54.984233,On or near AUBURN GARDENS,E01008452,Newcastle upon Tyne 016D,Investigation complete; no suspect identified
ef285773f5a26228abc00b15ca417e967b9efa48e0b189997f1ee948ae419841,2021-05,Northumbria Police,Northumbria Police,-1.487258,54.959834,On or near CALF CLOSE DRIVE,E01008632,South Tyneside 017B,Investigation complete; no suspect identified
38afa379f9da3559ea66c7b09175c619235913d6b016616f7bffd4a161dead4b,2021-05,Northumbria Police,Northumbria Police,-1.546324,54.985913,On or near WARREN AVENUE,E01008435,Newcastle upon Tyne 020E,Investigation complete; no suspect identified
a6d375075df2194ff83f39f0d4ba70cb3ea50a615ae35402327b9e647b454c7f,2021-05,Northumbria Police,Northumbria Police,-1.487258,54.959834,On or near CALF CLOSE DRIVE,E01008632,South Tyneside 017B,Investigation complete; no suspect identified
68e157388d9fd1e201c1aa0119e80036afb8a2479a2d1abbb25ff3eb5e3ccf6c,2021-05,Northumbria Police,Northumbria Police,-1.514849,54.962697,On or near BEGONIA CLOSE,E01008644,South Tyneside 015B,Investigation complete; no suspect identified
30de47f6bcc152bf6b68ec3dde4620a7aa75495dccaafc36be5b7dbdad4884c3,2021-05,Northumbria Police,Northumbria Police,-1.546817,54.974017,On or near DUNCAN STREET,E01008429,Newcastle upon Tyne 028D,Investigation complete; no suspect identified
15dd8dab9378b23a231a75f7874d07a1f52ef9a9e7c56fa7f061fbc8f33b51eb,2021-05,Northumbria Police,Northumbria Police,-1.966399,55.442623,On or near Parking Area,E01027375,Northumberland 003B,Investigation complete; no suspect identified
da2080604add928bb871b22f6891e5af420149642a7412a69de2ac1377cdc4f8,2021-05,Northumbria Police,Northumbria Police,-1.599912,55.133213,On or near GLEBE ROAD,E01027523,Northumberland 021F,Investigation complete; no suspect identified
cd8f551f6bfcc48c65d1b551aa0aeec96fa766245eabfdfcd970e99724fbb825,2021-05,Northumbria Police,Northumbria Police,-1.430748,55.002349,On or near MORTON STREET,E01008599,South Tyneside 001E,Offender given a caution
bee5ca3ed8b647f596caa0fe64cb2e2dba8d4497534f6892f1b4263d47daa583,2021-05,Northumbria Police,Northumbria Police,-1.557861,55.175905,On or near SIXTH AVENUE,E01027545,Northumberland 010D,Investigation complete; no suspect identified
a0f3cb284c8e32f7315ded9ba0c8e6b7718221c1c208e60bf4a6cc838e5b6a6b,2021-05,Northumbria Police,Northumbria Police,-1.527472,55.118010,On or near BYRON AVENUE,E01027422,Northumberland 024B,Investigation complete; no suspect identified
8a2f394e7cab7ee7043a1e7750ac19c37c44aef13c9e077a83cb9d0f934e3350,2021-05,Northumbria Police,Northumbria Police,-1.465756,55.045534,On or near DENEHOLM,E01008517,North Tyneside 005A,Investigation complete; no suspect identified
56bf5a9c60fe737e4b1ed7a09218de572919375c13ce0ec79f0fc72b4d74b8ba,2021-05,Northumbria Police,Northumbria Police,-1.604018,54.960450,On or near REGENT TERRACE,E01008168,Gateshead 027D,Investigation complete; no suspect identified
02a858d95e99b06102fd7dc1eb925fd56fe89096d076956adacd85af33e01f35,2021-05,Northumbria Police,Northumbria Police,-1.574423,54.926552,On or near Supermarket,E01008218,Gateshead 021A,Investigation complete; no suspect identified
ff9c0fe710fa59f1cc91b91d866d96668283f528941c84ddd95501ef9793e0dd,2021-05,Northumbria Police,Northumbria Police,-1.482051,54.976113,On or near STEPHEN COURT,E01008661,South Tyneside 007D,Investigation complete; no suspect identified
8a17f674e7fcc743e592214f217cb740fb11b3a2ecea29b7af9d4f87cb0a7159,2021-05,Northumbria Police,Northumbria Police,-1.545025,54.955616,On or near ROTHBURY AVENUE,E01008244,Gateshead 003D,Investigation complete; no suspect identified
4ba5792fc7fb8a377e40701d795124d8564a9be1704a01501156b353973e7484,2021-05,Northumbria Police,Northumbria Police,-1.625175,54.944126,On or near Petrol Station,E01008259,Gateshead 007D,Investigation complete; no suspect identified
2e27fc3eb2386f1371ec7c623084f36a0e17f95497f3328134144a2788aaf4f6,2021-05,Northumbria Police,Northumbria Police,-1.600592,54.980002,On or near PORTLAND ROAD,E01008407,Newcastle upon Tyne 023B,Investigation complete; no suspect identified
0c5e32c0c9fd5222bb290dc7fbcf2f4b5468abcc096414eb9dda04c450978554,2021-05,Northumbria Police,Northumbria Police,-1.377925,54.915273,On or near DIXON'S SQUARE,E01008791,Sunderland 006F,Investigation complete; no suspect identified
50c351bd28a41396f67c1c76af33a18f4dad41bfa28d58679e76478cd13eba39,2021-05,Northumbria Police,Northumbria Police,-1.521800,54.998131,On or near VALLEY GARDENS,E01008572,North Tyneside 029A,Investigation complete; no suspect identified
7f0c6b01915cdd2665bb36912997a9bb4000e0ffa75a29855f9f686a4e00cf8d,2021-05,Northumbria Police,Northumbria Police,-1.617241,54.969164,On or near NEVILLE STREET,E01033545,Newcastle upon Tyne 024H,Investigation complete; no suspect identified
6c03e3578829a6efc5f8b4cf5200a1d769d7036c20ea6e7826351570f52b6e96,2021-05,Northumbria Police,Northumbria Police,-1.641060,54.972930,On or near Supermarket,E01008331,Newcastle upon Tyne 029A,Investigation complete; no suspect identified
2b1d289f3acea504fd7d677016f5fd617a97aace64a4a7bff0904b25b574ce3b,2021-05,Northumbria Police,Northumbria Police,-1.579089,54.998261,On or near CORNEL ROAD,E01008314,Newcastle upon Tyne 012A,Investigation complete; no suspect identified
6d112ffdfb411b21ebb47ea135b64f20a53bfab3247a48a9d8a928181bd856be,2021-05,Northumbria Police,Northumbria Police,-1.514037,54.908362,On or near BRIDGEWATER ROAD,E01008853,Sunderland 009A,Investigation complete; no suspect identified
3b60cea7ee20f4ed1ec5f897f3d231945ea77a83edf5d26109cc086c33ed612e,2021-05,Northumbria Police,Northumbria Police,-1.437655,54.903019,On or near POLEBROOK ROAD,E01033076,Sunderland 012F,Investigation complete; no suspect identified
de4cfa14c09af41a2584adcac7c06cd159e2db54aad904d3df7022df97f873bd,2021-05,Northumbria Police,Northumbria Police,-1.553473,55.175125,On or near SWEETHOPE AVENUE,E01027533,Northumberland 013A,Investigation complete; no suspect identified
27e63015e1776f70f7b56fc023952a5de8738abb32c5aaa56f5734e3b5f3ff18,2021-05,Northumbria Police,Northumbria Police,-1.688886,54.988158,On or near TEBAY DRIVE,E01008345,Newcastle upon Tyne 019C,Investigation complete; no suspect identified
9f68b293a9e621e2abcf292b97350537458e20a50d8350b654de7b1a28bf19df,2021-05,Northumbria Police,Northumbria Police,-1.449341,55.011160,On or near FRANK PLACE,E01008529,North Tyneside 022D,Investigation complete; no suspect identified
2bddb57b260f5200a431bb218bffc71708373cb0719547eacf4352930c102d7d,2021-05,Northumbria Police,Northumbria Police,-1.411045,54.902300,On or near KAYLL ROAD,E01008759,Sunderland 015C,Suspect charged
5c2dfaaea0f5b42bac92eef040f0d4e065e664ba584fd6b5125d1a3f47c6fa51,2021-05,Northumbria Police,Northumbria Police,-1.666472,54.990462,On or near HOUNDELEE PLACE,E01008297,Newcastle upon Tyne 011B,Investigation complete; no suspect identified
1322b7954ad2972db6f6a46f31e8500a0e53f7c40bf1094123f441a272d307a4,2021-05,Northumbria Police,Northumbria Police,-1.583127,54.979710,On or near HEATON GROVE,E01008413,Newcastle upon Tyne 023F,Investigation complete; no suspect identified
432b4792cac7828409ef10c52615fc9046760857116793eaf3525531e2a0767e,2021-05,Northumbria Police,Northumbria Police,-1.463716,55.004934,On or near DIDCOT AVENUE,E01008485,North Tyneside 023D,Investigation complete; no suspect identified
e2cd85a19a605d9000647c514ce36555140615e7812760dae6c6f5ec4f4cddfa,2021-05,Northumbria Police,Northumbria Police,-1.420804,54.907972,On or near PLANTATION ROAD,E01008756,Sunderland 012A,Investigation complete; no suspect identified
89623fba525608c2b7ee5e318cb12d730bbc97e4db81058e8f7ee081ca8864ef,2021-05,Northumbria Police,Northumbria Police,-1.385722,54.897025,On or near AVENUE TERRACE,E01008834,Sunderland 013E,Investigation complete; no suspect identified
9ed18488565af0f204ebbea7a0719c00745d3ecc2c37d2b79a7e0430e9d4874a,2021-05,Northumbria Police,Northumbria Police,-1.532306,54.989931,On or near STATION ROAD,E01008575,North Tyneside 030E,Investigation complete; no suspect identified
fb1ca4b368b1ecc32e1071ed99318d53cf63b138d127aeb60052bbf96b695861,2021-05,Northumbria Police,Northumbria Police,-1.665073,54.991456,On or near MORWICK PLACE,E01008297,Newcastle upon Tyne 011B,Investigation complete; no suspect identified
db168e8eaac98a54fdbc28104c0b40829aec56d676a668b3deb976023a3ac6ff,2021-05,Northumbria Police,Northumbria Police,-1.451581,55.053298,On or near Parking Area,E01008546,North Tyneside 003C,Investigation complete; no suspect identified
885e0ca86e1f17a6faa235a34b744882bed945a2657fe7a87e5c07b501ddc603,2021-05,Northumbria Police,Northumbria Police,-1.445878,55.005977,On or near SIBTHORPE STREET,E01008524,North Tyneside 022B,Investigation complete; no suspect identified
2270666e58aa638862cf3814917206868e3e30dcf472a8c1ae38f3743102d875,2021-05,Northumbria Police,Northumbria Police,-1.560917,54.977529,On or near ROMAN AVENUE,E01008391,Newcastle upon Tyne 026E,Investigation complete; no suspect identified
dbec46414e7aa67b2a13b3b6ed74682aa6a68db06e247cf04533e27d2b909857,2021-05,Northumbria Police,Northumbria Police,-1.738794,54.984394,On or near MILLFIELD LANE,E01008404,Newcastle upon Tyne 014E,Investigation complete; no suspect identified
56b0e999d520755f91b362456518c2c73117aba20d005e18fe83ff87de60c83f,2021-05,Northumbria Police,Northumbria Police,-1.485748,55.040138,On or near SANDRINGHAM CLOSE,E01008518,North Tyneside 007A,Investigation complete; no suspect identified
408452caec3c1db51366d369ae31295ffa377599c51c59323558305ee2ccb677,2021-05,Northumbria Police,Northumbria Police,-1.508675,55.126886,On or near HAVELOCK STREET,E01027415,Northumberland 023B,Suspect charged as part of another case
ca8f24842e4255c9c2927222ff7aae416bc195cb9a8510c57af6006d57fa4c19,2021-05,Northumbria Police,Northumbria Police,-1.500439,55.034035,On or near PARK AVENUE,E01008568,North Tyneside 011B,Offender given a caution
a4ed27ec6e74c0105a30f405f95b9f4dc81f77f799e5f195ff84a6cb9b526ce2,2021-05,Northumbria Police,Northumbria Police,-1.475766,55.002884,On or near MINDRUM TERRACE,E01008484,North Tyneside 023C,Investigation complete; no suspect identified
9f446e798b011febed0485af9079371f1cc25313c4eacffba641ab53218bcab7,2021-05,Northumbria Police,Northumbria Police,-1.460810,54.926641,On or near BARKING SQUARE,E01008698,Sunderland 003A,Investigation complete; no suspect identified
686f65976f753899880cef35e3ee0c1fe298a6c05ab349a89b1922ed0c595fb2,2021-05,Northumbria Police,Northumbria Police,-1.624390,54.936207,On or near FOURTH AVENUE,E01008259,Gateshead 007D,Investigation complete; no suspect identified
3271f5ba35d9f745052ed75a90ef0a4c9587cf77ebc45cd2d7f622a7e6a8eb92,2021-05,Northumbria Police,Northumbria Police,-1.498618,54.999394,On or near LISLE GROVE,E01008510,North Tyneside 026C,Investigation complete; no suspect identified
8808352258a9120087bdead82f252a99294783921a97ee75ea70f7a0b3d9bccd,2021-05,Northumbria Police,Northumbria Police,-1.498149,54.980638,On or near FIR STREET,E01008652,South Tyneside 009B,Investigation complete; no suspect identified
a505cced5883597f5117f0ece31840f40fb87719986b615c4fc45ab8fcb1ddae,2021-05,Northumbria Police,Northumbria Police,-1.483793,54.976687,On or near PRINCE CONSORT ROAD,E01008661,South Tyneside 007D,Investigation complete; no suspect identified
b074fb2d820c8c2668cd34dbf15e38a80403cca297588de450d60ae5fc9eee50,2021-05,Northumbria Police,Northumbria Police,-1.588589,54.932883,On or near WHINLATTER GARDENS,E01008221,Gateshead 021C,Suspect charged
b074fb2d820c8c2668cd34dbf15e38a80403cca297588de450d60ae5fc9eee50,2021-05,Northumbria Police,Northumbria Police,-1.588589,54.932883,On or near WHINLATTER GARDENS,E01008221,Gateshead 021C,Suspect charged
83d411ec1461077c613cfd9fa8f5ffa6ee87f11fc0d8d0273a131f6b1abe56bb,2021-05,Northumbria Police,Northumbria Police,-1.457142,54.917432,On or near COLOMBO ROAD,E01008696,Sunderland 008D,Investigation complete; no suspect identified
18b3655ec3dc13ce13e1aa7db804d79e5c624202d9594cb43a2c79285236c82a,2021-05,Northumbria Police,Northumbria Police,-1.673395,54.957798,On or near Parking Area,E01008262,Gateshead 009A,Investigation complete; no suspect identified
0a6e243aeba628bdd4c7b2b3316acc219d707c32a75c67e679ba5c4c9950e873,2021-05,Northumbria Police,Northumbria Police,-1.509647,54.887128,On or near ROTHLEY,E01008862,Sunderland 025C,Investigation complete; no suspect identified
e2f49b2b6e3c0890c88b81b3a40f0132c5483f0da6becb6855926fc27ca01182,2021-05,Northumbria Police,Northumbria Police,-1.519861,54.998240,On or near PARKSIDE,E01008576,North Tyneside 029D,Investigation complete; no suspect identified
59a5d1f58f06a7e39ac9ebd60138b76bee786f3188cdb2da1426b12c387df390,2021-05,Northumbria Police,Northumbria Police,-1.413571,54.923771,On or near YEWTREE AVENUE,E01008817,Sunderland 004B,Investigation complete; no suspect identified
aadc944d33afec7657b877337fd041c6c27369695b92213db14b25177af582ca,2021-05,Northumbria Police,Northumbria Police,-1.593403,54.975485,On or near BYKER BRIDGE,E01008406,Newcastle upon Tyne 023A,Investigation complete; no suspect identified
97b52ce1b4f0a62cbe325970a6919a373e11feb8c90419c41d41d3f88a30c813,2021-05,Northumbria Police,Northumbria Police,-1.424671,54.886153,On or near TUNIS ROAD,E01008827,Sunderland 023E,Investigation complete; no suspect identified
b563c0ad809c542cf8fb690f4e329d2b9280f88b02f81d3e54365bd0a7c9b6b6,2021-05,Northumbria Police,Northumbria Police,-1.424671,54.886153,On or near TUNIS ROAD,E01008827,Sunderland 023E,Investigation complete; no suspect identified
f4d0708f82330a0a7e7107fc4bb74b0d6eddf538c3825664e8b58116491a125f,2021-05,Northumbria Police,Northumbria Police,-1.637959,54.972040,On or near NORMANTON TERRACE,E01008331,Newcastle upon Tyne 029A,Investigation complete; no suspect identified
86b9f497e0149f4b6b75c896757e79e2caf4229454b966b7c984380a91107d6f,2021-05,Northumbria Police,Northumbria Police,-1.548435,54.974580,On or near INGRAM TERRACE,E01008429,Newcastle upon Tyne 028D,Investigation complete; no suspect identified
b67b2192d778796aebf72bc5d2afd8587ae58a84030ff8331b11c8500812d612,2021-05,Northumbria Police,Northumbria Police,-1.372859,54.908983,On or near BODLEWELL LANE,E01008703,Sunderland 013B,Investigation complete; no suspect identified
71cdabc1040c8f95da6758e86d47a0b20ada9da845badd9d8d332c97bd750670,2021-05,Northumbria Police,Northumbria Police,-1.466536,55.005674,On or near BAWTRY GROVE,E01008482,North Tyneside 023B,Investigation complete; no suspect identified
d0850c857195b952cfaf539a2719c41a5fdf4ede3ce10461b503566d36b7ab8f,2021-05,Northumbria Police,Northumbria Police,-1.604581,54.982675,On or near OSBORNE TERRACE,E01008370,Newcastle upon Tyne 017C,Investigation complete; no suspect identified
e4f9e4487c6a2f6745b5893ef9172099b27984d154df2fb829e3fb570e348b50,2021-05,Northumbria Police,Northumbria Police,-1.688927,54.999059,On or near Supermarket,E01008445,Newcastle upon Tyne 031D,Suspect charged
942260ca44c91aa06b74b640b800a1e779b3da7297890451c3ff828471c7ccca,2021-05,Northumbria Police,Northumbria Police,-1.606340,54.949782,On or near WESTBOURNE AVENUE,E01008253,Gateshead 010C,Investigation complete; no suspect identified
d579233bc390d71aadfc7c287e3a527ee95a9784beb119fea54cfd6b01a70ed6,2021-05,Northumbria Police,Northumbria Police,-1.405949,54.906310,On or near PICKARD STREET,E01008704,Sunderland 011B,Investigation complete; no suspect identified
354ee86e7d5882c86fe94ea5cbf485c19d61eee24984f7cf783cd7194f33956e,2021-05,Northumbria Police,Northumbria Police,-1.487402,55.042949,On or near WALWICK ROAD,E01008564,North Tyneside 007B,Investigation complete; no suspect identified
cbc9eba4f308098bec0325a14766d82dfcf785dea886eec25be891824a8da942,2021-05,Northumbria Police,Northumbria Police,-1.672060,54.995231,On or near Parking Area,E01008297,Newcastle upon Tyne 011B,Investigation complete; no suspect identified
7ae9f818c6f9e64f56ec18a89df887111a4883da7a379e38bebbddc2ad67853b,2021-05,Northumbria Police,Northumbria Police,-1.619676,55.005737,On or near Parking Area,E01008419,Newcastle upon Tyne 006E,Investigation complete; no suspect identified
b89384c748495c2d56cee86df9d5a10ded760709fae6ad36f4e218b7fd7e6521,2021-05,Northumbria Police,Northumbria Police,-1.377860,54.920512,On or near KINGSTON TERRACE,E01008788,Sunderland 006C,Investigation complete; no suspect identified
fad0cd8ef61e57b362c391b40b1cce2b956134c168d53a7835fb2a27c347bfe6,2021-05,Northumbria Police,Northumbria Police,-1.612740,54.974308,On or near Shopping Area,E01008397,Newcastle upon Tyne 024C,Investigation complete; no suspect identified
1ac80aed2851cf048179d51821896cc7f3be5429710859baeb5cd26f562b849b,2021-05,Northumbria Police,Northumbria Police,-1.426348,54.918458,On or near HYLTON PARK ROAD,E01008693,Sunderland 008A,Investigation complete; no suspect identified
4a7f478d68e4f9e227c2c795c8700134bd78a5502a3fbb1f5bf2903eb66ae71e,2021-05,Northumbria Police,Northumbria Police,-1.480848,54.953121,On or near WESTFIELD,E01008630,South Tyneside 020D,Investigation complete; no suspect identified
d43d61222c0b4118efd88303b43f445912d6af55019d0231aec6048f2df8fe30,2021-05,Northumbria Police,Northumbria Police,-1.603959,54.949064,On or near BRINKBURN AVENUE,E01008251,Gateshead 010A,Investigation complete; no suspect identified
2f03adf9072c05bc3b79909e4f3ce518c5afba1261417b9fe33ce7b08fe42c96,2021-05,Northumbria Police,Northumbria Police,-1.573622,55.173256,On or near ORPINE COURT,E01027536,Northumberland 012E,Suspect charged
d16a41e4f6ca7cd47ee0d432557a9af1a3e61b8771522fe0cbb5334862b4ef22,2021-05,Northumbria Police,Northumbria Police,-1.422992,54.890189,On or near SPRINGWELL ROAD,E01008825,Sunderland 023C,Investigation complete; no suspect identified
8dbbcbf8b4ed041669db901eb235277c3f10ad7bb28d87b8575929ba18f278a0,2021-05,Northumbria Police,Northumbria Police,-1.603974,54.950682,On or near WESTFIELD TERRACE,E01008252,Gateshead 010B,Investigation complete; no suspect identified
f2ddc4dde856ce6576476c7ef992435a87747097231c3fb91075a87ea293e5f4,2021-05,Northumbria Police,Northumbria Police,-1.603974,54.950682,On or near WESTFIELD TERRACE,E01008252,Gateshead 010B,Investigation complete; no suspect identified
bf709200b6ccf18b20f3561d112cb0e7534578d3debca612b522f51f373ed4b4,2021-05,Northumbria Police,Northumbria Police,-1.402909,54.872452,On or near SILKSWORTH TERRACE,E01008805,Sunderland 027C,Investigation complete; no suspect identified
bf709200b6ccf18b20f3561d112cb0e7534578d3debca612b522f51f373ed4b4,2021-05,Northumbria Police,Northumbria Police,-1.402909,54.872452,On or near SILKSWORTH TERRACE,E01008805,Sunderland 027C,Investigation complete; no suspect identified
1051caaec037cc9d6a4f463cf9ac967d90da5def2359cfdc1e6182a930c916ef,2021-05,Northumbria Police,Northumbria Police,-1.603974,54.950682,On or near WESTFIELD TERRACE,E01008252,Gateshead 010B,Investigation complete; no suspect identified
4630caeb2511daaeed0c9b047899f35c6485dc609eac087a7fe3047ef6e68fd4,2021-05,Northumbria Police,Northumbria Police,-1.529133,55.126158,On or near BELSAY COURT,E01027391,Northumberland 024A,Investigation complete; no suspect identified
ce5153f0ca3d548894f8c8cd0e9266a0278cb4851242be1e922b1d820bd648cb,2021-05,Northumbria Police,Northumbria Police,-1.577520,55.001761,On or near MANOR PARK,E01008323,Newcastle upon Tyne 007F,Investigation complete; no suspect identified
6abdb0a006e05c3ef53c56d76cb2764ac28e283105ec8463734a3184c62bfbe6,2021-05,Northumbria Police,Northumbria Police,-1.587885,54.994167,On or near Further/Higher Educational Building,E01008315,Newcastle upon Tyne 012B,Investigation complete; no suspect identified
8b2343b86a2e6a83fb589b821f2bed9c236e280ac0a34d9d623d2f91c7dc2f03,2021-05,Northumbria Police,Northumbria Police,-1.435660,55.034498,On or near MARDEN TERRACE,E01008496,North Tyneside 010B,Investigation complete; no suspect identified
7ce26ff359e127fd29b44208b2f1fb3ecc976c6b6a8123c2275fbf29f4edfc80,2021-05,Northumbria Police,Northumbria Police,-1.608599,54.972785,On or near CARLIOL SQUARE,E01033543,Newcastle upon Tyne 024G,Investigation complete; no suspect identified
d7b5d7485d489d233b73375e5483cf7d9de32a904965796b90c96f3ae92457c5,2021-05,Northumbria Police,Northumbria Police,-1.662904,54.987325,On or near OVINGTON GROVE,E01008451,Newcastle upon Tyne 016C,Investigation complete; no suspect identified
e7eb4c7f397d085c265e054c46dde156760324f94069e70c4d05c97acbac3f25,2021-05,Northumbria Police,Northumbria Police,-1.587358,54.932744,On or near CARLISLE PLACE,E01008221,Gateshead 021C,Suspect charged
2c6505add03d065652ffa55951a2f029a58a7cd4536165f7931a8044db4a0f8c,2021-05,Northumbria Police,Northumbria Police,-1.571337,55.002584,On or near ST ASAPH CLOSE,E01008319,Newcastle upon Tyne 007B,Investigation complete; no suspect identified
cef8183faee46896ded270df0d23fbc9ba2f33ebb76b98568a25dc3ae5d8df7a,2021-05,Northumbria Police,Northumbria Police,-1.685117,54.932479,On or near DYKENOOK CLOSE,E01008269,Gateshead 017B,Investigation complete; no suspect identified
626c7eab04eed952fe7275bf729410f7eb7b493dcc737be758a4e0d1410f986d,2021-05,Northumbria Police,Northumbria Police,-1.552718,54.970130,On or near MINDRUM TERRACE,E01008426,Newcastle upon Tyne 028C,Investigation complete; no suspect identified
f94b97c3a5b43ca025c564072987618e8b72fb559f40ddf770555d4e4f91bd23,2021-05,Northumbria Police,Northumbria Police,-1.521778,55.085422,On or near HASTINGS GARDENS,E01027418,Northumberland 030B,Investigation complete; no suspect identified
d92a05b8b9b33b6572a8e4da1f98d67c77bd3437fea6988c5796dff023a13b9b,2021-05,Northumbria Police,Northumbria Police,-1.371886,54.899318,On or near SUFFOLK STREET,E01008735,Sunderland 016B,Investigation complete; no suspect identified
65ce97c72418e8cf5a745ebecfd3e752f83f41853d04bb819f01177a8732f175,2021-05,Northumbria Police,Northumbria Police,-1.476901,55.018956,On or near BILLY MILL LANE,E01008487,North Tyneside 020B,Investigation complete; no suspect identified
548a4f17c1f7c24c35ccc018eb2ab8e14d2a8e9736996c6e229f53805e7c5979,2021-05,Northumbria Police,Northumbria Police,-1.596071,54.960298,On or near LINDISFARNE DRIVE,E01008162,Gateshead 027A,Investigation complete; no suspect identified
dc3fbaa7f8c93b629b4bca9d0168ad5e76764860f337cc4988bd486c1fce9203,2021-05,Northumbria Police,Northumbria Police,-1.664657,55.002014,On or near KENTON LANE,E01008295,Newcastle upon Tyne 008A,Investigation complete; no suspect identified
f0dbd63a5209d7645571ff6cbe8ec22068130097a85ff47db052c4f558fa9084,2021-05,Northumbria Police,Northumbria Police,-1.757841,54.992377,On or near HAWKWELL RISE,E01008400,Newcastle upon Tyne 014A,Offender given a caution
a42eaf21b48354b7ed2111683006b249187eee437b1a4db99f5e475b3d173b0b,2021-05,Northumbria Police,Northumbria Police,-1.614445,54.974044,On or near BLACKETT STREET,E01008397,Newcastle upon Tyne 024C,Suspect charged
552916ee8509af98f5ce60a4b186bce2668b74a6ec20f1afcbb93f89df55d514,2021-05,Northumbria Police,Northumbria Police,-1.475509,54.956612,On or near HOUNSLOW GARDENS,E01008628,South Tyneside 020B,Investigation complete; no suspect identified
fd480bfabb7ee2be75a46fdfda2fbff9b8ca0d87530087fbdc4e2f4449ea5e80,2021-05,Northumbria Police,Northumbria Police,-1.665966,54.970431,On or near BENWELL GRANGE ROAD,E01008290,Newcastle upon Tyne 027C,Investigation complete; no suspect identified
372a7f0a2425118e868bde6701930a822f9199f1bb301597f7479e5abc15cf31,2021-05,Northumbria Police,Northumbria Police,-1.501693,55.127172,On or near TATE STREET,E01027442,Northumberland 023E,Investigation complete; no suspect identified
90d617c453196a87874887e6b4234c11a62b6c6fe435497fae9802cd17b60e06,2021-05,Northumbria Police,Northumbria Police,-1.581538,54.932562,On or near DUDDON PLACE,E01008221,Gateshead 021C,Investigation complete; no suspect identified
16042d9578be6a3e2fe8442986b71c5be10aa4256c6d175525834ed851413ddc,2021-05,Northumbria Police,Northumbria Police,-1.685798,54.953230,On or near QUALITY ROW ROAD,E01008262,Gateshead 009A,Suspect charged
a2e2135eb2435fd9139a21b7f31594153ac444642ca278297455d70c2c4be280,2021-05,Northumbria Police,Northumbria Police,-1.587885,54.994167,On or near Further/Higher Educational Building,E01008315,Newcastle upon Tyne 012B,Investigation complete; no suspect identified
a83c9cf86acebdb87e2cac9fa68279ef7bcd64d4edb91d8a9edfaae241764486,2021-05,Northumbria Police,Northumbria Police,-1.588216,55.013740,On or near BEAUMARIS COURT,E01032649,North Tyneside 019F,Investigation complete; no suspect identified
07c6877673f987254e64167ce3a23e5000a9c877f343df9cff882574f78aa06c,2021-05,Northumbria Police,Northumbria Police,-1.589041,54.946705,On or near BROWNSEA PLACE,E01008205,Gateshead 028C,Investigation complete; no suspect identified
a81c289c0d7b1781e1560e557bb7d8fe68862b8126ccff4d1f552a1e77b31619,2021-05,Northumbria Police,Northumbria Police,-1.573161,55.004504,On or near FAIRBURN AVENUE,E01008323,Newcastle upon Tyne 007F,Investigation complete; no suspect identified
eb2267aae682c6c6643fa4e9f56c39bb58ed397488618c5044a1ad277902d783,2021-05,Northumbria Police,Northumbria Police,-1.579723,54.982475,On or near STANNINGTON PLACE,E01008362,Newcastle upon Tyne 018E,Investigation complete; no suspect identified
f9a960922b3b532d5a8c6041a4e9db58e122accad0dab40a0a3971daba0d4bf7,2021-05,Northumbria Police,Northumbria Police,-1.521350,54.913765,On or near HOUSE TERRACE,E01008858,Sunderland 009D,Investigation complete; no suspect identified
8379ae09f1e895e8581ee6d66d554417c9959bed9aa31890073a739c622def32,2021-05,Northumbria Police,Northumbria Police,-1.598252,54.931082,On or near HUTTON TERRACE,E01008234,Gateshead 020C,Suspect charged
8379ae09f1e895e8581ee6d66d554417c9959bed9aa31890073a739c622def32,2021-05,Northumbria Police,Northumbria Police,-1.598252,54.931082,On or near HUTTON TERRACE,E01008234,Gateshead 020C,Suspect charged
5e649ac02ae70417d7f452db04709c66c7e89883e9b3c095e32addf909a1fcda,2021-05,Northumbria Police,Northumbria Police,-1.449232,54.960872,On or near PRIESTLEY COURT,E01008606,South Tyneside 016C,Investigation complete; no suspect identified
fc88ad4f9353d6eba70a725da0bab1e1251aea6b1e767a87dafb5d8b232be186,2021-05,Northumbria Police,Northumbria Police,-1.571337,55.002584,On or near ST ASAPH CLOSE,E01008319,Newcastle upon Tyne 007B,Investigation complete; no suspect identified
ce37efe913b8215aac7eb726b1452826185150ab47fcbd3ef90db73e23bd2224,2021-05,Northumbria Police,Northumbria Police,-1.577520,55.001761,On or near MANOR PARK,E01008323,Newcastle upon Tyne 007F,Investigation complete; no suspect identified
897d774c74f1fcfc6aafeff9a4cfbec152e3173219574544ca77038901261e0d,2021-05,Northumbria Police,Northumbria Police,-1.449232,54.960872,On or near PRIESTLEY COURT,E01008606,South Tyneside 016C,Investigation complete; no suspect identified
596c9243328a3e349b972b5404ea2d286e8bf7d4931e517eccfc606c3c287ac2,2021-05,Northumbria Police,Northumbria Police,-1.582198,54.992449,On or near LANGTON TERRACE,E01008318,Newcastle upon Tyne 012D,Investigation complete; no suspect identified
386ffde511ec99b9d339d044bb88537844201556b16808e8c1136e1810fe5ac8,2021-05,Northumbria Police,Northumbria Police,-1.638866,54.968493,On or near ELSWICK ROAD,E01008438,Newcastle upon Tyne 029G,Investigation complete; no suspect identified
d17ffef9d774819ced845b90be1cf5ce69189ddc61b924d73239cd7a65e6d85f,2021-05,Northumbria Police,Northumbria Police,-1.588457,54.919816,On or near WAVERLEY ROAD,E01008190,Gateshead 023B,Investigation complete; no suspect identified
c5b289d2162eaf0513a8185634202df73f2760c1e4eb70c4d1f4690087aa7740,2021-05,Northumbria Police,Northumbria Police,-1.573529,55.183419,On or near STATION ROAD,E01027529,Northumberland 010B,Investigation complete; no suspect identified
bbbba319592cf89fee8e7448c76010f2d62b652127648d07000b9e9811537bb6,2021-05,Northumbria Police,Northumbria Police,-1.441118,54.961518,On or near HARDY AVENUE,E01008606,South Tyneside 016C,Investigation complete; no suspect identified
73a52fefe97df8f713b7376e32eabb5961a64dc178ec33cbdcb470d7babe503c,2021-05,Northumbria Police,Northumbria Police,-1.553177,55.031526,On or near Parking Area,E01008507,North Tyneside 012D,Investigation complete; no suspect identified
acd5fcf03aec89593cf91fc8253b65498fec4928c368be67082b4db5e02102da,2021-05,Northumbria Police,Northumbria Police,-1.394937,54.969834,On or near FELLSIDE,E01008624,South Tyneside 018A,Investigation complete; no suspect identified
1e8d411dd1a98b25a9360bdfd270813665f532d54745224eacf391c1d26c6f27,2021-05,Northumbria Police,Northumbria Police,-1.443897,55.007909,On or near CAMDEN STREET,E01008524,North Tyneside 022B,Suspect charged
bacd516750da51375f50ff431416f06eb8d562e19345dc5715c39f2d0b555ebf,2021-05,Northumbria Police,Northumbria Police,-1.592907,55.052405,On or near Sports/Recreation Area,E01008578,North Tyneside 002D,Investigation complete; no suspect identified
b68f7201f591ba8730276b41be00636b172caf039ee3aaaf8b7c3223ac3bdab7,2021-05,Northumbria Police,Northumbria Police,-1.439106,54.975896,On or near VINE STREET,E01008590,South Tyneside 011A,Investigation complete; no suspect identified
e6704438af6a3d82818811e616dcc889fc6a65f726fc581d028737df63261432,2021-05,Northumbria Police,Northumbria Police,-1.855479,54.961484,On or near Parking Area,E01027501,Northumberland 038E,Investigation complete; no suspect identified
c97ea47886ffc8c7193a481d39fbd672fe33ba939883134bf0f1d4e58b0c65dd,2021-05,Northumbria Police,Northumbria Police,-1.592907,55.052405,On or near Sports/Recreation Area,E01008578,North Tyneside 002D,Investigation complete; no suspect identified
9fd5242c83784b3dc87dc282c4a644e5448a35282d775905699138ecf66863c0,2021-05,Northumbria Police,Northumbria Police,-1.405712,54.916059,On or near INKERMAN STREET,E01008820,Sunderland 005F,Investigation complete; no suspect identified
1ea6f6b0b90354a92e2e138ec44e231fec9af07cb3389cdbbd7824873600aba2,2021-05,Northumbria Police,Northumbria Police,-1.520265,55.133339,On or near CHESTNUT AVENUE,E01027416,Northumberland 022C,Investigation complete; no suspect identified
9f525d7765462a655c20ad9fa514c7fd22c9a3dcbcdb4962f739039d16fd8b71,2021-05,Northumbria Police,Northumbria Police,-1.505884,55.036555,On or near ETAL CRESCENT,E01008567,North Tyneside 007D,Investigation complete; no suspect identified
d4507eb35a5cde51f2d23f1bbb4e79f3530b6cf26eada7032323080a3ce4d024,2021-05,Northumbria Police,Northumbria Police,-1.438112,54.927329,On or near REDESDALE ROAD,E01008841,Sunderland 003F,Investigation complete; no suspect identified
4ecbc8bf3053129ffc21257c4941114781e57b9081ed5a605aca864a2ed45e59,2021-05,Northumbria Police,Northumbria Police,-1.614543,54.981781,On or near KENSINGTON TERRACE,E01008397,Newcastle upon Tyne 024C,Investigation complete; no suspect identified
2d3b6c65e2a8d5ae8eacd21f9415686974ea78e49274bd8db8fefe66f14661cd,2021-05,Northumbria Police,Northumbria Police,-1.592907,55.052405,On or near Sports/Recreation Area,E01008578,North Tyneside 002D,Investigation complete; no suspect identified
71147c823b1e6c1ed82e863be2c67715cf350725d6332de44b3765a6b9f16d63,2021-05,Northumbria Police,Northumbria Police,-1.607346,54.992398,On or near THORNLEIGH ROAD,E01008373,Newcastle upon Tyne 013E,Suspect charged
322bf039b3cd00523b42e0bc593e82cae7a7c3154a53dd2455cbc5e96f8805e5,2021-05,Northumbria Police,Northumbria Police,-1.626406,54.974710,On or near SPRING STREET,E01033554,Newcastle upon Tyne 024I,Investigation complete; no suspect identified
543c0a546673bd763191136b7877a860c1bee94973f143bd93a30cffb6ba0527,2021-05,Northumbria Police,Northumbria Police,-1.582263,54.977128,On or near FLORA STREET,E01008303,Newcastle upon Tyne 018A,Investigation complete; no suspect identified
fbb399d8a2f9b1a8a7c1816ea84c8bb7e60c4d5ddfecafc41ec0d50d9bce4253,2021-05,Northumbria Police,Northumbria Police,-1.618773,54.922871,On or near Parking Area,E01008226,Gateshead 025D,Investigation complete; no suspect identified
3bf1ea6c38c38ad2a3d2bf9b37b08e0881c010f2519e5f44c0b52f330b33b5c2,2021-05,Northumbria Police,Northumbria Police,-1.492335,54.867952,On or near THE COVE,E01008793,Sunderland 030A,Investigation complete; no suspect identified
4e39b3b92324461ebbf64b528f7e4bc70a97558ef8bf1fb6ea2d0a8627e36d9d,2021-05,Northumbria Police,Northumbria Police,-2.252915,54.972728,On or near GREENWICH GARDENS,E01027488,Northumberland 040C,Investigation complete; no suspect identified
90a37dbbcad36b6f5f1e6a9b40698b9d3a5b763348c48c4dc3c690a5fdb7e141,2021-05,Northumbria Police,Northumbria Police,-1.376764,54.901554,On or near EGERTON STREET,E01008836,Sunderland 016F,Investigation complete; no suspect identified
3371285feb50eb36c467bbd8dc9a5a498c4fb0d9ee5b31111a5db8ae93657593,2021-05,Northumbria Police,Northumbria Police,-1.505865,54.954124,On or near MERCHANT COURT,E01008629,South Tyneside 020C,Investigation complete; no suspect identified
5fb13651a53d65b3b88754202bf9fd670b2808e11e1332d4d9c6219f395a29a2,2021-05,Northumbria Police,Northumbria Police,-1.380407,54.906002,On or near JOHN STREET,E01008703,Sunderland 013B,Investigation complete; no suspect identified
1611093f3fb37bb945bdbdf5f4fede1d9ad0d152a433e55af79d94a063a51b2c,2021-05,Northumbria Police,Northumbria Police,-1.633258,55.002822,On or near OAKFIELD TERRACE,E01008421,Newcastle upon Tyne 006F,Investigation complete; no suspect identified
2ba2a21d86c9b38d5c69581437efeb0b1a75730d696252b959a30ee59d08284f,2021-05,Northumbria Police,Northumbria Police,-1.612220,54.976400,On or near Shopping Area,E01008397,Newcastle upon Tyne 024C,Investigation complete; no suspect identified
7b0c823e985701dcce67c29aaee0bb50c28b7f78bd1e179c8683da691027ece3,2021-05,Northumbria Police,Northumbria Police,-1.418373,54.907781,On or near ONSLOW STREET,E01008757,Sunderland 015A,Investigation complete; no suspect identified
c1d94c34652a859d465dbdab4656bb426c12eb6f5929ab8f11b73974dcd4ce47,2021-05,Northumbria Police,Northumbria Police,-1.682165,54.976396,On or near BURNOPFIELD GARDENS,E01008288,Newcastle upon Tyne 027A,Investigation complete; no suspect identified
c4b25ff4071b81cd86ecceffe33b4db11eefcf0e5b858e45fa1eaf1e660a666d,2021-05,Northumbria Police,Northumbria Police,-1.578266,54.893298,On or near Parking Area,E01008175,Gateshead 026D,Investigation complete; no suspect identified
bde47969fe51bca2cecf99e5643eb242e2b731975548d64602aaedc98cb0690f,2021-05,Northumbria Police,Northumbria Police,-1.589041,54.946705,On or near BROWNSEA PLACE,E01008205,Gateshead 028C,Investigation complete; no suspect identified
bde47969fe51bca2cecf99e5643eb242e2b731975548d64602aaedc98cb0690f,2021-05,Northumbria Police,Northumbria Police,-1.589041,54.946705,On or near BROWNSEA PLACE,E01008205,Gateshead 028C,Investigation complete; no suspect identified
bde47969fe51bca2cecf99e5643eb242e2b731975548d64602aaedc98cb0690f,2021-05,Northumbria Police,Northumbria Police,-1.589041,54.946705,On or near BROWNSEA PLACE,E01008205,Gateshead 028C,Investigation complete; no suspect identified
01d5194d729de00f68166002c964bf36f7deb80931713ecab39c06983dca9228,2021-05,Northumbria Police,Northumbria Police,-1.645994,55.021182,On or near INGRAM AVENUE,E01008342,Newcastle upon Tyne 003G,Investigation complete; no suspect identified
04c55d947e84faf95da8bff316547da9ff8e6748f54d4a335f04318d464a2cfa,2021-05,Northumbria Police,Northumbria Police,-1.442540,55.014481,On or near LINSKILL TERRACE,E01008559,North Tyneside 017C,Suspect charged
ba615add07dc35d21e85575426d7f5ad079d02b7610d6ce0ad5dd79a6aa1d917,2021-05,Northumbria Police,Northumbria Police,-1.627330,54.971055,On or near RAVENSWORTH TERRACE,E01033554,Newcastle upon Tyne 024I,Investigation complete; no suspect identified
84da235f19197a5546c2ae2c1483fc607e73f80acc3091642454ed9f50410204,2021-05,Northumbria Police,Northumbria Police,-1.591600,54.971498,On or near HORATIO STREET,E01033548,Newcastle upon Tyne 023G,Investigation complete; no suspect identified
f957081331d95ca9a7b4d51fe64e519505a2e096011b64f67c8618576961b5df,2021-05,Northumbria Police,Northumbria Police,-1.626815,54.970982,On or near HIGH SWINBURNE PLACE,E01033554,Newcastle upon Tyne 024I,Investigation complete; no suspect identified
04ddccda1e71f00f6f77219c44a3178ec5b3dc98fb38767a8e8ce30cbc487258,2021-05,Northumbria Police,Northumbria Police,-1.530556,54.991290,On or near PARK ROAD,E01008573,North Tyneside 029B,Investigation complete; no suspect identified
5cd2c10e7676792afd7fb545cf843de12807e54b7cc2d753b4de21532ec4c128,2021-05,Northumbria Police,Northumbria Police,-1.607514,54.976753,On or near Further/Higher Educational Building,E01008397,Newcastle upon Tyne 024C,Investigation complete; no suspect identified
2f0a0a380688d19bf8e213b0e4d7dec1c53f8935c2aeff05b56c52c8d4405017,2021-05,Northumbria Police,Northumbria Police,-1.518306,55.181452,On or near SEATON AVENUE,E01027544,Northumberland 009D,Investigation complete; no suspect identified
2c3078bad4426030a50fd60d7234c7371aa919464192405fd9ba2502a9477801,2021-05,Northumbria Police,Northumbria Police,-1.599376,54.971829,On or near CITY ROAD,E01033548,Newcastle upon Tyne 023G,Investigation complete; no suspect identified
06273ed935fdd2ebbfd7706f42d8bef4013e804451b01e226a891294d98dcb38,2021-05,Northumbria Police,Northumbria Police,-1.611977,54.974045,On or near Shopping Area,E01033543,Newcastle upon Tyne 024G,Investigation complete; no suspect identified
fd389e6fc136c0aea47e5eb3222e105b20a8ed5bd16fadefe83c35b62c610b18,2021-05,Northumbria Police,Northumbria Police,-1.578637,54.898053,On or near CRAIG STREET,E01008175,Gateshead 026D,Investigation complete; no suspect identified
f159f006cea3ad1ea1ae89485168e3e2b36807fa4a8a66520cecb371cd282570,2021-05,Northumbria Police,Northumbria Police,-1.531236,55.111249,On or near Supermarket,E01027427,Northumberland 025C,Investigation complete; no suspect identified
a0f52876826d619613726dbce0ba35f3df70cb0bd6bd542fcd8fb274dd2c34b3,2021-05,Northumbria Police,Northumbria Police,-1.596993,54.985211,On or near SANDYFORD ROAD,E01008367,Newcastle upon Tyne 017A,Investigation complete; no suspect identified
0f1a588651fa04dc19fbc3c382ac879547560940701a6232a978077b75f668a1,2021-05,Northumbria Police,Northumbria Police,-1.541180,54.986074,On or near EASTFIELD AVENUE,E01008436,Newcastle upon Tyne 020F,Investigation complete; no suspect identified
a2f273aa415ed203da8550d6afdc75afb440dc385f8dc8040da1eb7f38f6b629,2021-05,Northumbria Police,Northumbria Police,-1.649533,54.970420,On or near CLIFTON ROAD,E01008335,Newcastle upon Tyne 029E,Investigation complete; no suspect identified
c1e3c366bb3b0c2fa86284d2f77f58a1fff0cd7ef93b30d72292fbaec00decfa,2021-05,Northumbria Police,Northumbria Police,-1.609932,54.993206,On or near BRENTWOOD AVENUE,E01008373,Newcastle upon Tyne 013E,Investigation complete; no suspect identified
5b14a681b0bec2de9333c2bc049a67b574e615ea50fdf7f0184ff3d4290f200c,2021-05,Northumbria Police,Northumbria Police,-1.430751,54.998880,On or near Nightclub,E01008596,South Tyneside 001B,Investigation complete; no suspect identified
f0b9efb01ba899fe729b4cde54aa1dc76dec06ea76a837db89c82e5b22f43922,2021-05,Northumbria Police,Northumbria Police,-1.467325,54.965015,On or near EDINBURGH ROAD,E01008602,South Tyneside 014A,Investigation complete; no suspect identified
c5b2c773f62f5692b1a9e1fcd6363339d27d9107b28f79227a51ddec0de171f7,2021-05,Northumbria Police,Northumbria Police,-1.622684,54.965065,On or near Parking Area,E01033545,Newcastle upon Tyne 024H,Investigation complete; no suspect identified
cb8a23fa734833a6ce9373f7bf0ec2f4a7dcfb3aa74bb7ad55fdd911a7889c19,2021-05,Northumbria Police,Northumbria Police,-1.791782,54.951094,On or near ROCKWOOD HILL ESTATE,E01008195,Gateshead 002A,Investigation complete; no suspect identified
7ac7d43bb8efe53de81541c8a6701b4613a860fa80ca743c930d1cae4182e02d,2021-05,Northumbria Police,Northumbria Police,-1.677556,54.962779,On or near RIVERSIDE WAY,E01008262,Gateshead 009A,Investigation complete; no suspect identified
9720bfc13a4887c94d39619b5d9bb70c2345034af5763f3afddfcf95c1846a0f,2021-05,Northumbria Police,Northumbria Police,-1.791782,54.951094,On or near ROCKWOOD HILL ESTATE,E01008195,Gateshead 002A,Investigation complete; no suspect identified
075401af9f18e35970c978641b0084128e33055cb92319cb63f6185d5ab9e43c,2021-05,Northumbria Police,Northumbria Police,-1.430428,54.998501,On or near Parking Area,E01008596,South Tyneside 001B,Suspect charged
986cb0ae90cfdc2dbbcd5600888be570f9159d70abfc7c23985c6403c6995761,2021-05,Northumbria Police,Northumbria Police,-1.436190,54.924130,On or near RIBBLE ROAD,E01008842,Sunderland 004F,Investigation complete; no suspect identified
31fb5b304bdb178aa004a9cf3a07c401dd8279991a8559ff8099f79e85177194,2021-05,Northumbria Police,Northumbria Police,-1.394941,54.909239,On or near TRIMDON STREET,E01008700,Sunderland 013A,Suspect charged
c48d0cea2ee04c785c1e3308b843a1863d6776ebefb42061460ab8cb2f4922d5,2021-05,Northumbria Police,Northumbria Police,-1.444462,55.004380,On or near NEW QUAY,E01008524,North Tyneside 022B,Investigation complete; no suspect identified
e0314f6e8acebae90da64d0174394b6482ce69520d41e8f8dc2a38f68c370d4a,2021-05,Northumbria Police,Northumbria Police,-1.709857,54.977409,On or near CHARLTON STREET,E01008387,Newcastle upon Tyne 021G,Investigation complete; no suspect identified
4b0ab9e45d962d70702cd40091108afabe6ea1681d7a3ad8fa01aeb3bd147d2f,2021-05,Northumbria Police,Northumbria Police,-1.688102,54.968279,On or near Pedestrian Subway,E01033547,Newcastle upon Tyne 025E,Investigation complete; no suspect identified
6bf174fc0f72a8fd5a9ea8410b8a3aa51402348dcc5b3b970bb7b9c9444d4282,2021-05,Northumbria Police,Northumbria Police,-1.531661,55.128495,On or near MALVINS ROAD,E01027391,Northumberland 024A,Investigation complete; no suspect identified
26e4aa3d5574ef06a8800f2cde011657ff88646e1462cfd2d62ed97651afc5fd,2021-05,Northumbria Police,Northumbria Police,-1.622448,54.978598,On or near Park/Open Space,E01008395,Newcastle upon Tyne 024B,Investigation complete; no suspect identified
65cdfa05479c52ad63de8fd10884e4569ffe9ceeabaee97cf6a627b2c6196538,2021-05,Northumbria Police,Northumbria Police,-1.549114,54.985151,On or near COURTFIELD ROAD,E01008435,Newcastle upon Tyne 020E,Investigation complete; no suspect identified
9bb6fe5263e2b65be22a4e4b8f1e046be15e737bc7cdb8e4e237690abe185289,2021-05,Northumbria Police,Northumbria Police,-1.686685,54.945666,On or near HAWKSBURY,E01008266,Gateshead 009E,Investigation complete; no suspect identified
4af99811ac0bb25288261a059c950859ef4f08696c2b2bae9f4c6c147b1288cd,2021-05,Northumbria Police,Northumbria Police,-1.621161,54.969293,On or near WATERLOO STREET,E01033554,Newcastle upon Tyne 024I,Investigation complete; no suspect identified
dcccd1d07a414ab6013a240e48c18f7805e8e19a10f7e0254686fe0000565886,2021-05,Northumbria Police,Northumbria Police,-1.465852,54.965377,On or near MOFFAT AVENUE,E01008602,South Tyneside 014A,Investigation complete; no suspect identified
fc05ae04216026fc4c78e5b5efb693cae12043b6fc02a4ef025bd6cdd287345e,2021-05,Northumbria Police,Northumbria Police,-1.519176,54.911618,On or near VERMONT,E01008854,Sunderland 009B,Investigation complete; no suspect identified
e40c50148560de869e6de1501df3a13b23c52d4d64839871350129c3c7cc6ef8,2021-05,Northumbria Police,Northumbria Police,-1.374449,54.895988,On or near VILLETTE BROOK STREET,E01008735,Sunderland 016B,Investigation complete; no suspect identified
dfcbc2f3749261185030db254baf230112f661a77c072caef45e31df924207b9,2021-05,Northumbria Police,Northumbria Police,-1.588240,55.165470,On or near GLENDALE AVENUE,E01027554,Northumberland 017F,Investigation complete; no suspect identified
07a13d7ae9c6cb81b795c76a91d6436808ef42e894198dd8d3e0b92de239bafc,2021-05,Northumbria Police,Northumbria Police,-1.573280,54.978534,On or near Shopping Area,E01008392,Newcastle upon Tyne 026F,Suspect charged
1f709853c35a3ca671cc7af1ff66fe9297f20ca741ce6e84a7d5294030e972c2,2021-05,Northumbria Police,Northumbria Police,-1.418693,54.967865,On or near Sports/Recreation Area,E01008691,South Tyneside 019D,Investigation complete; no suspect identified
64b874d9abf9d8a4b62a36ef28d75d5826589b9bac9aef1af8c5468cae557a6d,2021-05,Northumbria Police,Northumbria Police,-1.577226,54.976176,On or near CONYERS ROAD,E01008303,Newcastle upon Tyne 018A,Investigation complete; no suspect identified
aaac1c6d5fcc41f75a44999821aa557a9cabd9a9f0c07c6ae3a02ef7c836e75f,2021-05,Northumbria Police,Northumbria Police,-1.480325,54.952463,On or near THE WILLOWS,E01008630,South Tyneside 020D,Investigation complete; no suspect identified
4cec428a6bf385d97c0f138382ab043690c362004c96bc45aebd7b22d4049572,2021-05,Northumbria Police,Northumbria Police,-1.402909,54.872452,On or near SILKSWORTH TERRACE,E01008805,Sunderland 027C,Investigation complete; no suspect identified
d6e9982f30cc433380b270f425327e969796c685cec377f484fd32c9bbe6cc40,2021-05,Northumbria Police,Northumbria Police,-1.375470,54.905537,On or near BOROUGH ROAD,E01008703,Sunderland 013B,Investigation complete; no suspect identified
fde8c0aa0da984d2d5b5002f0bd22e83815e5b938f4df1edf2b216ef0314dc17,2021-05,Northumbria Police,Northumbria Police,-1.617134,54.972264,On or near NEWGATE STREET,E01033543,Newcastle upon Tyne 024G,Offender given a caution
d7b75262a144073612f93a32813227e4e5058fa09e31e221d1d0bb9c7f7875e8,2021-05,Northumbria Police,Northumbria Police,-1.571742,55.183098,On or near Shopping Area,E01027529,Northumberland 010B,Investigation complete; no suspect identified
2c0aa7a07152b10775554e2171578231a8ddfb1ea983ef581229854b200e0d3b,2021-05,Northumbria Police,Northumbria Police,-1.611184,54.970394,On or near Nightclub,E01033543,Newcastle upon Tyne 024G,Investigation complete; no suspect identified
c1196d9e5ea4a1766648d02afeeb192ad045fa40871acee98105a4fedca96a36,2021-05,Northumbria Police,Northumbria Police,-1.531236,55.111249,On or near Supermarket,E01027427,Northumberland 025C,Suspect charged
c5196d8d12ae801bee4059c36024fe1296e89556cfef815fbb50176da223c40c,2021-05,Northumbria Police,Northumbria Police,-1.616741,55.018488,On or near CELANDINE CLOSE,E01008357,Newcastle upon Tyne 002D,Offender given penalty notice
1189c8fe0b879c4192cdc8c4650797b387c0395ab129b74ee7b40a94a628f385,2021-05,Northumbria Police,Northumbria Police,-1.492759,54.991741,On or near CLAVERING STREET,E01008542,North Tyneside 028B,Investigation complete; no suspect identified
0cf96a4644dd8bab93d368c7ba545a1dd257d3295c3b12f915ed3bc64b802f12,2021-05,Northumbria Police,Northumbria Police,-1.682377,54.923701,On or near CLOVER HILL,E01008274,Gateshead 019G,Investigation complete; no suspect identified
29ec8a0b84305d5e4cd0ee816f40296c40b0dd2553f7acde6a3c71f129d763fd,2021-05,Northumbria Police,Northumbria Police,-1.579013,54.977179,On or near Supermarket,E01008303,Newcastle upon Tyne 018A,Investigation complete; no suspect identified
8d19da35d25362dc678096741de097fe8ff42eb786d6d00e90f0e1620512d653,2021-05,Northumbria Police,Northumbria Police,-1.615322,54.972222,On or near NUN STREET,E01033543,Newcastle upon Tyne 024G,Investigation complete; no suspect identified
01e67dcc340830bb10131b7ba73807d7e7519003d60a543eaa47949eeb668722,2021-05,Northumbria Police,Northumbria Police,-1.438693,54.918085,On or near LINNET GROVE,E01008697,Sunderland 008E,Investigation complete; no suspect identified
1364b6bbdf3bebb79b8f9556dcfaed71b0420607825f6a3bc9bdd3571fce84bc,2021-05,Northumbria Police,Northumbria Police,-1.531236,55.111249,On or near Supermarket,E01027427,Northumberland 025C,Suspect charged
f91e442e5b44b92129bbd0d83503740906f5b04e0cb1fec9e09ce66aca97eeff,2021-05,Northumbria Police,Northumbria Police,-1.537312,54.988153,On or near CRAWLEY ROAD,E01008575,North Tyneside 030E,Investigation complete; no suspect identified
e836fb4f25baec5e032f8c08bb69889cee8d612d8b2b686cd50bebc071fe9ffd,2021-05,Northumbria Police,Northumbria Police,-1.602375,54.978246,On or near NAPIER STREET,E01008407,Newcastle upon Tyne 023B,Investigation complete; no suspect identified
0d94ce7545eeeccf8f52a987662be343c36977fbd8da370bde0e1ca5ae9cf337,2021-05,Northumbria Police,Northumbria Police,-1.657685,54.974326,On or near CANNING STREET,E01008332,Newcastle upon Tyne 029B,Investigation complete; no suspect identified
e2569f1da421ba71683e3039ca10be34355228eea66d01b73bd97f61a840207f,2021-05,Northumbria Police,Northumbria Police,-1.582734,54.969374,On or near HAWICK CRESCENT,E01008305,Newcastle upon Tyne 026D,Investigation complete; no suspect identified
e2569f1da421ba71683e3039ca10be34355228eea66d01b73bd97f61a840207f,2021-05,Northumbria Police,Northumbria Police,-1.582734,54.969374,On or near HAWICK CRESCENT,E01008305,Newcastle upon Tyne 026D,Investigation complete; no suspect identified
e2569f1da421ba71683e3039ca10be34355228eea66d01b73bd97f61a840207f,2021-05,Northumbria Police,Northumbria Police,-1.582734,54.969374,On or near HAWICK CRESCENT,E01008305,Newcastle upon Tyne 026D,Suspect charged
79c36c3d009321abf56e61a85c65bea8c9fcb06d804df39a128977620817e0aa,2021-05,Northumbria Police,Northumbria Police,-1.539080,54.990766,On or near HEDLEY PLACE,E01008537,North Tyneside 030D,Investigation complete; no suspect identified
b823b780c074a9e8f38d04df2630615b091d76644e5fba00f70c7a0b7ab49a35,2021-05,Northumbria Police,Northumbria Police,-1.601293,54.954977,On or near GRANVILLE STREET,E01008163,Gateshead 028A,Investigation complete; no suspect identified
96ab3070739464395fa12c4e96e0988d75cb377575a51d1841be9afe943aff82,2021-05,Northumbria Police,Northumbria Police,-1.527878,55.070287,On or near AVENUE ROAD,E01027432,Northumberland 032A,Investigation complete; no suspect identified
ef275e403ce1c2bf47741f3d5291ec168491857440ac3a1552b119bf1f41cbf1,2021-05,Northumbria Police,Northumbria Police,-1.527878,55.070287,On or near AVENUE ROAD,E01027432,Northumberland 032A,Investigation complete; no suspect identified
b4266eb134ea2e37627cc81395c0c759ea366e248f97ec412bcde4c2d62de98e,2021-05,Northumbria Police,Northumbria Police,-1.601074,54.977101,On or near WRETHAM PLACE,E01008406,Newcastle upon Tyne 023A,Investigation complete; no suspect identified
9bc0114dc2cacc655b0826d8cbeaa869f26436226860457a301510061f9254f8,2021-05,Northumbria Police,Northumbria Police,-1.509128,55.002888,On or near OCTAVIA COURT,E01008509,North Tyneside 026B,Investigation complete; no suspect identified
ed38288a2c00fd6aae3710696d1090e20683be6d1125b4440261d44bcf21c6a8,2021-05,Northumbria Police,Northumbria Police,-1.524562,54.899301,On or near DRYBURGH,E01008849,Sunderland 019D,Investigation complete; no suspect identified
36b8ccd87f4168640dbc6be43e9e19753db3bd2f2a05d98f40345bc7a2441890,2021-05,Northumbria Police,Northumbria Police,-1.487655,54.962981,On or near LANGLEY TERRACE,E01008662,South Tyneside 017D,Investigation complete; no suspect identified
877f237113d00683acf14479acb8a2e878473679abcd2f505b75c791e005a020,2021-05,Northumbria Police,Northumbria Police,-1.411778,54.925839,On or near MAPLEWOOD AVENUE,E01008821,Sunderland 004D,Investigation complete; no suspect identified
2b9c6d187c64a95d2667cfe4793063cb7ca10fc953f8867b81eef45c2d4135fe,2021-05,Northumbria Police,Northumbria Police,-1.566489,55.021527,On or near STATION ROAD NORTH,E01008470,North Tyneside 014A,Investigation complete; no suspect identified
ded2fd37bd230e3e4c43a760116e62eef9f242707e0ce13aa58292c0fe8fe62c,2021-05,Northumbria Police,Northumbria Police,-1.620700,54.931972,On or near CENTRALWAY,E01008259,Gateshead 007D,Investigation complete; no suspect identified
6c2d9f0a6bdfdf713e081030c66f1bb2cb15fce5c2dc771bd3153f37bb7ae0b1,2021-05,Northumbria Police,Northumbria Police,-1.451552,54.821332,On or near PEMBERTON STREET,E01008742,Sunderland 035C,Investigation complete; no suspect identified
80a35c5d971b1505c33928a41ded50155c849ad9ee8167a293850d99a4c2fb4b,2021-05,Northumbria Police,Northumbria Police,-1.403812,54.905266,On or near AISKELL STREET,E01008706,Sunderland 011C,Investigation complete; no suspect identified
2a60f37b355a4bd2b2c52accf6018e94a5628ad9a83f913d285c991ca35ab787,2021-05,Northumbria Police,Northumbria Police,-1.607538,54.993513,On or near SUNBURY AVENUE,E01008373,Newcastle upon Tyne 013E,Investigation complete; no suspect identified
d214c8afac2fd8414cf153e998ebf463fd4ce9ee11242f9a580d9fbf2f1c58b7,2021-05,Northumbria Police,Northumbria Police,-1.491834,54.874348,On or near WEARDALE CRESCENT,E01008800,Sunderland 030D,Investigation complete; no suspect identified
9148d11af28f48a8e27617b5af594c1b1022f59c3e592cd542726365d0a34a96,2021-05,Northumbria Police,Northumbria Police,-1.681999,54.953894,On or near CROWLEY ROAD,E01008262,Gateshead 009A,Investigation complete; no suspect identified
10b2ee1ff2361da2d08852b08202405be8ac6b8ef01c7fda5e779c31fbc90455,2021-05,Northumbria Police,Northumbria Police,-1.464716,54.963889,On or near SELKIRK STREET,E01008602,South Tyneside 014A,Suspect charged
10b2ee1ff2361da2d08852b08202405be8ac6b8ef01c7fda5e779c31fbc90455,2021-05,Northumbria Police,Northumbria Police,-1.464716,54.963889,On or near SELKIRK STREET,E01008602,South Tyneside 014A,Suspect charged
5ffc470779a3b42f057d5ad373825ad6aa2de1248cd007b711656d37923846b4,2021-05,Northumbria Police,Northumbria Police,-1.598068,54.982447,On or near KELVIN GROVE,E01008411,Newcastle upon Tyne 017E,Investigation complete; no suspect identified
2c5c568cdb5d18994c3f7acd7f8a40ff627a1122de6253514811246a7cce249b,2021-05,Northumbria Police,Northumbria Police,-1.653407,55.006700,On or near KIRKWOOD DRIVE,E01008375,Newcastle upon Tyne 008C,Suspect charged
755af1a5c56a83a7ef40ee2ea4053b1402e116ac1cde69678b6f916933eef4c6,2021-05,Northumbria Police,Northumbria Police,-1.430171,54.876375,On or near AMBROSE ROAD,E01008778,Sunderland 026D,Investigation complete; no suspect identified
755af1a5c56a83a7ef40ee2ea4053b1402e116ac1cde69678b6f916933eef4c6,2021-05,Northumbria Police,Northumbria Police,-1.430171,54.876375,On or near AMBROSE ROAD,E01008778,Sunderland 026D,Investigation complete; no suspect identified
12f37396d2b9e7122a73c7ef32b48a38ca2656b2c5e390ca9413b3a9bcdac4c7,2021-05,Northumbria Police,Northumbria Police,-1.500985,55.007752,On or near TIVERTON CLOSE,E01008512,North Tyneside 026D,Investigation complete; no suspect identified
fe912f208dd0adfd89b2bd6f03eacd5fbffcb06b546a74eef72e65ba199172e9,2021-05,Northumbria Police,Northumbria Police,-1.386197,54.896515,On or near TUNSTALL VALE,E01008835,Sunderland 022G,Suspect charged
18480b7cc9158f7f0ece2748507fa3c0be97ee53a17ab9d295bbc680b5dc0af1,2021-05,Northumbria Police,Northumbria Police,-1.430171,54.876375,On or near AMBROSE ROAD,E01008778,Sunderland 026D,Suspect charged
18480b7cc9158f7f0ece2748507fa3c0be97ee53a17ab9d295bbc680b5dc0af1,2021-05,Northumbria Police,Northumbria Police,-1.430171,54.876375,On or near AMBROSE ROAD,E01008778,Sunderland 026D,Investigation complete; no suspect identified
18480b7cc9158f7f0ece2748507fa3c0be97ee53a17ab9d295bbc680b5dc0af1,2021-05,Northumbria Police,Northumbria Police,-1.430171,54.876375,On or near AMBROSE ROAD,E01008778,Sunderland 026D,Suspect charged
18480b7cc9158f7f0ece2748507fa3c0be97ee53a17ab9d295bbc680b5dc0af1,2021-05,Northumbria Police,Northumbria Police,-1.430171,54.876375,On or near AMBROSE ROAD,E01008778,Sunderland 026D,Investigation complete; no suspect identified
15cec325e7a5d01832c8611c8550b0a66e9f543ac7e2d511de48d3f8bee2697b,2021-05,Northumbria Police,Northumbria Police,-1.437459,54.992010,On or near TUDOR ROAD,E01008667,South Tyneside 002D,Offender given a caution
55ad240f01c504073d7b992b822cc0087e9c5f9412de65dcb67a82946977cf26,2021-05,Northumbria Police,Northumbria Police,-1.533918,55.129951,On or near COWLEY PLACE,E01027392,Northumberland 022A,Suspect charged
fe69a4ce5725b4953a75a6d6bb7529e9f2f4555c1789cadc88895b993a49ed77,2021-05,Northumbria Police,Northumbria Police,-1.579629,54.903107,On or near DEVON CRESCENT,E01008223,Gateshead 025B,Investigation complete; no suspect identified
ef986140dba691974a08ef04330135953a0ac9803e4a79c2cdb66cfe6857d0dc,2021-05,Northumbria Police,Northumbria Police,-1.646830,54.966971,On or near JAMES STREET,E01008437,Newcastle upon Tyne 029F,Investigation complete; no suspect identified
66f5a24dac9b6f130a5eb002661a9fc284d3d1ba6c9d343ff4f9de3556412f85,2021-05,Northumbria Police,Northumbria Police,-1.533918,55.129951,On or near COWLEY PLACE,E01027392,Northumberland 022A,Suspect charged
9421c8444eabf58c30629526cf7637fc0f1ee088d2ce4ab2a5c0e58bc00a00da,2021-05,Northumbria Police,Northumbria Police,-1.549943,54.889935,On or near TEAL CLOSE,E01008872,Sunderland 020F,Investigation complete; no suspect identified
16c87b9a6c30add959c3db1b11fd90f970da9bf2528eda7d4fb715b0cb3baa7f,2021-05,Northumbria Police,Northumbria Police,-1.368263,54.871755,On or near BLACK ROAD,E01008766,Sunderland 028C,Investigation complete; no suspect identified
8289a02c0e888f548736a08648d5ed03ff64bfbcec0ac895f1f76ade0af341c4,2021-05,Northumbria Police,Northumbria Police,-1.423255,54.985231,On or near Sports/Recreation Area,E01008678,South Tyneside 003E,Investigation complete; no suspect identified
4e2929aeeb8d33c3fe56654032cb4129c6497e38ead924e8125906a7d5cc1336,2021-05,Northumbria Police,Northumbria Police,-1.429112,54.986588,On or near MARLBOROUGH STREET NORTH,E01008668,South Tyneside 002E,Investigation complete; no suspect identified
b322d6e09d984baecef48a0d1615a97adb19a107456ff832bbf795c1518267a5,2021-05,Northumbria Police,Northumbria Police,-1.394899,54.908879,On or near ALLIANCE PLACE,E01008700,Sunderland 013A,Investigation complete; no suspect identified
763fe373296472b06f729b37101e632feb02a4817dcbcf0bcf6c1d0f59199022,2021-05,Northumbria Police,Northumbria Police,-1.594522,55.135739,On or near HASSOP WAY,E01027516,Northumberland 021B,Investigation complete; no suspect identified
d371d2d996a7061070d871f95c88106f0b8e0eb662bc22655b541c0f9f7d6f8d,2021-05,Northumbria Police,Northumbria Police,-2.094070,54.971059,On or near DEAN STREET,E01027493,Northumberland 035F,Investigation complete; no suspect identified
9ed63deccc5074c17569176a44e194fce586770e6e86583b086ffe5625d8aea9,2021-05,Northumbria Police,Northumbria Police,-1.636330,54.976052,On or near Supermarket,E01008399,Newcastle upon Tyne 024D,Investigation complete; no suspect identified
800a093911095202246ee4da286e568e66b42c5a0d504d2397edb46bb65e52a4,2021-05,Northumbria Police,Northumbria Police,-1.622419,54.981698,On or near Further/Higher Educational Building,E01008395,Newcastle upon Tyne 024B,Investigation complete; no suspect identified
399fcf372d8bc75fc9f596162db2c1dabbff24b6217176eba5499bec0a83b1d4,2021-05,Northumbria Police,Northumbria Police,-1.545782,54.974328,On or near BERRY CLOSE,E01008425,Newcastle upon Tyne 030B,Investigation complete; no suspect identified
818858c71a2819cc901b17bdc93c748e40d51ccb4b1ec205b6fb3e6536c299f7,2021-05,Northumbria Police,Northumbria Police,-1.462021,55.025271,On or near BENBRAKE AVENUE,E01008557,North Tyneside 013D,Investigation complete; no suspect identified
42f37c51163811d86b601e86d7fa05e08c05ee7fc777437fe8111d654f41f033,2021-05,Northumbria Police,Northumbria Police,-1.431635,54.997141,On or near BURROW STREET,E01008667,South Tyneside 002D,Investigation complete; no suspect identified
4795ddec37ed826abb9d8802354a4317e224f242263c4f31fb5e628d579c8346,2021-05,Northumbria Police,Northumbria Police,-1.372277,54.877213,On or near EDGMOND COURT,E01008763,Sunderland 028A,Investigation complete; no suspect identified
1b93350e160ffe2c4906ddb608572e6d004432161c983fa7a81879335ee2cb64,2021-05,Northumbria Police,Northumbria Police,-1.508340,55.034067,On or near FELTON CLOSE,E01008569,North Tyneside 011C,Offender given a caution
fb64445b46836aeb9f2462d2a90b9d06ab5478808fb86cb4f9942dd7b5ea9163,2021-05,Northumbria Police,Northumbria Police,-1.507556,55.007429,On or near COAST ROAD,E01008461,North Tyneside 021A,Investigation complete; no suspect identified
6736960e6cbbe64ec1afd787f882a8fdb4a1f14a98de1131d3ce820926460d1e,2021-05,Northumbria Police,Northumbria Police,-1.998445,55.753805,On or near HIGHCLIFFE,E01027389,Northumberland 001F,Investigation complete; no suspect identified
eb0d4ee4d14701e5de34ff015775de27ea650b40221dade9944327c7f8d06006,2021-05,Northumbria Police,Northumbria Police,-1.577957,54.988408,On or near Supermarket,E01008365,Newcastle upon Tyne 012F,Investigation complete; no suspect identified
e520a939b52106eb30a55295d471adb1a4c7d8d552e58c936e637b9014cd77be,2021-05,Northumbria Police,Northumbria Police,-1.430751,54.998880,On or near Nightclub,E01008596,South Tyneside 001B,Investigation complete; no suspect identified
598a1578e88ace73f7ee74f5f31255d0e44d85f02b30cab69078f74b0f432e71,2021-05,Northumbria Police,Northumbria Police,-1.585747,54.958870,On or near OVETT GARDENS,E01008162,Gateshead 027A,Investigation complete; no suspect identified
84f829fe5db7479a86cabbbce4c9bf78ba40fa7e2900efd2bdace50a4e4553e8,2021-05,Northumbria Police,Northumbria Police,-1.511904,55.002135,On or near WHITBY GARDENS,E01008571,North Tyneside 028D,Investigation complete; no suspect identified
62c220f7870f596f03fea608d2aa1dbdffd5fa9381a643f777df3a1338750251,2021-05,Northumbria Police,Northumbria Police,-1.616726,54.977349,On or near ST THOMAS' STREET,E01008397,Newcastle upon Tyne 024C,Investigation complete; no suspect identified
e01a4cd657327bb95da8e51586b3c5b84146ffbf13c69637252f6b0482fe8094,2021-05,Northumbria Police,Northumbria Police,-1.645802,55.019906,On or near BELSAY GARDENS,E01008342,Newcastle upon Tyne 003G,Investigation complete; no suspect identified
c364eafc4048a1658ce37b424df6281b1a60e3e984696525d0cde845e35d91b6,2021-05,Northumbria Police,Northumbria Police,-1.505827,55.037373,On or near Sports/Recreation Area,E01008567,North Tyneside 007D,Investigation complete; no suspect identified
e0627d411fbda0c2bcd48ec1d3c07e04e6a73da10246bffacb0ca480cde601f9,2021-05,Northumbria Police,Northumbria Police,-1.623571,54.980470,On or near RICHARDSON ROAD,E01008395,Newcastle upon Tyne 024B,Investigation complete; no suspect identified
2ddfb9a358c328b4d1c9311947fbdeee3a68ae31194d2619408dd2a4ba7413af,2021-05,Northumbria Police,Northumbria Police,-1.630372,55.049775,On or near CRANWELL DRIVE,E01008579,North Tyneside 004B,Investigation complete; no suspect identified
5670e4c768e19fb2898f5264e6db13c2e8893c8d25097e9c02f50d6ff7b9d738,2021-05,Northumbria Police,Northumbria Police,-1.510661,55.127370,On or near Supermarket,E01027415,Northumberland 023B,Investigation complete; no suspect identified
bf029d5f8be98789f3667fc9e3ec2b89c98f50988230dbe705eba4b1e709174d,2021-05,Northumbria Police,Northumbria Police,-1.570022,54.979296,On or near A193,E01008392,Newcastle upon Tyne 026F,Investigation complete; no suspect identified
10669438fd997e56fd3e8011fb8d4b5bb3ebd41933c346f603efa4ca07346e8f,2021-05,Northumbria Police,Northumbria Police,-1.557600,55.183892,On or near ALEXANDRA ROAD,E01027540,Northumberland 013B,Investigation complete; no suspect identified
d734721ef6b67044ac6d00231234a9cfe2322074f44e35ba527553707488440b,2021-05,Northumbria Police,Northumbria Police,-1.532522,54.996914,On or near QUEENS TERRACE,E01008574,North Tyneside 029C,Investigation complete; no suspect identified
bf14d88ba718d0042349a953a130c3ff1028e199453865676da169f06e0d0fe9,2021-05,Northumbria Police,Northumbria Police,-1.398248,54.922816,On or near COLDSTREAM AVENUE,E01033075,Sunderland 005G,Investigation complete; no suspect identified
02e04a5792daafeeeef0e2d986b70dac1a9d8a20a9956c993ca169214780da3d,2021-05,Northumbria Police,Northumbria Police,-1.512146,55.186882,On or near MANOR DRIVE,E01027541,Northumberland 009A,Investigation complete; no suspect identified
7d91004c14263c372e8626272510027a0dae0079ed121f4d5f8f262e5e5bd4df,2021-05,Northumbria Police,Northumbria Police,-2.016935,54.973835,On or near Petrol Station,E01027481,Northumberland 039A,Investigation complete; no suspect identified
637b3c10ef168e3abc4a4ca214094d97214cb16f920619facf7a35b0fb664341,2021-05,Northumbria Police,Northumbria Police,-1.505524,54.997176,On or near MERLIN CRESCENT,E01008511,North Tyneside 028A,Investigation complete; no suspect identified
8991222d960352cb1c10eec8466d6984f9ed42e993c2804941e179f7a162d391,2021-05,Northumbria Police,Northumbria Police,-1.386730,54.901487,On or near ALICE STREET,E01008831,Sunderland 013D,Investigation complete; no suspect identified
fe7445a665e97be5efd3917b4c332b20c00259b220bbce3523dd70728d133723,2021-05,Northumbria Police,Northumbria Police,-1.628058,54.971759,On or near CROSS VILLA PLACE NO 5,E01033554,Newcastle upon Tyne 024I,Investigation complete; no suspect identified
9e5a29ff756fe43565321d1fc71e347841f26557125c518f89dcfb9514eba215,2021-05,Northumbria Police,Northumbria Police,-1.534365,54.898368,On or near Parking Area,E01008848,Sunderland 019C,Investigation complete; no suspect identified
9e5a29ff756fe43565321d1fc71e347841f26557125c518f89dcfb9514eba215,2021-05,Northumbria Police,Northumbria Police,-1.534365,54.898368,On or near Parking Area,E01008848,Sunderland 019C,Investigation complete; no suspect identified
cb40fad1b8e7ec3fa0946beff0fbb320b4210da54f62201bcac82c6c3ff8c9b3,2021-05,Northumbria Police,Northumbria Police,-1.366566,54.885604,On or near WESTMINSTER TERRACE,E01008741,Sunderland 024B,Investigation complete; no suspect identified
83e7371ab7d23653d3053ea836a7b0f98d2eb65aeaae6deb266cf91409df4001,2021-05,Northumbria Police,Northumbria Police,-1.502742,54.998423,On or near GILSLAND AVENUE,E01008511,North Tyneside 028A,Investigation complete; no suspect identified
adab13bb540ca257a2c16b6bc063f36371dee76ca35f885ebefa6455fe5e95e2,2021-05,Northumbria Police,Northumbria Police,-1.473810,54.998238,On or near COCKBURN TERRACE,E01008541,North Tyneside 027C,Investigation complete; no suspect identified
53d2242db37b66120343c410c8b0f0dec63ed3007a6d2d13469c23940c811ecd,2021-05,Northumbria Police,Northumbria Police,-1.674973,55.172301,On or near Sports/Recreation Area,E01027457,Northumberland 011A,Investigation complete; no suspect identified
f239436ff04237bbe495e368411cde308e8de40027c1bfb8dada1ee1d775e1c9,2021-05,Northumbria Police,Northumbria Police,-1.401552,54.974540,On or near EAST CLOSE,E01008633,South Tyneside 008A,Suspect charged
2a2eedd3dcb04cb1056779bd8b00bb9cf4d14c11592ba2e94810ed8ff22951bd,2021-05,Northumbria Police,Northumbria Police,-1.441205,54.890993,On or near GEDDES ROAD,E01008732,Sunderland 021D,Investigation complete; no suspect identified
fd9a7f6e8ae4837fd7bbf612bab1bb3db887c1621567e1975bcf9473d857ee97,2021-05,Northumbria Police,Northumbria Police,-1.690095,55.167901,On or near Shopping Area,E01027453,Northumberland 016B,Local resolution
a9b106998751a9e9a812c202ec1ee529e1896a136183c8d19227f43a50980e8c,2021-05,Northumbria Police,Northumbria Police,-1.519015,54.964412,On or near JOHNSTON AVENUE,E01008643,South Tyneside 015A,Investigation complete; no suspect identified
a4b472756494542dc882185a72abfe531d2527f338892c391bab4bc8a1f6bafc,2021-05,Northumbria Police,Northumbria Police,-1.666353,54.948272,On or near CHERRYTREE DRIVE,E01008264,Gateshead 009C,Investigation complete; no suspect identified
ff6b4f2bbd643d89b738be6bf732854b28f7a8604cd6ed73f81ab4f41d368fdf,2021-05,Northumbria Police,Northumbria Police,-1.704771,54.985008,On or near WOODVILLE ROAD,E01008384,Newcastle upon Tyne 021D,Investigation complete; no suspect identified
4281865278f181c7250723b14df3c02485b4e4ea4f5f908b66713724c0ad750e,2021-05,Northumbria Police,Northumbria Police,-1.525944,55.028538,On or near Petrol Station,E01008501,North Tyneside 018D,Investigation complete; no suspect identified
26d7d43c0f636e6b961057729f1874f318d8b859b75bb8671b1e4fc925443d0c,2021-05,Northumbria Police,Northumbria Police,-1.573124,54.947576,On or near HEWITSON TERRACE,E01008212,Gateshead 012A,Investigation complete; no suspect identified
52f6108e696a39a1dbe52efe71c7e1fd1e521433f6423b1a0c6b39a517e4cede,2021-05,Northumbria Police,Northumbria Police,-1.562097,54.969571,On or near MONKCHESTER ROAD,E01008389,Newcastle upon Tyne 028B,Investigation complete; no suspect identified
308510b843406866d9f45bdd7aa8f1fff440cc81420c4e75ac286b508eae1b99,2021-05,Northumbria Police,Northumbria Police,-1.546288,54.984889,On or near VAUXHALL ROAD,E01008435,Newcastle upon Tyne 020E,Investigation complete; no suspect identified
d45b0f423dc3d52739135346ed898d8c24fa6662b3b3753da3baf74f8199cb56,2021-05,Northumbria Police,Northumbria Police,-1.554644,54.901904,On or near HUTTON CLOSE,E01008873,Sunderland 010A,Investigation complete; no suspect identified
b8a416443d60c4ec8de2eb20691608ff878ac3b526c0c9e5950d2dee123facdb,2021-05,Northumbria Police,Northumbria Police,-1.508675,55.126886,On or near HAVELOCK STREET,E01027415,Northumberland 023B,Suspect charged as part of another case
04628370642f4ef066f2981cc220664d7c092104fe717cdcb8ad02e432b2666c,2021-05,Northumbria Police,Northumbria Police,-1.496431,55.000562,On or near DENBIGH AVENUE,E01008510,North Tyneside 026C,Investigation complete; no suspect identified
23346fb70a8563c90036d0e7ae31d00369914190b4880427ca8fbf2bf5c173f8,2021-05,Northumbria Police,Northumbria Police,-1.496431,55.000562,On or near DENBIGH AVENUE,E01008510,North Tyneside 026C,Investigation complete; no suspect identified
be729189eac4d70e49af76edbd4d089b72146e9e018b9e3952abc05e10c9366c,2021-05,Northumbria Police,Northumbria Police,-1.574520,54.973533,On or near AVONDALE ROAD,E01008305,Newcastle upon Tyne 026D,Investigation complete; no suspect identified
44543204457ba24c0519e0aeaac5618583e0b4f44f5eee513fb587d8b905b22a,2021-05,Northumbria Police,Northumbria Police,-1.582540,54.979007,On or near LANGHORN CLOSE,E01008304,Newcastle upon Tyne 026C,Investigation complete; no suspect identified
f75059d184ba12eff993ebc77036c8f379e46a904fc1e3f1fbfed8463cc1f43c,2021-05,Northumbria Police,Northumbria Police,-1.560679,54.983585,On or near WALPOLE STREET,E01008392,Newcastle upon Tyne 026F,Investigation complete; no suspect identified
e208c942d421075cda3f34bf02384bc697b25935f0a25c4fc5922ae2d883dbc6,2021-05,Northumbria Police,Northumbria Police,-1.494297,55.023585,On or near Petrol Station,E01008488,North Tyneside 015A,Investigation complete; no suspect identified
f7ee4613683fa527a2522315214743e0032d4418fc32a89232ef843df277c5b4,2021-05,Northumbria Police,Northumbria Police,-1.381547,54.905936,On or near FAWCETT STREET,E01008703,Sunderland 013B,Investigation complete; no suspect identified
598435479cc0eea9e68fec74b00359b65ae6f9cde6f877e3a2b4db7c8797f6e1,2021-05,Northumbria Police,Northumbria Police,-1.404576,54.900003,On or near GENERAL GRAHAM STREET,E01008832,Sunderland 018C,Investigation complete; no suspect identified
28bb62baf75e0f12a2c5feeb58f75ad0092fe192a3440043bfec7049963c45bf,2021-05,Northumbria Police,Northumbria Police,-1.558062,54.935822,On or near PRESTWICK,E01008233,Gateshead 018D,Investigation complete; no suspect identified
57205691ccc654cdf881bf5f78b6af1c2feccf1f48e4a39fb6bf9a9922b5b32f,2021-05,Northumbria Police,Northumbria Police,-1.810339,54.919547,On or near SOUTH ROAD,E01008186,Gateshead 024B,Investigation complete; no suspect identified
2b98969d634c5d8369fc9ec249ae1fae9730449df14170304347a893f033d25d,2021-05,Northumbria Police,Northumbria Police,-1.756549,54.991503,On or near MARIA CLOSE,E01008400,Newcastle upon Tyne 014A,Investigation complete; no suspect identified
e8d84f62135b65aa364a2e8b3c55ffc9a3af97e6472a4490f0fb9b7a5b6c74f4,2021-05,Northumbria Police,Northumbria Police,-1.715348,54.976514,On or near NORTHUMBERLAND ROAD,E01008385,Newcastle upon Tyne 021E,Investigation complete; no suspect identified
ad2760f9e789eb68f38063b8679f335c23b3fc5ed997f6e9809d8cbdb297c157,2021-05,Northumbria Police,Northumbria Police,-1.429839,54.881145,On or near THORNEY CLOSE ROAD,E01008824,Sunderland 023B,Investigation complete; no suspect identified
b5a09bb36d934329f97992456422a838ebd5d667a6691d5780d562a20b385288,2021-05,Northumbria Police,Northumbria Police,-1.612740,54.974308,On or near Shopping Area,E01008397,Newcastle upon Tyne 024C,Investigation complete; no suspect identified
4061fc17937406e9cb5c4e55e941768d1836b621151855b5d72480e1b6b13796,2021-05,Northumbria Police,Northumbria Police,-1.458608,54.924394,On or near COCKERMOUTH ROAD,E01008699,Sunderland 008F,Investigation complete; no suspect identified
a00c07906cd7a714d87ac0e765cbbe8ef0764a3f872eb373b1b8584c8b1ab7ba,2021-05,Northumbria Police,Northumbria Police,-1.583192,54.909940,On or near NEWCASTLE BANK,E01008224,Gateshead 025C,Offender given a caution
470d1881eb4e9c3057ae5e1eead0ca2ce3c92bcd2189b296ddfd11ddd3a116f5,2021-05,Northumbria Police,Northumbria Police,-1.604153,54.962643,On or near Shopping Area,E01008168,Gateshead 027D,Investigation complete; no suspect identified
28de390ea1b07280af8c6dcdc40168aab076a2ca5e2fadb6bec6cd8c4c9340c5,2021-05,Northumbria Police,Northumbria Police,-1.410612,54.905263,On or near BELL STREET,E01008704,Sunderland 011B,Investigation complete; no suspect identified
b1a85970f04f36b598cbfbcba332f4db4dad33479ccde56661d775a498c1157f,2021-05,Northumbria Police,Northumbria Police,-1.665789,54.991799,On or near DEEPBROOK ROAD,E01008297,Newcastle upon Tyne 011B,Offender given a caution
c355fe5717922cc55233542ca8b26c02c2b1d95950cd0437e981786d0b41a0e8,2021-05,Northumbria Police,Northumbria Police,-1.395756,54.902728,On or near Theatre/Concert Hall,E01008831,Sunderland 013D,Investigation complete; no suspect identified
8b9680f3c04799c956153d74d80719667beec581ada1519825ab491082e77d77,2021-05,Northumbria Police,Northumbria Police,-1.382615,54.902383,On or near Parking Area,E01008831,Sunderland 013D,Suspect charged
dcb081d11413545392a06643e9e57c30fb394925f4ac53da685e3fbb9e9dbb39,2021-05,Northumbria Police,Northumbria Police,-1.690245,55.002405,On or near BARDON CLOSE,E01008456,Newcastle upon Tyne 004B,Investigation complete; no suspect identified
0d80aefc4f66ce993d18111a41f0d6f26d7a02a961423f05fd06ff2514bfc041,2021-05,Northumbria Police,Northumbria Police,-1.452131,55.021013,On or near KELVIN GROVE,E01008525,North Tyneside 017A,Investigation complete; no suspect identified
2a92ef4f14708c8bb560dd35b6fb1c04958937830231eb1229edb37e02ae484d,2021-05,Northumbria Police,Northumbria Police,-1.686878,54.954922,On or near SANDS ROAD,E01008262,Gateshead 009A,Investigation complete; no suspect identified
98f8442b071a97edfef348fc0ce8f44174a7ef06c0c8e0cf44a614f1403c218e,2021-05,Northumbria Police,Northumbria Police,-1.616515,54.981518,On or near CLAREMONT ROAD,E01008395,Newcastle upon Tyne 024B,Suspect charged
427661a0c130c6197b2e9177f0cd5b8db833f84db06ce1c884dc78e6fce1e579,2021-05,Northumbria Police,Northumbria Police,-1.456078,54.973178,On or near NEWCASTLE ROAD,E01008601,South Tyneside 012A,Suspect charged
a2431b928dd4564bd6dd205a4916c7ab21da239f3b515a98397ada49542298ba,2021-05,Northumbria Police,Northumbria Police,-1.539752,54.957959,On or near WOOD TERRACE,E01008243,Gateshead 003C,Investigation complete; no suspect identified
5fa013dc6d8ee58c8ba56cdde43bdff8db65b9f0776c6454c945c3154ae8a83a,2021-05,Northumbria Police,Northumbria Police,-1.584919,54.971017,On or near ST LAWRENCE SQUARE,E01008304,Newcastle upon Tyne 026C,Investigation complete; no suspect identified
57dab4cbb77f0b78f3618f303e9c132dceab883f7444a0067221df039160a819,2021-05,Northumbria Police,Northumbria Police,-1.639880,54.975640,On or near STANHOPE STREET,E01033556,Newcastle upon Tyne 022H,Investigation complete; no suspect identified
d4e759576e9f0ea73a52f52150a475289cf8bb46b1fb9a17db3bbbdfbf3d4d5d,2021-05,Northumbria Police,Northumbria Police,-1.461127,54.887704,On or near FOXCOVER ROAD,E01032484,Sunderland 032G,Investigation complete; no suspect identified
45a5709f71c0e56121ac9124aca962494f5f01d39aaae494069f21b958a68a95,2021-05,Northumbria Police,Northumbria Police,-1.401789,54.926024,On or near NORTON ROAD,E01008712,Sunderland 004A,Investigation complete; no suspect identified
48fb98b033220845fddcfa3aa3ac37be949a2fd19161b5712a40ad9cbd451d8a,2021-05,Northumbria Police,Northumbria Police,-1.420426,55.001545,On or near Parking Area,E01008598,South Tyneside 001D,Investigation complete; no suspect identified
736dc59a935337ba2af7f13d95b244376a43c26a79fbc7927447e1b7737daa3f,2021-05,Northumbria Police,Northumbria Police,-1.619541,55.160459,On or near A196,E01027531,Northumberland 017B,Investigation complete; no suspect identified
4c387276d932d591663b0b5ee559945420358de034cd2be52a34eb504e3d2c6b,2021-05,Northumbria Police,Northumbria Police,-1.438726,54.930261,On or near KENILWORTH SQUARE,E01008839,Sunderland 003D,Investigation complete; no suspect identified
c6385ebebadba872e335d471eb103e812e4881c4564c28f14c337966ddfe5ea7,2021-05,Northumbria Police,Northumbria Police,-1.502742,54.998423,On or near GILSLAND AVENUE,E01008511,North Tyneside 028A,Investigation complete; no suspect identified
7c133c1bf3ad89f4ff3d2cf2369f3ca3efe4d292259ff8fb77e9b83c97bf8427,2021-05,Northumbria Police,Northumbria Police,-1.597428,54.951083,On or near CHANDOS STREET,E01008203,Gateshead 028B,Investigation complete; no suspect identified
78964621cac05580efb0b4693eb58a61fb66a48978f9cf7efec80cdd4c8ab6a4,2021-05,Northumbria Police,Northumbria Police,-1.444354,54.989606,On or near WINDMILL HILL,E01008667,South Tyneside 002D,Investigation complete; no suspect identified
b4af50bf62b6fda1360fea7d8e3a153893eca9d1125e4c30bde4a206e065c99e,2021-05,Northumbria Police,Northumbria Police,-1.445442,55.008150,On or near Shopping Area,E01008524,North Tyneside 022B,Suspect charged
ea1cef5aedbdfc96c69fdf6188bd2ea441c11d765367bb1d5375e0f0c803aad1,2021-05,Northumbria Police,Northumbria Police,-1.673725,54.913200,On or near BURDON PLAIN,E01008273,Gateshead 019F,Investigation complete; no suspect identified
9dddc1631b9c72016b22cb59608239e830a58c3dfac8308fc7ed5492037ca89b,2021-05,Northumbria Police,Northumbria Police,-1.582199,55.070557,On or near WHERNSIDE PLACE,E01027407,Northumberland 031C,Investigation complete; no suspect identified
da757b5528525f50a445dde8945493e51831f67998714130816c7dd596059af3,2021-05,Northumbria Police,Northumbria Police,-1.560100,54.969375,On or near PINNER PLACE,E01008389,Newcastle upon Tyne 028B,Suspect charged
0d3ae5dd982d66b1ad9aefce876127f38cf12cb9583f2d7d432dcc2f9af2524c,2021-05,Northumbria Police,Northumbria Police,-1.547475,54.989090,On or near YEWTREE GARDENS,E01008434,Newcastle upon Tyne 020D,Investigation complete; no suspect identified
cf3a91aedfaf51613367c55dd1b637bd101b68dfbf0fb132303d1bd1dae236f2,2021-05,Northumbria Police,Northumbria Police,-1.546817,54.974017,On or near DUNCAN STREET,E01008429,Newcastle upon Tyne 028D,Investigation complete; no suspect identified
b382527a556690e5df88d10ee36f7d05064bcfa04b918b45cbf8634ccf4dfe10,2021-05,Northumbria Police,Northumbria Police,-1.374750,54.896655,On or near BEAUMONT STREET,E01008735,Sunderland 016B,Investigation complete; no suspect identified
ba86e884833ef05cb61670b71e7a00383bf511fe5c788eee35ea5d54e4a47e89,2021-05,Northumbria Police,Northumbria Police,-1.497619,54.864001,On or near HUNTER STREET,E01008793,Sunderland 030A,Investigation complete; no suspect identified
5f7afeb2d72c5b9af13ce0d080b629886c84ef81f04706c102a1ba9d338e38a4,2021-05,Northumbria Police,Northumbria Police,-1.619505,54.952735,On or near Pedestrian Subway,E01008257,Gateshead 008E,Investigation complete; no suspect identified
0d192a06ee38ae961c163169338e81acc7a6a0152cf6f057961808a03e5fc18b,2021-05,Northumbria Police,Northumbria Police,-1.438399,54.816985,On or near Parking Area,E01008746,Sunderland 036D,Investigation complete; no suspect identified
3be27b4ef33e86fd3d94ad77fd787566da639c864ef6925d6586549998a8d577,2021-05,Northumbria Police,Northumbria Police,-1.452167,54.968973,On or near EBOR STREET,E01008669,South Tyneside 012B,Investigation complete; no suspect identified
ee5a644bf81e41ed9ca7498791e43b512cf6dc60b95df80bd7d46651336156e5,2021-05,Northumbria Police,Northumbria Police,-1.628860,54.976299,On or near DERBY STREET,E01008395,Newcastle upon Tyne 024B,Investigation complete; no suspect identified
a17398b6f38a74c39edaa2655ab81e90eaa3d30fa26f98df435dbe48c8a07667,2021-05,Northumbria Police,Northumbria Police,-1.582893,54.960002,On or near Supermarket,E01008214,Gateshead 003A,Investigation complete; no suspect identified
a17398b6f38a74c39edaa2655ab81e90eaa3d30fa26f98df435dbe48c8a07667,2021-05,Northumbria Police,Northumbria Police,-1.582893,54.960002,On or near Supermarket,E01008214,Gateshead 003A,Investigation complete; no suspect identified
026728e0227191a541be16b2cec4143a3a93dc08c90c917cf43c025200204a50,2021-05,Northumbria Police,Northumbria Police,-1.465855,55.040448,On or near FRONT STREET,E01008553,North Tyneside 009B,Investigation complete; no suspect identified
064cf3762ce03721205bf0345243045cab27dea56e5667a058dfba7d3b74e47c,2021-05,Northumbria Police,Northumbria Police,-1.492996,54.972969,On or near BEDE BURN ROAD,E01008657,South Tyneside 009F,Investigation complete; no suspect identified
1e92b0173b47497ece3ad267c8398875dc842d8fdd69e81310700d57ca7b4c60,2021-05,Northumbria Police,Northumbria Police,-1.517051,54.975790,On or near HEDGELEY ROAD,E01008639,South Tyneside 009A,Investigation complete; no suspect identified
fa53034e3e8525007ebe563cd5bf183c1f728121ffa5eae2b1b00dbef9b28a83,2021-05,Northumbria Police,Northumbria Police,-1.628860,54.976299,On or near DERBY STREET,E01008395,Newcastle upon Tyne 024B,Investigation complete; no suspect identified
54a4023ae860b2a1343e33115fb508e4079644021f61403fe4b985e641b6d405,2021-05,Northumbria Police,Northumbria Police,-1.437905,54.924237,On or near ROTHWELL ROAD,E01008842,Sunderland 004F,Investigation complete; no suspect identified
0953b6f8a729068214e300ab87fb8a42501f72ddae772ac7387195160dbd638e,2021-05,Northumbria Police,Northumbria Police,-1.381338,54.902224,On or near BURDON ROAD,E01008831,Sunderland 013D,Investigation complete; no suspect identified
b3ff11a6c52fe963ffeb5ff4d2db96a25840cb7a083666be34c747c7da26630b,2021-05,Northumbria Police,Northumbria Police,-1.543252,54.975666,On or near FAIRHAVEN AVENUE,E01008429,Newcastle upon Tyne 028D,Investigation complete; no suspect identified
649fa55f38993b701b521be6aa121ea61dcbf73adf0399379f495a8d59f5c688,2021-05,Northumbria Police,Northumbria Police,-1.632452,54.983238,On or near HUNTER'S ROAD,E01008395,Newcastle upon Tyne 024B,Investigation complete; no suspect identified
c982803c39c7fe8f5fa3d1e29a4ce0749721b1c97923bbd19861e7bd307a0b1c,2021-05,Northumbria Police,Northumbria Police,-1.863087,54.965205,On or near PRINCESS WAY,E01027497,Northumberland 038A,Investigation complete; no suspect identified
dc0fb5b3786957e5971c48fb91925ab12c66162e2807b4a970daf585a718c9f3,2021-05,Northumbria Police,Northumbria Police,-1.461707,55.028864,On or near QUANTOCK CLOSE,E01008556,North Tyneside 013C,Investigation complete; no suspect identified
c03d46a48221eec7ae1573302820c5f78489fab9ea151a3b566735bcdc77bab2,2021-05,Northumbria Police,Northumbria Police,-1.966592,55.702613,On or near Parking Area,E01027380,Northumberland 002C,Offender given a caution
bc95e79e6d47d99cc66d526c2bbc43019074fd344fe62203dfb794458d206d3c,2021-05,Northumbria Police,Northumbria Police,-1.477278,54.859935,On or near BROMPTON TERRACE,E01008721,Sunderland 032B,Suspect charged
bc95e79e6d47d99cc66d526c2bbc43019074fd344fe62203dfb794458d206d3c,2021-05,Northumbria Police,Northumbria Police,-1.477278,54.859935,On or near BROMPTON TERRACE,E01008721,Sunderland 032B,Suspect charged
e10175391791aa9a762e3783f2cd0cc2f5ae71002ecb43c2b44df08226b5cc85,2021-05,Northumbria Police,Northumbria Police,-1.604744,54.989927,On or near OSBORNE ROAD,E01008367,Newcastle upon Tyne 017A,Investigation complete; no suspect identified
f3a960e7a250bd4b8f720f5a87747bf0b7d8a1ea97463b0459521ce968fb7748,2021-05,Northumbria Police,Northumbria Police,-1.617120,54.978617,On or near EDWARD'S WALK,E01008397,Newcastle upon Tyne 024C,Investigation complete; no suspect identified
3f6be49f9eddc4b53714696f0c894e26eb6fda5add235ebce88537fc4ccdd5e2,2021-05,Northumbria Police,Northumbria Police,-1.505827,55.037373,On or near Sports/Recreation Area,E01008567,North Tyneside 007D,Investigation complete; no suspect identified
f878fa5a0322f6c88c221127f64e5c0ce3bad999d3b0a4b0b2b61ec0c6e3bdef,2021-05,Northumbria Police,Northumbria Police,-1.465899,55.068943,On or near BLYTH ROAD,E01008551,North Tyneside 001D,Investigation complete; no suspect identified
31eb959d89f637e3949900a80138d49c1bfc4930e264b39048ab1592280e1a0c,2021-05,Northumbria Police,Northumbria Police,-1.380010,54.904446,On or near BOROUGH ROAD,E01008836,Sunderland 016F,Suspect charged
dcee16a77e57bf99bf215103144f329e207adb324d0e3efa1d26d7d36c5ec3c2,2021-05,Northumbria Police,Northumbria Police,-1.591845,55.086010,On or near Supermarket,E01027409,Northumberland 029B,Investigation complete; no suspect identified
58f6dd43f4ea9647f7f58759d57f36130db60a392c0d4e2f45354bb3aad7d44e,2021-05,Northumbria Police,Northumbria Police,-1.481192,54.982175,On or near ABBEY DRIVE,E01008600,South Tyneside 007A,Suspect charged
76bb9ce973c40760c8b5ad64cb8b2a9c212856b69671e6567826980a11a5e492,2021-05,Northumbria Police,Northumbria Police,-1.494409,54.998523,On or near Supermarket,E01008510,North Tyneside 026C,Investigation complete; no suspect identified
b7847cbb018fe2f550b7e89b26ac0fd8d8a5f75101dadc3e8d4e9caee66f26fa,2021-05,Northumbria Police,Northumbria Police,-2.003591,55.756941,On or near SUNNYSIDE CRESCENT,E01027388,Northumberland 001E,Suspect charged
7788a13167e0f63d0363962c2e96a6541dc40b0bcbd9f8b279d360371e86d1d4,2021-05,Northumbria Police,Northumbria Police,-2.003591,55.756941,On or near SUNNYSIDE CRESCENT,E01027388,Northumberland 001E,Suspect charged
a8c1ee8f2babaf6683b809e74727817f6a5e40a6d5b2bd61162c02eecd61ce35,2021-05,Northumbria Police,Northumbria Police,-1.485330,55.020250,On or near PHOENIX CHASE,E01008488,North Tyneside 015A,Suspect charged
1f69ea7032a611d41030b6974c2f77ae5d0ad552fc8e74fc3d2bf5dcb4400fc4,2021-05,Northumbria Police,Northumbria Police,-1.448888,54.813493,On or near CLAYPATH ROAD,E01008745,Sunderland 036C,Investigation complete; no suspect identified
8d6bc7ace00dfb3564f403b88ffad8a761fc694e65fce2a30bba09a5a55d44ee,2021-05,Northumbria Police,Northumbria Police,-1.485330,55.020250,On or near PHOENIX CHASE,E01008488,North Tyneside 015A,Suspect charged
5dde625f94d301fa1876da3701090e7c4ad2a9d212e2e5c961a57f259d330ab2,2021-05,Northumbria Police,Northumbria Police,-1.455429,54.925269,On or near CLOVELLY ROAD,E01008698,Sunderland 003A,Investigation complete; no suspect identified
1f069ded493e2f05efc4055d404e4f07649f10ac40c8d8b7f49b0362af8b7dd7,2021-05,Northumbria Police,Northumbria Police,-1.595625,54.948695,On or near HOLYOAKE GARDENS,E01008205,Gateshead 028C,Investigation complete; no suspect identified
5a165e0f739a91521dfa35b095d483919a1d10a1017a7a96e30367d2cd067169,2021-05,Northumbria Police,Northumbria Police,-1.694771,54.988946,On or near HOTCH PUDDING PLACE,E01008325,Newcastle upon Tyne 015B,Investigation complete; no suspect identified
4b6f1c3fef810cb1fb7ec26f135b2b59ebe2cb47afbdd6e608529b76972ebf80,2021-05,Northumbria Police,Northumbria Police,-2.094159,54.968713,On or near MAIDEN'S WALK,E01027493,Northumberland 035F,Investigation complete; no suspect identified
4b6f1c3fef810cb1fb7ec26f135b2b59ebe2cb47afbdd6e608529b76972ebf80,2021-05,Northumbria Police,Northumbria Police,-2.094159,54.968713,On or near MAIDEN'S WALK,E01027493,Northumberland 035F,Investigation complete; no suspect identified
4b6f1c3fef810cb1fb7ec26f135b2b59ebe2cb47afbdd6e608529b76972ebf80,2021-05,Northumbria Police,Northumbria Police,-2.094159,54.968713,On or near MAIDEN'S WALK,E01027493,Northumberland 035F,Investigation complete; no suspect identified
4b6f1c3fef810cb1fb7ec26f135b2b59ebe2cb47afbdd6e608529b76972ebf80,2021-05,Northumbria Police,Northumbria Police,-2.094159,54.968713,On or near MAIDEN'S WALK,E01027493,Northumberland 035F,Offender given a drugs possession warning
fde39e3be56fca37f45d7d390b3f2e72af25910626ac940797633aba97198a9b,2021-05,Northumbria Police,Northumbria Police,-1.871045,54.967630,On or near BURNSIDE CLOSE,E01027496,Northumberland 036B,Investigation complete; no suspect identified
715008fdb7e8f2e370bc9ca345fcf11fe9ac9c78e8599f3a46a3951467ae2101,2021-05,Northumbria Police,Northumbria Police,-1.647526,55.031943,On or near BRUNTON LANE,E01008308,Newcastle upon Tyne 001D,Investigation complete; no suspect identified
10c5346cd33e4ed3fa4ee631caf7f4ddb9fde43943b9c6c150c8a109c4c4a8d5,2021-05,Northumbria Police,Northumbria Police,-1.533888,54.882946,On or near HOLLY CRESCENT,E01008865,Sunderland 025F,Investigation complete; no suspect identified
3d234964772dd286d216aaafc5ebfd9784c73aa719113e53dc01d6b92799af66,2021-05,Northumbria Police,Northumbria Police,-1.613835,54.946481,On or near WATT STREET,E01008254,Gateshead 010D,Offender given a caution
c1ebdc7cef6d45026e177e9535a6cbf1a06a8edf42e6cb6bcc91f3e7ac150cf0,2021-05,Northumbria Police,Northumbria Police,-1.613835,54.946481,On or near WATT STREET,E01008254,Gateshead 010D,Investigation complete; no suspect identified
fe5b5f5a2ddfe9255c072fa1f4b3deaa80f91ff3a52a777d82113e0a24a5178b,2021-05,Northumbria Police,Northumbria Police,-1.637015,54.965918,On or near Shopping Area,E01008437,Newcastle upon Tyne 029F,Investigation complete; no suspect identified
d80b7ab64637fccc158e886a1daf18db464f741247c9275989c95415971b97b3,2021-05,Northumbria Police,Northumbria Police,-1.541435,54.936273,On or near Park/Open Space,E01008283,Gateshead 014A,Investigation complete; no suspect identified
ec6cde55e8224979ade5b9bf4e7400509bc5a1ca7ac0468ad83aef26f10fa4f3,2021-05,Northumbria Police,Northumbria Police,-1.470377,54.955017,On or near BADMINTON CLOSE,E01008611,South Tyneside 021B,Investigation complete; no suspect identified
d45ef847d5277ea6d12c8a8064b2f331217a3ea36197a4abb088732ae0b6c051,2021-05,Northumbria Police,Northumbria Police,-1.409306,54.920965,On or near TRINITY STREET,E01008820,Sunderland 005F,Investigation complete; no suspect identified
e91168fe65c7e25f71b3aebe5564f9c65f827d231901fb461380aef86bb6801f,2021-05,Northumbria Police,Northumbria Police,-1.664427,54.967731,On or near BILBROUGH GARDENS,E01008290,Newcastle upon Tyne 027C,Investigation complete; no suspect identified
30cf1c84f1b6048944566dd8f4b613b9f6f08c7b00426a27cd9ee584d3dd49ba,2021-05,Northumbria Police,Northumbria Police,-1.555124,55.180531,On or near ALEXANDRA ROAD,E01027545,Northumberland 010D,Suspect charged
1414f41d48cb6951435caaf4cf4d010dd632cab7f9bc05ad00ecd14cbe7df62c,2021-05,Northumbria Police,Northumbria Police,-1.697630,54.993231,On or near Supermarket,E01008325,Newcastle upon Tyne 015B,Suspect charged
d4cb7fbf775f566468a96c8ec8838e5fcc446ce2248417ecb02e19b1512cb323,2021-05,Northumbria Police,Northumbria Police,-1.602907,54.981339,On or near Petrol Station,E01008407,Newcastle upon Tyne 023B,Investigation complete; no suspect identified
d0a32438b4e56d9729766b5a407146bcb623745e7196d3d3444ef5a6420262da,2021-05,Northumbria Police,Northumbria Police,-1.567433,54.971585,On or near DUNSTANBURGH ROAD,E01008302,Newcastle upon Tyne 026B,Investigation complete; no suspect identified
10d40a6523a2461929a8a2d93632ccb1fdc6eb51a17f10d810ba4b31e4cd461c,2021-05,Northumbria Police,Northumbria Police,-1.508279,55.127172,On or near BRIDGE STREET,E01027415,Northumberland 023B,Suspect charged
51066ecdead5a0909062239ba4f323b0bd1ee3f768998aba4f4fdef41eea7a67,2021-05,Northumbria Police,Northumbria Police,-1.585749,55.131674,On or near ROSALIND AVENUE,E01027515,Northumberland 020A,Investigation complete; no suspect identified
eb65a0c80f23e257fdd99743110ed8b294d304b0fd132e9a4b5d4793153cbc89,2021-05,Northumbria Police,Northumbria Police,-1.601804,54.961701,On or near JACKSON STREET,E01008166,Gateshead 027C,Suspect charged
17f978d86b97ac455d7018b4cc4b87e51688f1e470e886a614bc2c2ef83d00a2,2021-05,Northumbria Police,Northumbria Police,-1.716393,54.961141,On or near BURNLEY STREET,E01008178,Gateshead 004A,Investigation complete; no suspect identified
375f6055a6df697cfe3342d05878122215f717f53c8d7d11c083d23c01a8b0bc,2021-05,Northumbria Police,Northumbria Police,-1.558806,54.966306,On or near SANDY CRESCENT,E01008390,Newcastle upon Tyne 030A,Investigation complete; no suspect identified
375f6055a6df697cfe3342d05878122215f717f53c8d7d11c083d23c01a8b0bc,2021-05,Northumbria Police,Northumbria Police,-1.558806,54.966306,On or near SANDY CRESCENT,E01008390,Newcastle upon Tyne 030A,Investigation complete; no suspect identified
53660192ad4dce8212f972ae9927a4eda2dbad7c5d5a2259c7de1584a886c93c,2021-05,Northumbria Police,Northumbria Police,-1.617297,54.971528,On or near CLAYTON STREET,E01033543,Newcastle upon Tyne 024G,Investigation complete; no suspect identified
01c2b778d6fbb81de6f942fc0adf0a87eb77011c37d4f67ba8eaaefd255bb56c,2021-05,Northumbria Police,Northumbria Police,-1.649579,54.979479,On or near BALDWIN AVENUE,E01008453,Newcastle upon Tyne 022E,Investigation complete; no suspect identified
8feb553cf276e94b50c753f953c49bd209c7677239a526247711d317e522c718,2021-05,Northumbria Police,Northumbria Police,-1.762244,54.993086,On or near THE BRIARY,E01008403,Newcastle upon Tyne 014D,Investigation complete; no suspect identified
4fc64ac6e3e37e96e01e61f69f9ecf1120d18691ab1338effa383427e76037e4,2021-05,Northumbria Police,Northumbria Police,-1.452599,54.928006,On or near BAYSWATER AVENUE,E01008698,Sunderland 003A,Investigation complete; no suspect identified
6daddffc2a8c85c85190b51040991934fb7995384857db92d25fa5fccc61e671,2021-05,Northumbria Police,Northumbria Police,-1.471867,54.998598,On or near Sports/Recreation Area,E01008541,North Tyneside 027C,Investigation complete; no suspect identified
0be42f356eff2a11e49b36a881acf6088251e4e4a90cfe02e0d38ba95c731ff3,2021-05,Northumbria Police,Northumbria Police,-1.664657,55.002014,On or near KENTON LANE,E01008295,Newcastle upon Tyne 008A,Investigation complete; no suspect identified
f72f1787d23c230686fa6db33ac154afba663f0d50551871bc3faea9a0f85ffc,2021-05,Northumbria Police,Northumbria Police,-1.562126,54.932395,On or near AYCLIFFE CRESCENT,E01008227,Gateshead 021E,Investigation complete; no suspect identified
f72f1787d23c230686fa6db33ac154afba663f0d50551871bc3faea9a0f85ffc,2021-05,Northumbria Police,Northumbria Police,-1.562126,54.932395,On or near AYCLIFFE CRESCENT,E01008227,Gateshead 021E,Investigation complete; no suspect identified
f72f1787d23c230686fa6db33ac154afba663f0d50551871bc3faea9a0f85ffc,2021-05,Northumbria Police,Northumbria Police,-1.562126,54.932395,On or near AYCLIFFE CRESCENT,E01008227,Gateshead 021E,Suspect charged
16e52fdb3afde0c1952de8d14c97671bb68bfbd3d0d238253fdd8054f5603eb2,2021-05,Northumbria Police,Northumbria Police,-1.479429,55.037487,On or near WESTWARD GREEN,E01008521,North Tyneside 005C,Investigation complete; no suspect identified
21564e440076fffde8528d6daca8e10626abb292b900e98309bd26aa468225a9,2021-05,Northumbria Police,Northumbria Police,-1.708522,55.413312,On or near Supermarket,E01027359,Northumberland 005B,Suspect charged
6f689738269ad448a25b0fd42325e41931d09e53c9c50a4728943a3987e3af69,2021-05,Northumbria Police,Northumbria Police,-1.450440,54.889436,On or near GOODWOOD SQUARE,E01008733,Sunderland 021E,Investigation complete; no suspect identified
36db47c1297889f7ff8ece67f42c3dad627f79bd86f41cdf93c472ae065a23f5,2021-05,Northumbria Police,Northumbria Police,-1.434808,54.807748,On or near HIGH STREET,E01008744,Sunderland 036B,Suspect charged
7d1bc8479969a00fd8a5ca78951eedf84c95d29feb63d39818db9da20767445b,2021-05,Northumbria Police,Northumbria Police,-1.661554,54.993567,On or near ALNMOUTH COURT,E01008300,Newcastle upon Tyne 016A,Suspect charged
7d1bc8479969a00fd8a5ca78951eedf84c95d29feb63d39818db9da20767445b,2021-05,Northumbria Police,Northumbria Police,-1.661554,54.993567,On or near ALNMOUTH COURT,E01008300,Newcastle upon Tyne 016A,Investigation complete; no suspect identified
f4ec2464d227e1d9b444fa17a77d4cca5ceca33bf5ad38216f603853b7563f81,2021-05,Northumbria Police,Northumbria Police,-1.661554,54.993567,On or near ALNMOUTH COURT,E01008300,Newcastle upon Tyne 016A,Suspect charged
44fb42c37367668dc81ba3ef268e92bb997cc063f25bca1f03c4ff41c0e01f24,2021-05,Northumbria Police,Northumbria Police,-1.575244,54.983457,On or near HARTFORD STREET,E01008360,Newcastle upon Tyne 018C,Investigation complete; no suspect identified
80f4561ebb155d0df3e5a93d3a976be7a68f26cb554b6f8fa97a8c948a1977e7,2021-05,Northumbria Police,Northumbria Police,-1.420834,54.905842,On or near FORDFIELD ROAD,E01008756,Sunderland 012A,Offender given a caution
e556259d2eb2b2be3b3a7a9a8d79bbe73080d89178e6d5d414cdfec0a99f82a7,2021-05,Northumbria Police,Northumbria Police,-1.497203,54.961278,On or near SOUTHPORT PARADE,E01008658,South Tyneside 015F,Investigation complete; no suspect identified
0176c6a02b3bc41c607382a5fb2a544753ea44c5495f358f6d5d69afb2289fcf,2021-05,Northumbria Police,Northumbria Police,-1.563189,55.182618,On or near HAWTHORN ROAD,E01027539,Northumberland 010C,Investigation complete; no suspect identified
34ceffa2fa37867d9e275f4678ab28339b6f4466e38a2c53e2889ad0d9438ea9,2021-05,Northumbria Police,Northumbria Police,-1.550722,55.000649,On or near SPRINGFIELD GARDENS,E01008532,North Tyneside 025B,Offender given a caution
34ceffa2fa37867d9e275f4678ab28339b6f4466e38a2c53e2889ad0d9438ea9,2021-05,Northumbria Police,Northumbria Police,-1.550722,55.000649,On or near SPRINGFIELD GARDENS,E01008532,North Tyneside 025B,Offender given a caution
34ceffa2fa37867d9e275f4678ab28339b6f4466e38a2c53e2889ad0d9438ea9,2021-05,Northumbria Police,Northumbria Police,-1.550722,55.000649,On or near SPRINGFIELD GARDENS,E01008532,North Tyneside 025B,Offender given a caution
e1ac6ca09757cec794aa5b7639873973751ea9b1795a5df1eafcd208e8ecf4cb,2021-05,Northumbria Police,Northumbria Police,-1.607495,54.945086,On or near WEST PARK ROAD,E01008255,Gateshead 010E,Suspect charged
30b88da693c44d691868a906b5f9b019cc1ee794c9fdeab8033c77ecc1466b59,2021-05,Northumbria Police,Northumbria Police,-2.526180,54.975788,On or near A69,E01027484,Northumberland 037A,Suspect charged
30b88da693c44d691868a906b5f9b019cc1ee794c9fdeab8033c77ecc1466b59,2021-05,Northumbria Police,Northumbria Police,-2.526180,54.975788,On or near A69,E01027484,Northumberland 037A,Suspect charged
30b88da693c44d691868a906b5f9b019cc1ee794c9fdeab8033c77ecc1466b59,2021-05,Northumbria Police,Northumbria Police,-2.526180,54.975788,On or near A69,E01027484,Northumberland 037A,Investigation complete; no suspect identified
30b88da693c44d691868a906b5f9b019cc1ee794c9fdeab8033c77ecc1466b59,2021-05,Northumbria Police,Northumbria Police,-2.526180,54.975788,On or near A69,E01027484,Northumberland 037A,Investigation complete; no suspect identified
229e544a58860249aaba1bccd91f4926d9c8ebbd6df053b23dcefe8c1aa79261,2021-05,Northumbria Police,Northumbria Police,-1.611199,54.954344,On or near ST CUTHBERT'S PLACE,E01008169,Gateshead 008B,Investigation complete; no suspect identified
ed541b405cdff043e38b26dae53156ed105f7d03fe429c3135dd675245e1bc98,2021-05,Northumbria Police,Northumbria Police,-1.576211,55.164503,On or near EAST FORD ROAD,E01027553,Northumberland 017E,Investigation complete; no suspect identified
e2fa8808ff140d10e985375d6043579f7bfd0292ad3c003e43fd10fa00f43091,2021-05,Northumbria Police,Northumbria Police,-1.673601,54.994094,On or near BONINGTON WAY,E01008299,Newcastle upon Tyne 011D,Investigation complete; no suspect identified
e2fa8808ff140d10e985375d6043579f7bfd0292ad3c003e43fd10fa00f43091,2021-05,Northumbria Police,Northumbria Police,-1.673601,54.994094,On or near BONINGTON WAY,E01008299,Newcastle upon Tyne 011D,Investigation complete; no suspect identified
27c45264b2fec7c0bd2ce2e3cd616d2bf4fa85aa676487f314d7a1b9c062e0b0,2021-05,Northumbria Police,Northumbria Police,-1.535095,55.123180,On or near REDESDALE PLACE,E01027393,Northumberland 022B,Investigation complete; no suspect identified
cf5646964ba47af47b4c1ea415bbf0eb96f14635853c11849cd1d9c30b40542a,2021-05,Northumbria Police,Northumbria Police,-1.558884,54.976281,On or near MARSKE TERRACE,E01008391,Newcastle upon Tyne 026E,Investigation complete; no suspect identified
7cd1b1115674c0748fda02b6b86f43ee13a86f59436347d5bf9eb119217735e3,2021-05,Northumbria Police,Northumbria Police,-1.426397,54.997251,On or near WOODBINE STREET,E01008596,South Tyneside 001B,Offender given a caution
0a3c818585a3800ee10e0255f8066b98b0ec208178f160e0aa61be8a253086c0,2021-05,Northumbria Police,Northumbria Police,-1.441944,54.895112,On or near PENROSE ROAD,E01008731,Sunderland 021C,Investigation complete; no suspect identified
0a3c818585a3800ee10e0255f8066b98b0ec208178f160e0aa61be8a253086c0,2021-05,Northumbria Police,Northumbria Police,-1.441944,54.895112,On or near PENROSE ROAD,E01008731,Sunderland 021C,Suspect charged
5a3b57a3923622c10a5b82764b38ae7c644406d2b0ed724ead6427cb9d83217d,2021-05,Northumbria Police,Northumbria Police,-1.451540,54.915214,On or near STANSTEAD CLOSE,E01008696,Sunderland 008D,Investigation complete; no suspect identified
5b194239fa390f321cfc341536bd32ab43cb8ff677a3971522bf5f8368394835,2021-05,Northumbria Police,Northumbria Police,-1.397755,54.985035,On or near WIDDRINGTON AVENUE,E01008651,South Tyneside 004D,Investigation complete; no suspect identified
548bc896f0d743ffce0ec48b0d6b13fb20ec8688f0026fe0d78fd442ee1cb031,2021-05,Northumbria Police,Northumbria Police,-1.690683,54.990131,On or near CORSENSIDE,E01008327,Newcastle upon Tyne 015D,Investigation complete; no suspect identified
2d4d351b7b62ac91f0a7427758aab221768cc9af0cb7f4b82cc539ed5d2bd162,2021-05,Northumbria Police,Northumbria Police,-1.514702,54.908760,On or near INDUSTRIAL ROAD,E01008853,Sunderland 009A,Investigation complete; no suspect identified
9611a072e3607d3a87abb5a2e9e0cac80dde19965ab89b61f8536dd3805d7f19,2021-05,Northumbria Police,Northumbria Police,-1.689682,54.990236,On or near CORNHILL,E01008327,Newcastle upon Tyne 015D,Investigation complete; no suspect identified
8ffabbbc32987f78a7712287516b45883b8b7dd22ea2434402865da0040833ec,2021-05,Northumbria Police,Northumbria Police,-1.712294,55.008111,On or near WHORLTON LANE,E01008448,Newcastle upon Tyne 031G,Investigation complete; no suspect identified
d06048be74a920b232e1e4a1d5ae48e7bbc83bc449631aee19c74f9013bc5d47,2021-05,Northumbria Police,Northumbria Police,-1.517051,54.975790,On or near HEDGELEY ROAD,E01008639,South Tyneside 009A,Investigation complete; no suspect identified
cc0e1b7f3c4c6f784711feedb59f6541996ca5f739266171166e43c811680432,2021-05,Northumbria Police,Northumbria Police,-1.514702,54.908760,On or near INDUSTRIAL ROAD,E01008853,Sunderland 009A,Investigation complete; no suspect identified
cec62535e73531881c21530edaf8f27f03f23d483a3282fce02180b4136ff1da,2021-05,Northumbria Police,Northumbria Police,-1.500767,55.003878,On or near SANDOWN GARDENS,E01008509,North Tyneside 026B,Investigation complete; no suspect identified
b36bc48880d137e5721f743c8940e2e577d09db0d60197f0e61890b1fc81f299,2021-05,Northumbria Police,Northumbria Police,-1.377925,54.915273,On or near DIXON'S SQUARE,E01008791,Sunderland 006F,Investigation complete; no suspect identified
b775027b86fee0650679b4eedea689f4aed3b53231c26a6fd167288ad3c1ac40,2021-05,Northumbria Police,Northumbria Police,-1.457356,54.968781,On or near BAINBRIDGE AVENUE,E01008672,South Tyneside 012D,Investigation complete; no suspect identified
5685c7a3b7af83dcfe9cd2086dd89930f87fe2a39011136a227d1dccdc65e0b6,2021-05,Northumbria Police,Northumbria Police,-1.387036,54.900815,On or near ARGYLE STREET,E01008831,Sunderland 013D,Investigation complete; no suspect identified
13d57081de01de86b5870c81b030314d4d09c4d2ed7b0ee2259f4e55ea6ac7d7,2021-05,Northumbria Police,Northumbria Police,-1.657815,54.970138,On or near ADELAIDE TERRACE,E01008332,Newcastle upon Tyne 029B,Investigation complete; no suspect identified
bd0ef49e2da39e9aa8432ab6fa93cb9e0e67a7e07601204eaab543c53a618213,2021-05,Northumbria Police,Northumbria Police,-1.509868,54.897122,On or near Sports/Recreation Area,E01008845,Sunderland 017A,Investigation complete; no suspect identified
b5ab085b164e91e6533505f2d9d310e50e7fce36dca9bd49e5681f12163e287d,2021-05,Northumbria Police,Northumbria Police,-1.459406,54.820567,On or near ALEXANDER DRIVE,E01008748,Sunderland 035E,Investigation complete; no suspect identified
af36aba6247fb7c3b4ec24dfb533a4f548fcaddbe0a98711dd1cf7b2a1f0fc65,2021-05,Northumbria Police,Northumbria Police,-1.649281,54.972469,On or near PAIGNTON AVENUE,E01008333,Newcastle upon Tyne 029C,Investigation complete; no suspect identified
d7f824d9daa742ffb7df77cb500238a6bf91ecaea933885b11c59ffd4792323f,2021-05,Northumbria Police,Northumbria Police,-1.576430,54.970197,On or near GARMONDSWAY,E01008305,Newcastle upon Tyne 026D,Investigation complete; no suspect identified
338fa851b04d07f1c80ff99d804ed69bfee9a78b7b37667c6b0b0bca792cb649,2021-05,Northumbria Police,Northumbria Police,-1.716151,54.957878,On or near ROBINSONS DRIVE,E01008178,Gateshead 004A,Investigation complete; no suspect identified
fcdb4337874b8a1fdae3ee5592cde2b21f3398b57e1f696816e4256138352327,2021-05,Northumbria Police,Northumbria Police,-1.572672,54.948985,On or near TARLTON CRESCENT,E01008212,Gateshead 012A,Investigation complete; no suspect identified
a45f24e7c3a3508c45c8dfa838877080129c4d0a82f9d12c57a60b161a719b90,2021-05,Northumbria Police,Northumbria Police,-1.558985,55.183637,On or near FIRST AVENUE,E01027539,Northumberland 010C,Investigation complete; no suspect identified
d233171a4cb1e02f3b9c4ca88aafb34450ac3f4312c9a826dfbea1fa59ece752,2021-05,Northumbria Police,Northumbria Police,-1.591428,54.948430,On or near LISTERS LANE,E01008204,Gateshead 011D,Investigation complete; no suspect identified
d233171a4cb1e02f3b9c4ca88aafb34450ac3f4312c9a826dfbea1fa59ece752,2021-05,Northumbria Police,Northumbria Police,-1.591428,54.948430,On or near LISTERS LANE,E01008204,Gateshead 011D,Investigation complete; no suspect identified
d233171a4cb1e02f3b9c4ca88aafb34450ac3f4312c9a826dfbea1fa59ece752,2021-05,Northumbria Police,Northumbria Police,-1.591428,54.948430,On or near LISTERS LANE,E01008204,Gateshead 011D,Investigation complete; no suspect identified
2eb866e69d5456a38fa69c705b634d51a42797040ce1e0543b46da3986de06f0,2021-05,Northumbria Police,Northumbria Police,-1.569362,55.181005,On or near WEST VIEW,E01027529,Northumberland 010B,Investigation complete; no suspect identified
0e5cc3b54c33d6cf7362ba5d2b3781d836c9f4ce976ea5324ea64a552581296d,2021-05,Northumbria Police,Northumbria Police,-1.514702,54.908760,On or near INDUSTRIAL ROAD,E01008853,Sunderland 009A,Investigation complete; no suspect identified
cbf4bb9a66ed1fdbecd526e765258c274ac426319ca333f178afa1b5c8a608f5,2021-05,Northumbria Police,Northumbria Police,-1.455635,55.015151,On or near BALMORAL GARDENS,E01008528,North Tyneside 022C,Investigation complete; no suspect identified
9aad0f0aeb67d9cbdf09ab1a90df5f758e881cd5b93b588a0a6311bd18fecf4b,2021-05,Northumbria Police,Northumbria Police,-1.484455,54.954278,On or near CORNHILL,E01008628,South Tyneside 020B,Investigation complete; no suspect identified
b986ca51c2c1fedabc7faf2e002d3c1864a2686121c6838159cde7c3a1f2d289,2021-05,Northumbria Police,Northumbria Police,-1.369899,54.896755,On or near MAINSFORTH TERRACE WEST,E01008738,Sunderland 016E,Investigation complete; no suspect identified
61da19d5082fd3ef1f7d286e143425d22f996890067bf1163319ff7c3dc2a2e2,2021-05,Northumbria Police,Northumbria Police,-1.369793,54.933518,On or near PRINCES GARDENS,E01008723,Sunderland 002A,Investigation complete; no suspect identified
83c14f57b6d0ab0fd8d884c14d5ea7c1aacb52440f2f49350d3107114b7e77ea,2021-05,Northumbria Police,Northumbria Police,-1.622121,55.011801,On or near Parking Area,E01008358,Newcastle upon Tyne 002E,Suspect charged
14ef56dcae6ccbbfbbac26ab20a491223e41f212c1f15112c1e8d75197c9df33,2021-05,Northumbria Police,Northumbria Police,-1.502179,55.118377,On or near CHAMBERLAIN STREET,E01027441,Northumberland 023D,Investigation complete; no suspect identified
c80884175566d8b5c9c2b13eaf0b88c8a1f843c009a486915926f50a1036e95f,2021-05,Northumbria Police,Northumbria Police,-1.613888,55.133025,On or near NORTH RIDGE,E01027522,Northumberland 021E,Offender given a caution
7bbcf63f64bda5b0b786f535244c03137cffbd049c6f740c9a5b972ff3091cd3,2021-05,Northumbria Police,Northumbria Police,-1.426453,54.972467,On or near MCANANY AVENUE,E01008592,South Tyneside 011C,Investigation complete; no suspect identified
1228e7ca533c604804b15457a1d867774cdd3484a6a0ee0d58659f47cecfeb92,2021-05,Northumbria Police,Northumbria Police,-1.605453,54.971849,On or near MELBOURNE STREET,E01033553,Newcastle upon Tyne 023H,Offender given a drugs possession warning
d0b0b22be29a103c21049a289c2ff56c13c53e4404885e1137344ded7f7da770,2021-05,Northumbria Police,Northumbria Police,-1.622448,54.978598,On or near Park/Open Space,E01008395,Newcastle upon Tyne 024B,Investigation complete; no suspect identified
54d480fb5bcf28792d09e43045cf14f5d32603ae8199319349a7964506482718,2021-05,Northumbria Police,Northumbria Police,-1.384148,54.907163,On or near YORK STREET,E01008703,Sunderland 013B,Investigation complete; no suspect identified
b0d9b48d8dc45e386fd3d6dab136b1766719ddf9e2b72416475fe04a0cb0c19b,2021-05,Northumbria Police,Northumbria Police,-1.605951,55.295474,On or near SIMONSIDE CRESCENT,E01027443,Northumberland 008A,Investigation complete; no suspect identified
0047f228a521f77cb9f6e6e242859d62b01184ba0eaa09ca841751880c4ad1cc,2021-05,Northumbria Police,Northumbria Police,-1.585157,55.091927,On or near FORRES PLACE,E01027404,Northumberland 028E,Local resolution
0b19fd04c1a6786aa71906ccdddd6caf6a948949dc4c508633d3b8667a36ead9,2021-05,Northumbria Police,Northumbria Police,-1.616520,55.427570,On or near BOULMER ROAD,E01027367,Northumberland 004D,Offender given a drugs possession warning
87fb9023ba9c03dc665fd3d3aedd548b677417681d3a45a7523f2a450e20ee03,2021-05,Northumbria Police,Northumbria Police,-1.614259,54.936453,On or near DERWENT AVENUE,E01008259,Gateshead 007D,Offender given a caution
3ba030f83eb6a0190b3d8d9c3d2c7b2c0bcd2f6238221b5e44d30ba582817fef,2021-05,Northumbria Police,Northumbria Police,-1.567691,55.040645,On or near ALRESFORD,E01008475,North Tyneside 008A,Investigation complete; no suspect identified
68a6d293a3233ff3b5832aadc7f199c44dc5922ed9abc0330e805fea633ded77,2021-05,Northumbria Police,Northumbria Police,-1.477301,54.996591,On or near ST STEPHEN'S WAY,E01008540,North Tyneside 027B,Investigation complete; no suspect identified
68a6d293a3233ff3b5832aadc7f199c44dc5922ed9abc0330e805fea633ded77,2021-05,Northumbria Police,Northumbria Police,-1.477301,54.996591,On or near ST STEPHEN'S WAY,E01008540,North Tyneside 027B,Investigation complete; no suspect identified
efc72a6637889f3917e35650dfba206d6f27eda0a31235a6ae51d2a50dc78e05,2021-05,Northumbria Police,Northumbria Police,-1.577875,54.973958,On or near RABY WAY,E01008305,Newcastle upon Tyne 026D,Suspect charged
efc72a6637889f3917e35650dfba206d6f27eda0a31235a6ae51d2a50dc78e05,2021-05,Northumbria Police,Northumbria Police,-1.577875,54.973958,On or near RABY WAY,E01008305,Newcastle upon Tyne 026D,Suspect charged
efc72a6637889f3917e35650dfba206d6f27eda0a31235a6ae51d2a50dc78e05,2021-05,Northumbria Police,Northumbria Police,-1.577875,54.973958,On or near RABY WAY,E01008305,Newcastle upon Tyne 026D,Suspect charged
efc72a6637889f3917e35650dfba206d6f27eda0a31235a6ae51d2a50dc78e05,2021-05,Northumbria Police,Northumbria Police,-1.577875,54.973958,On or near RABY WAY,E01008305,Newcastle upon Tyne 026D,Investigation complete; no suspect identified
8216a1d9f4170599e9d3c6cab31872afe28e6a6e155ff3d33141578272d7cd7f,2021-05,Northumbria Police,Northumbria Police,-1.629686,55.015517,On or near GLANTON WYND,E01008352,Newcastle upon Tyne 002C,Investigation complete; no suspect identified
74f05398b00fbff647ddbdfb3b4429b1eda8bfe1bf4982ce9b2a9d4cd2c7067a,2021-05,Northumbria Police,Northumbria Police,-1.605951,55.295474,On or near SIMONSIDE CRESCENT,E01027443,Northumberland 008A,Offender given a drugs possession warning
686ed402b081fc4e0e79124b50abbc3a6bd587e5df83266f75baef6d358cced8,2021-05,Northumbria Police,Northumbria Police,-1.377479,54.899679,On or near TOWARD ROAD,E01008834,Sunderland 013E,Investigation complete; no suspect identified
2e68dec16c10840973367ea44d97e79a1cce95665ea2d6a0e4dd4118890e9845,2021-05,Northumbria Police,Northumbria Police,-1.649281,54.972469,On or near PAIGNTON AVENUE,E01008333,Newcastle upon Tyne 029C,Investigation complete; no suspect identified
9809f8d274a2279cc655050591f4b849c28bfa135d845ec5843a35f638657483,2021-05,Northumbria Police,Northumbria Police,-1.760744,54.922029,On or near SMAILES LANE,E01008183,Gateshead 024A,Investigation complete; no suspect identified
75f8452a27f7ed1786b19da23f3ee2df027ffbc6ea233991e3aa29d8b7753520,2021-05,Northumbria Police,Northumbria Police,-1.410619,54.922930,On or near ASHWOOD AVENUE,E01008817,Sunderland 004B,Suspect charged
fd9df33997bee166a84aa9800c27acc55781c9e3b72a6a559038b85396eb1a61,2021-05,Northumbria Police,Northumbria Police,-1.756257,55.060381,On or near Police Station,E01033714,Northumberland 033F,Investigation complete; no suspect identified
e3cf4b9a3d95242bf384080a2f77412a61d11d60cb72847e9169ae844b0f97e2,2021-05,Northumbria Police,Northumbria Police,-1.664573,55.019555,On or near CHICHESTER CLOSE,E01008311,Newcastle upon Tyne 001E,Investigation complete; no suspect identified
b2d7314f6347b58bfa10ac1e32ee4accc8c97a830ae987008a380f9c5a37aa20,2021-05,Northumbria Police,Northumbria Police,-1.411401,54.978398,On or near MOOR LANE EAST,E01008635,South Tyneside 006A,Investigation complete; no suspect identified
d0382a37d06ac984fc21405c2c7a5e058bb562ae94c0b1fe761476eecaa036dd,2021-05,Northumbria Police,Northumbria Police,-1.560917,54.977529,On or near ROMAN AVENUE,E01008391,Newcastle upon Tyne 026E,Investigation complete; no suspect identified
d0382a37d06ac984fc21405c2c7a5e058bb562ae94c0b1fe761476eecaa036dd,2021-05,Northumbria Police,Northumbria Police,-1.560917,54.977529,On or near ROMAN AVENUE,E01008391,Newcastle upon Tyne 026E,Investigation complete; no suspect identified
d0382a37d06ac984fc21405c2c7a5e058bb562ae94c0b1fe761476eecaa036dd,2021-05,Northumbria Police,Northumbria Police,-1.560917,54.977529,On or near ROMAN AVENUE,E01008391,Newcastle upon Tyne 026E,Investigation complete; no suspect identified
d0382a37d06ac984fc21405c2c7a5e058bb562ae94c0b1fe761476eecaa036dd,2021-05,Northumbria Police,Northumbria Police,-1.560917,54.977529,On or near ROMAN AVENUE,E01008391,Newcastle upon Tyne 026E,Offender given a caution
d0382a37d06ac984fc21405c2c7a5e058bb562ae94c0b1fe761476eecaa036dd,2021-05,Northumbria Police,Northumbria Police,-1.560917,54.977529,On or near ROMAN AVENUE,E01008391,Newcastle upon Tyne 026E,Offender given a caution
d0382a37d06ac984fc21405c2c7a5e058bb562ae94c0b1fe761476eecaa036dd,2021-05,Northumbria Police,Northumbria Police,-1.560917,54.977529,On or near ROMAN AVENUE,E01008391,Newcastle upon Tyne 026E,Offender given a caution
2f78d96f54f5682ef83b838bd52ecf29b8357e0a8862d356e8eb31c6316141ec,2021-05,Northumbria Police,Northumbria Police,-1.445134,55.015760,On or near BLANCHLAND TERRACE,E01008559,North Tyneside 017C,Investigation complete; no suspect identified
17323ed96c8663530a1332c42857ccfeb36f36378f7ada0e260c2c4b7ca2e528,2021-05,Northumbria Police,Northumbria Police,-1.411045,54.902300,On or near KAYLL ROAD,E01008759,Sunderland 015C,Investigation complete; no suspect identified
fe77521219acc0935dea14462fe0edf2cfcd6dd32adbe9733b78c79e8131fa19,2021-05,Northumbria Police,Northumbria Police,-1.486124,54.958077,On or near PATHSIDE,E01008632,South Tyneside 017B,Suspect charged
1a576552d6f5c02e333ecfdb8fe5f02e850614ea20a9dc4dd11f8e4d0811f250,2021-05,Northumbria Police,Northumbria Police,-1.476770,54.950911,On or near FOXHOMES,E01008630,South Tyneside 020D,Investigation complete; no suspect identified
1a576552d6f5c02e333ecfdb8fe5f02e850614ea20a9dc4dd11f8e4d0811f250,2021-05,Northumbria Police,Northumbria Police,-1.476770,54.950911,On or near FOXHOMES,E01008630,South Tyneside 020D,Investigation complete; no suspect identified
1a576552d6f5c02e333ecfdb8fe5f02e850614ea20a9dc4dd11f8e4d0811f250,2021-05,Northumbria Police,Northumbria Police,-1.476770,54.950911,On or near FOXHOMES,E01008630,South Tyneside 020D,Investigation complete; no suspect identified
fb1915bde88971ceebca10d705692dd25184c607a97cfd6924bb6e2e06d6287e,2021-05,Northumbria Police,Northumbria Police,-1.454767,55.005388,On or near VICTORIA CRESCENT,E01008483,North Tyneside 022A,Investigation complete; no suspect identified
754b123fe4543587c828ee1ec954cc9dcc15d7904407900d6141957d1656f013,2021-05,Northumbria Police,Northumbria Police,-1.592959,54.957628,On or near BEDE COURT,E01008162,Gateshead 027A,Investigation complete; no suspect identified
1c26e4ed6012849459719f2f0897f8d4ee48786f58ed2746eacfe3a2a13ae4f9,2021-05,Northumbria Police,Northumbria Police,-1.568918,54.997803,On or near RED HALL DRIVE,E01008316,Newcastle upon Tyne 012C,Investigation complete; no suspect identified
656600351e9a6eb434c0460925f26f63454def4e3d40d84517911d150d304ccf,2021-05,Northumbria Police,Northumbria Police,-1.407511,54.900854,On or near Supermarket,E01008833,Sunderland 018D,Investigation complete; no suspect identified
bfedf815ca8958e51d85f41be5d33cf9ecdab1375da989470b5dae89e08b00a5,2021-05,Northumbria Police,Northumbria Police,-1.759385,54.990268,On or near LEAZES PARKWAY,E01008400,Newcastle upon Tyne 014A,Investigation complete; no suspect identified
bfedf815ca8958e51d85f41be5d33cf9ecdab1375da989470b5dae89e08b00a5,2021-05,Northumbria Police,Northumbria Police,-1.759385,54.990268,On or near LEAZES PARKWAY,E01008400,Newcastle upon Tyne 014A,Investigation complete; no suspect identified
1f7c320b5df6531d2ea74caf5873c17cf233cf51826edca335d323c64f8aa4eb,2021-05,Northumbria Police,Northumbria Police,-1.525215,54.900786,On or near LANERCOST,E01008849,Sunderland 019D,Investigation complete; no suspect identified
1b2365bef246fb43b282b3f0b2030f6b3c4cd3157f5bea47cdd8524df08bb3f9,2021-05,Northumbria Police,Northumbria Police,-1.453570,54.966940,On or near LAYBOURN GARDENS,E01008670,South Tyneside 014D,Suspect charged
1b2365bef246fb43b282b3f0b2030f6b3c4cd3157f5bea47cdd8524df08bb3f9,2021-05,Northumbria Police,Northumbria Police,-1.453570,54.966940,On or near LAYBOURN GARDENS,E01008670,South Tyneside 014D,Suspect charged
5e7cca88d4ce022165476a0c5a2284c401c477c0494cc1563bb8ef240d8c6136,2021-05,Northumbria Police,Northumbria Police,-1.523965,55.179650,On or near SPITAL CRESCENT,E01027543,Northumberland 009C,Offender given a drugs possession warning
e01ff365641edf4811763ea3c6acadbc14f0b28f7c716e01791ac87c10c7fcf1,2021-05,Northumbria Police,Northumbria Police,-1.428733,54.886595,On or near TORRENS ROAD,E01008829,Sunderland 023G,Offender given a caution
e5d76ac6b36d7cf6483f86cd6969d8c1e61526cd2cd2e19f79bb84f5bf7c41a7,2021-05,Northumbria Police,Northumbria Police,-1.614445,54.974044,On or near BLACKETT STREET,E01008397,Newcastle upon Tyne 024C,Investigation complete; no suspect identified
e5d76ac6b36d7cf6483f86cd6969d8c1e61526cd2cd2e19f79bb84f5bf7c41a7,2021-05,Northumbria Police,Northumbria Police,-1.614445,54.974044,On or near BLACKETT STREET,E01008397,Newcastle upon Tyne 024C,Investigation complete; no suspect identified
e41261a4f1986f8e98b72f6f60607c23f74fe659d468a8df519290f98b075ad7,2021-05,Northumbria Police,Northumbria Police,-1.681843,55.005250,On or near HEDGEHOPE ROAD,E01008459,Newcastle upon Tyne 004E,Investigation complete; no suspect identified
61f7c5374da1019906225797aa2660e8d7e2ff967e8a17eca625b10cda0f6a67,2021-05,Northumbria Police,Northumbria Police,-1.615856,54.948994,On or near TREVETHICK STREET,E01008254,Gateshead 010D,Investigation complete; no suspect identified
61f7c5374da1019906225797aa2660e8d7e2ff967e8a17eca625b10cda0f6a67,2021-05,Northumbria Police,Northumbria Police,-1.615856,54.948994,On or near TREVETHICK STREET,E01008254,Gateshead 010D,Investigation complete; no suspect identified
61f7c5374da1019906225797aa2660e8d7e2ff967e8a17eca625b10cda0f6a67,2021-05,Northumbria Police,Northumbria Police,-1.615856,54.948994,On or near TREVETHICK STREET,E01008254,Gateshead 010D,Investigation complete; no suspect identified
61f7c5374da1019906225797aa2660e8d7e2ff967e8a17eca625b10cda0f6a67,2021-05,Northumbria Police,Northumbria Police,-1.615856,54.948994,On or near TREVETHICK STREET,E01008254,Gateshead 010D,Investigation complete; no suspect identified
61f7c5374da1019906225797aa2660e8d7e2ff967e8a17eca625b10cda0f6a67,2021-05,Northumbria Police,Northumbria Police,-1.615856,54.948994,On or near TREVETHICK STREET,E01008254,Gateshead 010D,Investigation complete; no suspect identified
61f7c5374da1019906225797aa2660e8d7e2ff967e8a17eca625b10cda0f6a67,2021-05,Northumbria Police,Northumbria Police,-1.615856,54.948994,On or near TREVETHICK STREET,E01008254,Gateshead 010D,Investigation complete; no suspect identified
9fefe2920e97399befc767bc7d8681409ce04bf116d8d669d0c827a94ecf26bd,2021-05,Northumbria Police,Northumbria Police,-1.579055,54.896869,On or near WEST STREET,E01008175,Gateshead 026D,Investigation complete; no suspect identified
9fefe2920e97399befc767bc7d8681409ce04bf116d8d669d0c827a94ecf26bd,2021-05,Northumbria Police,Northumbria Police,-1.579055,54.896869,On or near WEST STREET,E01008175,Gateshead 026D,Investigation complete; no suspect identified
9fefe2920e97399befc767bc7d8681409ce04bf116d8d669d0c827a94ecf26bd,2021-05,Northumbria Police,Northumbria Police,-1.579055,54.896869,On or near WEST STREET,E01008175,Gateshead 026D,Investigation complete; no suspect identified
3a99834ebc62916f662e5a19917742e6f352f074f1a6873015a7c2c0adf974c9,2021-05,Northumbria Police,Northumbria Police,-1.692192,54.991096,On or near DEER BUSH,E01008325,Newcastle upon Tyne 015B,Investigation complete; no suspect identified
1e03180dfeea49e3418da1df709784e38bd0e4f543a3efc68e21e9baf80f235c,2021-05,Northumbria Police,Northumbria Police,-1.692192,54.991096,On or near DEER BUSH,E01008325,Newcastle upon Tyne 015B,Investigation complete; no suspect identified
823d3e57a221cac23ea5b479003b7cf69183295beea90605b2f115f83363ef0e,2021-05,Northumbria Police,Northumbria Police,-1.445101,54.931962,On or near KINGSWAY ROAD,E01008837,Sunderland 003B,Investigation complete; no suspect identified
823d3e57a221cac23ea5b479003b7cf69183295beea90605b2f115f83363ef0e,2021-05,Northumbria Police,Northumbria Police,-1.445101,54.931962,On or near KINGSWAY ROAD,E01008837,Sunderland 003B,Investigation complete; no suspect identified
e1d6c2a06b3cf35a5415c1c5e97409d3c211a48a8008b9f57271b27659ef8f06,2021-05,Northumbria Police,Northumbria Police,-1.621824,54.971811,On or near BATH LANE,E01033554,Newcastle upon Tyne 024I,Investigation complete; no suspect identified
59cb183e0da21843ecd82e1b89a6dae1929e87c6f8ab5e7460522750d8b499d5,2021-05,Northumbria Police,Northumbria Police,-1.613723,55.011945,On or near CARHAM CLOSE,E01008351,Newcastle upon Tyne 005A,Investigation complete; no suspect identified
05ba011cea84cf0219f96e28538813324f5e0fcf10ed0e385416e1372aefc35e,2021-05,Northumbria Police,Northumbria Police,-1.445553,54.962653,On or near BELLOC AVENUE,E01008607,South Tyneside 016D,Suspect charged
f21e2c1b27b302497bfd8846e78df15bc28809962f2fca5b22f6588f6bba7ca6,2021-05,Northumbria Police,Northumbria Police,-1.690593,55.008040,On or near EAST THORP,E01008459,Newcastle upon Tyne 004E,Investigation complete; no suspect identified
0c93bba7e16a40a06ba50a3ed0a795c39603f15b1bc5c4ec2d9eb79d2bfa9dfe,2021-05,Northumbria Police,Northumbria Police,-1.575168,54.984669,On or near SPENCER STREET,E01008361,Newcastle upon Tyne 018D,Offender given a caution
d5a0db81dc7ec6cd351f66a6589363f53b08f818fde8437afe5c03a7cf383e6c,2021-05,Northumbria Police,Northumbria Police,-1.469417,54.952047,On or near FAWLEY CLOSE,E01008611,South Tyneside 021B,Investigation complete; no suspect identified
1ecb4a820baa651bfc0a9f579e01239bb28070fb2ee1beab402a074d1f7f3c88,2021-05,Northumbria Police,Northumbria Police,-1.606330,55.003573,On or near DENE VIEW,E01008422,Newcastle upon Tyne 005E,Investigation complete; no suspect identified
8beba9293781aa3609482f56252407c5fb977d42f09e7e4bb399809d8e529ed8,2021-05,Northumbria Police,Northumbria Police,-1.573817,54.985393,On or near CLEGHORN STREET,E01008361,Newcastle upon Tyne 018D,Investigation complete; no suspect identified
0df4de9f2f8825f93ce0bc08af6650a5d3ccefed85db37da455e087b5c30f65c,2021-05,Northumbria Police,Northumbria Police,-1.472027,54.970912,On or near PORLOCK ROAD,E01008601,South Tyneside 012A,Suspect charged
0df4de9f2f8825f93ce0bc08af6650a5d3ccefed85db37da455e087b5c30f65c,2021-05,Northumbria Police,Northumbria Police,-1.472027,54.970912,On or near PORLOCK ROAD,E01008601,South Tyneside 012A,Investigation complete; no suspect identified
e1b24b4ec895117c2555afce32febd1f5d280c484615ccd48d8c490f7ae7b5c8,2021-05,Northumbria Police,Northumbria Police,-1.516518,55.013683,On or near VALERIA CLOSE,E01008467,North Tyneside 021C,Offender given a caution
a7197a0b6812d5b844ae4c3aa6cfb1529f195a7d278d16d379b42e787a59792b,2021-05,Northumbria Police,Northumbria Police,-1.402611,54.907390,On or near ALBERT ROAD,E01008706,Sunderland 011C,Investigation complete; no suspect identified
f558c4842f08a007dde4fc79140ceb43990ca60aa852c7a4a2a14ef36879e7f7,2021-05,Northumbria Police,Northumbria Police,-1.428975,54.870591,On or near ALDERSHOT SQUARE,E01008773,Sunderland 026A,Investigation complete; no suspect identified
8b4b6191377f9f7c18398be1aa4939bb669bb6553c5ece4380928fa5ad2ca4dd,2021-05,Northumbria Police,Northumbria Police,-1.510142,54.913119,On or near USWORTH STATION ROAD,E01008859,Sunderland 009E,Investigation complete; no suspect identified
7225c5a38b1ae5a57e813aac8a05a8f7e33ea88211568d2a12a731705faf6963,2021-05,Northumbria Police,Northumbria Police,-1.459406,54.820567,On or near ALEXANDER DRIVE,E01008748,Sunderland 035E,Investigation complete; no suspect identified
7225c5a38b1ae5a57e813aac8a05a8f7e33ea88211568d2a12a731705faf6963,2021-05,Northumbria Police,Northumbria Police,-1.459406,54.820567,On or near ALEXANDER DRIVE,E01008748,Sunderland 035E,Investigation complete; no suspect identified
174766eecb40d5886bf8d2591d7ca212f7314f263d26f3702dceb8fae4f61245,2021-05,Northumbria Police,Northumbria Police,-1.500672,54.974969,On or near RED HOUSE ROAD,E01008654,South Tyneside 009D,Investigation complete; no suspect identified
300816c0d655dc19c6ee145e6fa59e9167d657aa700ea5928328bf57b9567c72,2021-05,Northumbria Police,Northumbria Police,-1.437299,55.023542,On or near MARSHMONT AVENUE,E01008563,North Tyneside 017D,Investigation complete; no suspect identified
4e563bc778b89e03c419831f57a6cafa91b7f547f7f654cc299a01ac038a0c52,2021-05,Northumbria Police,Northumbria Police,-1.570770,54.988240,On or near WHITEFIELD TERRACE,E01008360,Newcastle upon Tyne 018C,Suspect charged
53e103d682c10c6870c0f4c59353a0b0dcb5428f690fc81b04408eb8c793a963,2021-05,Northumbria Police,Northumbria Police,-1.690157,54.991567,On or near DAYSHIELD,E01008327,Newcastle upon Tyne 015D,Investigation complete; no suspect identified
53e103d682c10c6870c0f4c59353a0b0dcb5428f690fc81b04408eb8c793a963,2021-05,Northumbria Police,Northumbria Police,-1.690157,54.991567,On or near DAYSHIELD,E01008327,Newcastle upon Tyne 015D,Investigation complete; no suspect identified
53e103d682c10c6870c0f4c59353a0b0dcb5428f690fc81b04408eb8c793a963,2021-05,Northumbria Police,Northumbria Police,-1.690157,54.991567,On or near DAYSHIELD,E01008327,Newcastle upon Tyne 015D,Investigation complete; no suspect identified
53e103d682c10c6870c0f4c59353a0b0dcb5428f690fc81b04408eb8c793a963,2021-05,Northumbria Police,Northumbria Police,-1.690157,54.991567,On or near DAYSHIELD,E01008327,Newcastle upon Tyne 015D,Investigation complete; no suspect identified
a407f38e714c3dff1bf4ab29e7397bd26bf215e0397fc19aa2a5e608e4194112,2021-05,Northumbria Police,Northumbria Police,-1.685339,54.998079,On or near WINDSOR CRESCENT,E01008445,Newcastle upon Tyne 031D,Investigation complete; no suspect identified
a407f38e714c3dff1bf4ab29e7397bd26bf215e0397fc19aa2a5e608e4194112,2021-05,Northumbria Police,Northumbria Police,-1.685339,54.998079,On or near WINDSOR CRESCENT,E01008445,Newcastle upon Tyne 031D,Investigation complete; no suspect identified
fc91c4138979e2e40af6782d19c2a86b5a62551e33501e6bcb78573349b85c15,2021-05,Northumbria Police,Northumbria Police,-1.458963,54.840902,On or near EDLINGHAM COURT,E01008714,Sunderland 034A,Investigation complete; no suspect identified
41450ddc5a7297143b7cd2cab792a2412fb01a264c8731f7d09243f4edb9b4e6,2021-05,Northumbria Police,Northumbria Police,-1.387978,54.903462,On or near ALBION PLACE,E01008831,Sunderland 013D,Investigation complete; no suspect identified
8ad20126e2bf4bd18ba941c50d5a5c3ec37aeb9095cc9783c6f44e2bdc12c212,2021-05,Northumbria Police,Northumbria Police,-1.547077,55.128536,On or near TEESDALE PLACE,E01027424,Northumberland 022D,Investigation complete; no suspect identified
8e02f7819003afb20e99b1ba2a1640d741eaed97bc4dca3ec69b01ef68d56105,2021-05,Northumbria Police,Northumbria Police,-1.404519,54.908109,On or near ROBERT STREET,E01008706,Sunderland 011C,Suspect charged
5d7a7eb9d776023dae3e5fb4d7d105a9ef0cd76a0cef94935879ac5a73a668a8,2021-05,Northumbria Police,Northumbria Police,-1.411045,54.902300,On or near KAYLL ROAD,E01008759,Sunderland 015C,Suspect charged
567a92d016f01d6211fdfb7bbca747bdd959261fb02fb97d9f90cc6214b90b0c,2021-05,Northumbria Police,Northumbria Police,-1.657815,54.970138,On or near ADELAIDE TERRACE,E01008332,Newcastle upon Tyne 029B,Investigation complete; no suspect identified
567a92d016f01d6211fdfb7bbca747bdd959261fb02fb97d9f90cc6214b90b0c,2021-05,Northumbria Police,Northumbria Police,-1.657815,54.970138,On or near ADELAIDE TERRACE,E01008332,Newcastle upon Tyne 029B,Investigation complete; no suspect identified
6e4d0afaadc380aec926b62c7e203cb4571c82bfe5c40de3cb69ca5df2130c21,2021-05,Northumbria Police,Northumbria Police,-1.450094,54.972091,On or near BRAMPTON ROAD,E01008672,South Tyneside 012D,Investigation complete; no suspect identified
547bffa8d149795006194e38687536e9a41d76fe97a88af7d3f7725ecf60d22b,2021-05,Northumbria Police,Northumbria Police,-1.650819,54.969921,On or near DIPTON AVENUE,E01008335,Newcastle upon Tyne 029E,Investigation complete; no suspect identified
986fc6c1a930a26cdad220513776e027bdfd9ff199a685260a942f16863bcac1,2021-05,Northumbria Police,Northumbria Police,-1.566822,54.968869,On or near BIRDS NEST ROAD,E01008301,Newcastle upon Tyne 026A,Investigation complete; no suspect identified
de7826d7b83bdfb928bac6db97f5fc375e55075d4525a3a64dacb64a5e6d9aa5,2021-05,Northumbria Police,Northumbria Police,-1.700924,54.991675,On or near ALLENHEADS,E01008325,Newcastle upon Tyne 015B,Investigation complete; no suspect identified
81fbb1f7838fd0860ff382cb6c60a0a3a60b281f27fc0b1eec7303dee79e1ba1,2021-05,Northumbria Police,Northumbria Police,-1.700924,54.991675,On or near ALLENHEADS,E01008325,Newcastle upon Tyne 015B,Investigation complete; no suspect identified
d152e37dd16d56dc11a844df7c5391589ddec2e8a01cde09183408bd297855e3,2021-05,Northumbria Police,Northumbria Police,-1.385145,54.904139,On or near Nightclub,E01008836,Sunderland 016F,Suspect charged
06a697255fa0fb8010870a0b27e36f08624d65d123c11359452828ea9ac59150,2021-05,Northumbria Police,Northumbria Police,-1.499929,55.004657,On or near DERWENT GARDENS,E01008512,North Tyneside 026D,Investigation complete; no suspect identified
06a697255fa0fb8010870a0b27e36f08624d65d123c11359452828ea9ac59150,2021-05,Northumbria Police,Northumbria Police,-1.499929,55.004657,On or near DERWENT GARDENS,E01008512,North Tyneside 026D,Investigation complete; no suspect identified
06a697255fa0fb8010870a0b27e36f08624d65d123c11359452828ea9ac59150,2021-05,Northumbria Police,Northumbria Police,-1.499929,55.004657,On or near DERWENT GARDENS,E01008512,North Tyneside 026D,Investigation complete; no suspect identified
2798aa9dbe3b865d4b29a6e7890fa0a51404df2fe9e7c5acb85aa519b2b5606d,2021-05,Northumbria Police,Northumbria Police,-1.600522,54.977575,On or near GOSFORTH STREET,E01008406,Newcastle upon Tyne 023A,Investigation complete; no suspect identified
e4905bf401ed297a3ab6c0e03ea8fc682cdc4322fe48561ae3bf77ad5abe779f,2021-05,Northumbria Police,Northumbria Police,-1.437655,54.903019,On or near POLEBROOK ROAD,E01033076,Sunderland 012F,Investigation complete; no suspect identified
a90951c0c97988f11232972f0113028a22ae3ac546b41ee510be7e2db4b904db,2021-05,Northumbria Police,Northumbria Police,-1.398809,54.886226,On or near COPLEY DRIVE,E01008785,Sunderland 022F,Investigation complete; no suspect identified
e08e8c9e43a24d8325f7284fed4f03aee8168079bd529598bc6d6abe85364b71,2021-05,Northumbria Police,Northumbria Police,-1.616027,54.945823,On or near FONTWELL DRIVE,E01008259,Gateshead 007D,Investigation complete; no suspect identified
9974ff1393e980985f9fe62c454d35e23d22de3ed209c774dfa92565adc3758f,2021-05,Northumbria Police,Northumbria Police,-1.510142,54.913119,On or near USWORTH STATION ROAD,E01008859,Sunderland 009E,Suspect charged
8ea1cf56e1a7fd90ceb28717a5b272c82f66d67d07216fe80745a38c0dfdb4b8,2021-05,Northumbria Police,Northumbria Police,-1.399684,54.921736,On or near RIDLEY STREET,E01033075,Sunderland 005G,Investigation complete; no suspect identified
e5a403009f547c7447a74f9e670c9ed1d2eb50e7c98581b9f843a2c3507c19c3,2021-05,Northumbria Police,Northumbria Police,-1.553643,54.945861,On or near ST EDMUND'S DRIVE,E01008241,Gateshead 015C,Investigation complete; no suspect identified
5d66947efcc86b36681372ee96a4bb04b40b84d56cb41600ab66e620b8140f17,2021-05,Northumbria Police,Northumbria Police,-1.615486,54.948490,On or near BRUNEL STREET,E01008254,Gateshead 010D,Investigation complete; no suspect identified
f16fee420679608bdc1ce2a33e6881e61945ae1c0d1182d593c4eae8e3424256,2021-05,Northumbria Police,Northumbria Police,-2.078807,54.986310,On or near FAIRFIELD CRESCENT,E01027504,Northumberland 039C,Investigation complete; no suspect identified
8429dd4449ae43f6f3d189298dd317e2eb646a185196ff8b716b09c8d133142a,2021-05,Northumbria Police,Northumbria Police,-1.619408,54.966322,On or near Pedestrian Subway,E01033545,Newcastle upon Tyne 024H,Suspect charged
8429dd4449ae43f6f3d189298dd317e2eb646a185196ff8b716b09c8d133142a,2021-05,Northumbria Police,Northumbria Police,-1.619408,54.966322,On or near Pedestrian Subway,E01033545,Newcastle upon Tyne 024H,Investigation complete; no suspect identified
5b90721ba14ba3e92864a668da7573a8813fbf3756ec1e3e6b30e0f434c6c45d,2021-05,Northumbria Police,Northumbria Police,-1.575598,54.903866,On or near Sports/Recreation Area,E01008222,Gateshead 025A,Suspect charged
5b90721ba14ba3e92864a668da7573a8813fbf3756ec1e3e6b30e0f434c6c45d,2021-05,Northumbria Police,Northumbria Police,-1.575598,54.903866,On or near Sports/Recreation Area,E01008222,Gateshead 025A,Investigation complete; no suspect identified
40738140c15555f7d452ce53908ded85d91136a9218c86b760d607c6fb83d7ef,2021-05,Northumbria Police,Northumbria Police,-1.575598,54.903866,On or near Sports/Recreation Area,E01008222,Gateshead 025A,Suspect charged
f8083f996ec1b09a9359159b83da814a07571440c7344a8c78aac0926e29fa18,2021-05,Northumbria Police,Northumbria Police,-1.756262,54.992410,On or near THE BY-WAY,E01008400,Newcastle upon Tyne 014A,Investigation complete; no suspect identified
0f0fbe9509ae63cf0a92fdf10a48ab10dc13351fe8037981bd7c3029164d3c64,2021-05,Northumbria Police,Northumbria Police,-1.496333,54.864661,On or near LOWERSON AVENUE,E01008793,Sunderland 030A,Investigation complete; no suspect identified
0f0fbe9509ae63cf0a92fdf10a48ab10dc13351fe8037981bd7c3029164d3c64,2021-05,Northumbria Police,Northumbria Police,-1.496333,54.864661,On or near LOWERSON AVENUE,E01008793,Sunderland 030A,Investigation complete; no suspect identified
0f0fbe9509ae63cf0a92fdf10a48ab10dc13351fe8037981bd7c3029164d3c64,2021-05,Northumbria Police,Northumbria Police,-1.496333,54.864661,On or near LOWERSON AVENUE,E01008793,Sunderland 030A,Investigation complete; no suspect identified
0f0fbe9509ae63cf0a92fdf10a48ab10dc13351fe8037981bd7c3029164d3c64,2021-05,Northumbria Police,Northumbria Police,-1.496333,54.864661,On or near LOWERSON AVENUE,E01008793,Sunderland 030A,Investigation complete; no suspect identified
5bea18cd9f12e77c298d6c03976e97da5298fc66a43266014876cc8df5626e62,2021-05,Northumbria Police,Northumbria Police,-1.451877,55.005250,On or near VICARAGE STREET,E01008544,North Tyneside 027D,Investigation complete; no suspect identified
ab2841cd4a7609831578d1ef796a787f9561dd5941dd32245d8b582905916730,2021-05,Northumbria Police,Northumbria Police,-1.658704,54.972136,On or near DOLPHIN STREET,E01008332,Newcastle upon Tyne 029B,Investigation complete; no suspect identified
451767a0adfbc753cdcfbc3bb3d4429503ae9a35e86cf7b6f48eec4f87c852be,2021-05,Northumbria Police,Northumbria Police,-1.538420,54.986935,On or near EASTFIELD AVENUE,E01008575,North Tyneside 030E,Investigation complete; no suspect identified
07604ea459d3a06281f77e814fe77bbea27e4b1d2928ca5e6a1506d3a32cf7ce,2021-05,Northumbria Police,Northumbria Police,-1.381925,54.884299,On or near HELVELLYN ROAD,E01008780,Sunderland 024D,Investigation complete; no suspect identified
f2a7f0e21a485ad8de48a3bebd787d1fcddb1cfea2a5fed58ccc40fa80b2abb4,2021-05,Northumbria Police,Northumbria Police,-1.538959,54.945330,On or near MERESYDE,E01008281,Gateshead 015E,Investigation complete; no suspect identified
9e316439e17e76294474d7514a21768f5cc5f0191525ed278149e885ea163be2,2021-05,Northumbria Police,Northumbria Police,-1.689711,54.954112,On or near THE COVERS,E01008262,Gateshead 009A,Investigation complete; no suspect identified
0f4268979411b0c054dbe912535977a4b20dd5121a73a0fd791a9b454932d388,2021-05,Northumbria Police,Northumbria Police,-1.429274,55.014806,On or near RODNEY CLOSE,E01008558,North Tyneside 016A,Investigation complete; no suspect identified
322242878fd4780abbfbf21e84da400ebc39cfd801e07c530ad1133c0da0b3f2,2021-05,Northumbria Police,Northumbria Police,-1.554442,55.184015,On or near BLYTH TERRACE,E01027540,Northumberland 013B,Investigation complete; no suspect identified
322242878fd4780abbfbf21e84da400ebc39cfd801e07c530ad1133c0da0b3f2,2021-05,Northumbria Police,Northumbria Police,-1.554442,55.184015,On or near BLYTH TERRACE,E01027540,Northumberland 013B,Investigation complete; no suspect identified
11d5ddd33c0a8d12711ddb9d4f768116cd04984cc298f78a387016105b0cf129,2021-05,Northumbria Police,Northumbria Police,-1.571755,55.082176,On or near BARRASFORD ROAD,E01027397,Northumberland 028C,Investigation complete; no suspect identified
11d5ddd33c0a8d12711ddb9d4f768116cd04984cc298f78a387016105b0cf129,2021-05,Northumbria Police,Northumbria Police,-1.571755,55.082176,On or near BARRASFORD ROAD,E01027397,Northumberland 028C,Investigation complete; no suspect identified
9a22d45fead0ba7ed2e0633ad90638ad61e70c1e5b1d4165b1a940054a4ce770,2021-05,Northumbria Police,Northumbria Police,-1.377618,54.904847,On or near BOROUGH ROAD,E01008836,Sunderland 016F,Investigation complete; no suspect identified
9a22d45fead0ba7ed2e0633ad90638ad61e70c1e5b1d4165b1a940054a4ce770,2021-05,Northumbria Police,Northumbria Police,-1.377618,54.904847,On or near BOROUGH ROAD,E01008836,Sunderland 016F,Investigation complete; no suspect identified
3c8d0ce278a2066c2a3128e350d213329d042f2ce24600d73a441f9c93d282f3,2021-05,Northumbria Police,Northumbria Police,-1.562565,54.973949,On or near WELBECK ROAD,E01008388,Newcastle upon Tyne 028A,Suspect charged
ea499601808f96ff848f9d6590fff573b7e9de5f95d876745ab030d3702858f4,2021-05,Northumbria Police,Northumbria Police,-1.574712,54.955391,On or near HEPBURN GARDENS,E01008214,Gateshead 003A,Investigation complete; no suspect identified
ea499601808f96ff848f9d6590fff573b7e9de5f95d876745ab030d3702858f4,2021-05,Northumbria Police,Northumbria Police,-1.574712,54.955391,On or near HEPBURN GARDENS,E01008214,Gateshead 003A,Investigation complete; no suspect identified
ea499601808f96ff848f9d6590fff573b7e9de5f95d876745ab030d3702858f4,2021-05,Northumbria Police,Northumbria Police,-1.574712,54.955391,On or near HEPBURN GARDENS,E01008214,Gateshead 003A,Investigation complete; no suspect identified
6dfae171254448dd2defb5b6aee7b4c08b8176c0dfdf8b6a5e12706b20e5926b,2021-05,Northumbria Police,Northumbria Police,-1.597460,54.943184,On or near WESTOVER GARDENS,E01008237,Gateshead 016D,Investigation complete; no suspect identified
fd2990b5bbbee0aa8a38e3ccc06f2bd19107a95046ed28d9688a1f4f0c684a40,2021-05,Northumbria Police,Northumbria Police,-1.387324,54.905453,On or near Sports/Recreation Area,E01008703,Sunderland 013B,Investigation complete; no suspect identified
640ac3cb0cd88639fe6ed009dfea9ed3bcccbe5cc0dba679ee604c4a0b8588c1,2021-05,Northumbria Police,Northumbria Police,-1.756257,55.060381,On or near Police Station,E01033714,Northumberland 033F,Investigation complete; no suspect identified
4ea67c81b4645bb810ffdcf6a2e0f132dbbf25965429e00a49954542ba11abb5,2021-05,Northumbria Police,Northumbria Police,-1.564197,55.172207,On or near HARTFORD CRESCENT,E01027537,Northumberland 014B,Investigation complete; no suspect identified
f7abec816097ba2e18dbca56fc06f63dd8e88e6d5a3db1b27ab852391149e854,2021-05,Northumbria Police,Northumbria Police,-1.370178,54.891904,On or near HASTINGS STREET,E01008738,Sunderland 016E,Investigation complete; no suspect identified
f7abec816097ba2e18dbca56fc06f63dd8e88e6d5a3db1b27ab852391149e854,2021-05,Northumbria Police,Northumbria Police,-1.370178,54.891904,On or near HASTINGS STREET,E01008738,Sunderland 016E,Investigation complete; no suspect identified
2835d3311ef8c2ec0a189f0b15d20eaa8ce83540fb99ddcc158312248a1b9cbe,2021-05,Northumbria Police,Northumbria Police,-1.622131,54.954109,On or near DERWENTWATER ROAD,E01008257,Gateshead 008E,Investigation complete; no suspect identified
2835d3311ef8c2ec0a189f0b15d20eaa8ce83540fb99ddcc158312248a1b9cbe,2021-05,Northumbria Police,Northumbria Police,-1.622131,54.954109,On or near DERWENTWATER ROAD,E01008257,Gateshead 008E,Investigation complete; no suspect identified
2835d3311ef8c2ec0a189f0b15d20eaa8ce83540fb99ddcc158312248a1b9cbe,2021-05,Northumbria Police,Northumbria Police,-1.622131,54.954109,On or near DERWENTWATER ROAD,E01008257,Gateshead 008E,Investigation complete; no suspect identified
29a5f0c5150d334a1b389719316e153a65eb311febb19e8601c78d66b24406bc,2021-05,Northumbria Police,Northumbria Police,-1.435480,54.870064,On or near BRAEMAR GARDENS,E01008772,Sunderland 029A,Investigation complete; no suspect identified
c0f9f647b606b6682075a1c34b0c509f1d86c24d5ca0ff51bc711b6a9fac40e8,2021-05,Northumbria Police,Northumbria Police,-1.413410,54.904782,On or near PALLION ROAD,E01008757,Sunderland 015A,Suspect charged
70df950d2bcaaeb2b2f0dc659c5382c18d33fc77f7799833f882fe02e103a3c8,2021-05,Northumbria Police,Northumbria Police,-1.617134,54.972264,On or near NEWGATE STREET,E01033543,Newcastle upon Tyne 024G,Suspect charged
70df950d2bcaaeb2b2f0dc659c5382c18d33fc77f7799833f882fe02e103a3c8,2021-05,Northumbria Police,Northumbria Police,-1.617134,54.972264,On or near NEWGATE STREET,E01033543,Newcastle upon Tyne 024G,Suspect charged
40130c1fcc20c8ded64122cb985f5c249a4b7210211c17bc52380e7bc3b12890,2021-05,Northumbria Police,Northumbria Police,-1.448597,54.929651,On or near HYLTON LANE,E01008837,Sunderland 003B,Investigation complete; no suspect identified
40130c1fcc20c8ded64122cb985f5c249a4b7210211c17bc52380e7bc3b12890,2021-05,Northumbria Police,Northumbria Police,-1.448597,54.929651,On or near HYLTON LANE,E01008837,Sunderland 003B,Investigation complete; no suspect identified
d1e33eebd9f7c152b543f214d2a06d1ec9f57498f8aba18ceaa441fc46c84b86,2021-05,Northumbria Police,Northumbria Police,-1.560658,55.169948,On or near Parking Area,E01027537,Northumberland 014B,Investigation complete; no suspect identified
d1e33eebd9f7c152b543f214d2a06d1ec9f57498f8aba18ceaa441fc46c84b86,2021-05,Northumbria Police,Northumbria Police,-1.560658,55.169948,On or near Parking Area,E01027537,Northumberland 014B,Investigation complete; no suspect identified
d1e33eebd9f7c152b543f214d2a06d1ec9f57498f8aba18ceaa441fc46c84b86,2021-05,Northumbria Police,Northumbria Police,-1.560658,55.169948,On or near Parking Area,E01027537,Northumberland 014B,Investigation complete; no suspect identified
bd96b06279b4ecad5fde3a6c6ee9656a814acc92bae43a65e2c9f493b566ce46,2021-05,Northumbria Police,Northumbria Police,-2.103081,54.994362,On or near BISHOPS HILL,E01027476,Northumberland 035A,Investigation complete; no suspect identified
17bf0ba699b75a774fe0409cf459bb6034e3003eb64161a9bbb24de52d7e5031,2021-05,Northumbria Police,Northumbria Police,-1.430166,54.883384,On or near TRURO ROAD,E01008829,Sunderland 023G,Investigation complete; no suspect identified
3e2c0263a42e707ddd2caf0b0b5346ffdc11d28dd329e6b9f1bfd8a7821f13da,2021-05,Northumbria Police,Northumbria Police,-1.679240,54.986651,On or near SLATYFORD LANE,E01008344,Newcastle upon Tyne 019B,Investigation complete; no suspect identified
0c0433e030e9247dc41ce578eafbdc8ca9915b34fc8cd8d5ccce72781c1fa4c9,2021-05,Northumbria Police,Northumbria Police,-1.630181,54.956623,On or near MID SUMMER WAY,E01008258,Gateshead 007C,Investigation complete; no suspect identified
0c0433e030e9247dc41ce578eafbdc8ca9915b34fc8cd8d5ccce72781c1fa4c9,2021-05,Northumbria Police,Northumbria Police,-1.630181,54.956623,On or near MID SUMMER WAY,E01008258,Gateshead 007C,Investigation complete; no suspect identified
0c0433e030e9247dc41ce578eafbdc8ca9915b34fc8cd8d5ccce72781c1fa4c9,2021-05,Northumbria Police,Northumbria Police,-1.630181,54.956623,On or near MID SUMMER WAY,E01008258,Gateshead 007C,Investigation complete; no suspect identified
0c0433e030e9247dc41ce578eafbdc8ca9915b34fc8cd8d5ccce72781c1fa4c9,2021-05,Northumbria Police,Northumbria Police,-1.630181,54.956623,On or near MID SUMMER WAY,E01008258,Gateshead 007C,Investigation complete; no suspect identified
003f9c06e93206308a4c70a42b9612aade66569ec2bbc444b30eabf574047eaf,2021-05,Northumbria Police,Northumbria Police,-1.584710,54.977693,On or near HEATON PARK ROAD,E01008304,Newcastle upon Tyne 026C,Investigation complete; no suspect identified
003f9c06e93206308a4c70a42b9612aade66569ec2bbc444b30eabf574047eaf,2021-05,Northumbria Police,Northumbria Police,-1.584710,54.977693,On or near HEATON PARK ROAD,E01008304,Newcastle upon Tyne 026C,Suspect charged
003f9c06e93206308a4c70a42b9612aade66569ec2bbc444b30eabf574047eaf,2021-05,Northumbria Police,Northumbria Police,-1.584710,54.977693,On or near HEATON PARK ROAD,E01008304,Newcastle upon Tyne 026C,Suspect charged
84ff5caad23bfaddfe216fe9fe43783ae541afb478412fc30f532b1a69cdbcbd,2021-05,Northumbria Police,Northumbria Police,-1.584710,54.977693,On or near HEATON PARK ROAD,E01008304,Newcastle upon Tyne 026C,Investigation complete; no suspect identified
5e22b2e7b6a5a900b49f170a826269df554c269a5f65917248373f6f809f7287,2021-05,Northumbria Police,Northumbria Police,-1.511641,55.189666,On or near EAST LEA,E01027542,Northumberland 009B,Investigation complete; no suspect identified
5e22b2e7b6a5a900b49f170a826269df554c269a5f65917248373f6f809f7287,2021-05,Northumbria Police,Northumbria Police,-1.511641,55.189666,On or near EAST LEA,E01027542,Northumberland 009B,Investigation complete; no suspect identified
e3495a680851c303e755b83a8b0d9abf334045234745b011ad7f835e804bddb3,2021-05,Northumbria Police,Northumbria Police,-1.550619,54.942678,On or near REDEMARSH,E01008231,Gateshead 015A,Investigation complete; no suspect identified
6e637538ed452d88780e6b198d4e6ae3b2448114ac45b5ebb0e8b0e601026d2f,2021-05,Northumbria Police,Northumbria Police,-1.615061,54.975034,On or near Shopping Area,E01008397,Newcastle upon Tyne 024C,Investigation complete; no suspect identified
6e637538ed452d88780e6b198d4e6ae3b2448114ac45b5ebb0e8b0e601026d2f,2021-05,Northumbria Police,Northumbria Police,-1.615061,54.975034,On or near Shopping Area,E01008397,Newcastle upon Tyne 024C,Investigation complete; no suspect identified
6e637538ed452d88780e6b198d4e6ae3b2448114ac45b5ebb0e8b0e601026d2f,2021-05,Northumbria Police,Northumbria Police,-1.615061,54.975034,On or near Shopping Area,E01008397,Newcastle upon Tyne 024C,Investigation complete; no suspect identified
b997136a1e14abc4e3b1d3c1cd48357c2da50e5ce302358da18a4b597853dc5f,2021-05,Northumbria Police,Northumbria Police,-1.560892,54.932507,On or near WHITEHOUSE CRESCENT,E01008232,Gateshead 018C,Investigation complete; no suspect identified
b997136a1e14abc4e3b1d3c1cd48357c2da50e5ce302358da18a4b597853dc5f,2021-05,Northumbria Police,Northumbria Police,-1.560892,54.932507,On or near WHITEHOUSE CRESCENT,E01008232,Gateshead 018C,Investigation complete; no suspect identified
b997136a1e14abc4e3b1d3c1cd48357c2da50e5ce302358da18a4b597853dc5f,2021-05,Northumbria Police,Northumbria Police,-1.560892,54.932507,On or near WHITEHOUSE CRESCENT,E01008232,Gateshead 018C,Investigation complete; no suspect identified
57274856f7773031bd21f30e92d26c3673433805426444f17fff5b422f082738,2021-05,Northumbria Police,Northumbria Police,-1.500992,54.966865,On or near MONKTON LANE,E01008656,South Tyneside 015E,Investigation complete; no suspect identified
57274856f7773031bd21f30e92d26c3673433805426444f17fff5b422f082738,2021-05,Northumbria Police,Northumbria Police,-1.500992,54.966865,On or near MONKTON LANE,E01008656,South Tyneside 015E,Investigation complete; no suspect identified
57274856f7773031bd21f30e92d26c3673433805426444f17fff5b422f082738,2021-05,Northumbria Police,Northumbria Police,-1.500992,54.966865,On or near MONKTON LANE,E01008656,South Tyneside 015E,Investigation complete; no suspect identified
57274856f7773031bd21f30e92d26c3673433805426444f17fff5b422f082738,2021-05,Northumbria Police,Northumbria Police,-1.500992,54.966865,On or near MONKTON LANE,E01008656,South Tyneside 015E,Investigation complete; no suspect identified
57274856f7773031bd21f30e92d26c3673433805426444f17fff5b422f082738,2021-05,Northumbria Police,Northumbria Police,-1.500992,54.966865,On or near MONKTON LANE,E01008656,South Tyneside 015E,Investigation complete; no suspect identified
57274856f7773031bd21f30e92d26c3673433805426444f17fff5b422f082738,2021-05,Northumbria Police,Northumbria Police,-1.500992,54.966865,On or near MONKTON LANE,E01008656,South Tyneside 015E,Investigation complete; no suspect identified
57274856f7773031bd21f30e92d26c3673433805426444f17fff5b422f082738,2021-05,Northumbria Police,Northumbria Police,-1.500992,54.966865,On or near MONKTON LANE,E01008656,South Tyneside 015E,Investigation complete; no suspect identified
57274856f7773031bd21f30e92d26c3673433805426444f17fff5b422f082738,2021-05,Northumbria Police,Northumbria Police,-1.500992,54.966865,On or near MONKTON LANE,E01008656,South Tyneside 015E,Investigation complete; no suspect identified
57274856f7773031bd21f30e92d26c3673433805426444f17fff5b422f082738,2021-05,Northumbria Police,Northumbria Police,-1.500992,54.966865,On or near MONKTON LANE,E01008656,South Tyneside 015E,Investigation complete; no suspect identified
57274856f7773031bd21f30e92d26c3673433805426444f17fff5b422f082738,2021-05,Northumbria Police,Northumbria Police,-1.500992,54.966865,On or near MONKTON LANE,E01008656,South Tyneside 015E,Investigation complete; no suspect identified
57274856f7773031bd21f30e92d26c3673433805426444f17fff5b422f082738,2021-05,Northumbria Police,Northumbria Police,-1.500992,54.966865,On or near MONKTON LANE,E01008656,South Tyneside 015E,Investigation complete; no suspect identified
57274856f7773031bd21f30e92d26c3673433805426444f17fff5b422f082738,2021-05,Northumbria Police,Northumbria Police,-1.500992,54.966865,On or near MONKTON LANE,E01008656,South Tyneside 015E,Investigation complete; no suspect identified
57274856f7773031bd21f30e92d26c3673433805426444f17fff5b422f082738,2021-05,Northumbria Police,Northumbria Police,-1.500992,54.966865,On or near MONKTON LANE,E01008656,South Tyneside 015E,Investigation complete; no suspect identified
57274856f7773031bd21f30e92d26c3673433805426444f17fff5b422f082738,2021-05,Northumbria Police,Northumbria Police,-1.500992,54.966865,On or near MONKTON LANE,E01008656,South Tyneside 015E,Investigation complete; no suspect identified
57274856f7773031bd21f30e92d26c3673433805426444f17fff5b422f082738,2021-05,Northumbria Police,Northumbria Police,-1.500992,54.966865,On or near MONKTON LANE,E01008656,South Tyneside 015E,Investigation complete; no suspect identified
57274856f7773031bd21f30e92d26c3673433805426444f17fff5b422f082738,2021-05,Northumbria Police,Northumbria Police,-1.500992,54.966865,On or near MONKTON LANE,E01008656,South Tyneside 015E,Investigation complete; no suspect identified
57274856f7773031bd21f30e92d26c3673433805426444f17fff5b422f082738,2021-05,Northumbria Police,Northumbria Police,-1.500992,54.966865,On or near MONKTON LANE,E01008656,South Tyneside 015E,Investigation complete; no suspect identified
57274856f7773031bd21f30e92d26c3673433805426444f17fff5b422f082738,2021-05,Northumbria Police,Northumbria Police,-1.500992,54.966865,On or near MONKTON LANE,E01008656,South Tyneside 015E,Investigation complete; no suspect identified
57274856f7773031bd21f30e92d26c3673433805426444f17fff5b422f082738,2021-05,Northumbria Police,Northumbria Police,-1.500992,54.966865,On or near MONKTON LANE,E01008656,South Tyneside 015E,Investigation complete; no suspect identified
57274856f7773031bd21f30e92d26c3673433805426444f17fff5b422f082738,2021-05,Northumbria Police,Northumbria Police,-1.500992,54.966865,On or near MONKTON LANE,E01008656,South Tyneside 015E,Investigation complete; no suspect identified
57274856f7773031bd21f30e92d26c3673433805426444f17fff5b422f082738,2021-05,Northumbria Police,Northumbria Police,-1.500992,54.966865,On or near MONKTON LANE,E01008656,South Tyneside 015E,Investigation complete; no suspect identified
f1acd65cb78490cd937e9f5240f8e8ee6f19b6ffef88dfd79a052dacd3445227,2021-05,Northumbria Police,Northumbria Police,-1.400760,54.919674,On or near SOUTH TERRACE,E01033075,Sunderland 005G,Investigation complete; no suspect identified
84a591ecd06ceb67c8333258091aa0384feefa4c276db213043709f910efc14b,2021-05,Northumbria Police,Northumbria Police,-1.572932,54.880177,On or near DURHAM PLACE,E01008173,Gateshead 026B,Offender given a caution
559c138062261ebc4aa40c881d1033df89be6ece79adf79c98e8064e7dc40d27,2021-05,Northumbria Police,Northumbria Police,-1.562807,54.931508,On or near BLACKHILL CRESCENT,E01008227,Gateshead 021E,Investigation complete; no suspect identified
61f8a3beb7cb45e52fb33fc54012b035ca0efc399c1370f482f9c4d0c4e1faf4,2021-05,Northumbria Police,Northumbria Police,-1.514290,55.126765,On or near BOWES COURT,E01027415,Northumberland 023B,Investigation complete; no suspect identified
61f8a3beb7cb45e52fb33fc54012b035ca0efc399c1370f482f9c4d0c4e1faf4,2021-05,Northumbria Police,Northumbria Police,-1.514290,55.126765,On or near BOWES COURT,E01027415,Northumberland 023B,Investigation complete; no suspect identified
61f8a3beb7cb45e52fb33fc54012b035ca0efc399c1370f482f9c4d0c4e1faf4,2021-05,Northumbria Police,Northumbria Police,-1.514290,55.126765,On or near BOWES COURT,E01027415,Northumberland 023B,Investigation complete; no suspect identified
61f8a3beb7cb45e52fb33fc54012b035ca0efc399c1370f482f9c4d0c4e1faf4,2021-05,Northumbria Police,Northumbria Police,-1.514290,55.126765,On or near BOWES COURT,E01027415,Northumberland 023B,Suspect charged
61f8a3beb7cb45e52fb33fc54012b035ca0efc399c1370f482f9c4d0c4e1faf4,2021-05,Northumbria Police,Northumbria Police,-1.514290,55.126765,On or near BOWES COURT,E01027415,Northumberland 023B,Investigation complete; no suspect identified
61f8a3beb7cb45e52fb33fc54012b035ca0efc399c1370f482f9c4d0c4e1faf4,2021-05,Northumbria Police,Northumbria Police,-1.514290,55.126765,On or near BOWES COURT,E01027415,Northumberland 023B,Investigation complete; no suspect identified
61f8a3beb7cb45e52fb33fc54012b035ca0efc399c1370f482f9c4d0c4e1faf4,2021-05,Northumbria Police,Northumbria Police,-1.514290,55.126765,On or near BOWES COURT,E01027415,Northumberland 023B,Investigation complete; no suspect identified
61f8a3beb7cb45e52fb33fc54012b035ca0efc399c1370f482f9c4d0c4e1faf4,2021-05,Northumbria Police,Northumbria Police,-1.514290,55.126765,On or near BOWES COURT,E01027415,Northumberland 023B,Suspect charged
241eced00aa3d6c26a7b2af13410029ffc284df6f299e4ce1eaf133299cdcf3a,2021-05,Northumbria Police,Northumbria Police,-1.689711,54.954112,On or near THE COVERS,E01008262,Gateshead 009A,Suspect charged
3575d892cc3e5a477129f338ad69878c55bb8f1a14e5b7e752c9eddd31206276,2021-05,Northumbria Police,Northumbria Police,-1.644416,54.973209,On or near LYNNWOOD AVENUE,E01008333,Newcastle upon Tyne 029C,Offender given a caution
6abb72ddaf8c731b2433635ba2ccab90811a97daa45cff51b6078a56714a651c,2021-05,Northumbria Police,Northumbria Police,-1.612740,54.974308,On or near Shopping Area,E01008397,Newcastle upon Tyne 024C,Investigation complete; no suspect identified
97677b52dac1fd64e2aee53bf06ab77e2c654a94d0a894f3755d3b9c4f14ea1d,2021-05,Northumbria Police,Northumbria Police,-1.634782,54.967573,On or near HAWTHORN TERRACE,E01008439,Newcastle upon Tyne 024E,Investigation complete; no suspect identified
97677b52dac1fd64e2aee53bf06ab77e2c654a94d0a894f3755d3b9c4f14ea1d,2021-05,Northumbria Police,Northumbria Police,-1.634782,54.967573,On or near HAWTHORN TERRACE,E01008439,Newcastle upon Tyne 024E,Investigation complete; no suspect identified
97677b52dac1fd64e2aee53bf06ab77e2c654a94d0a894f3755d3b9c4f14ea1d,2021-05,Northumbria Police,Northumbria Police,-1.634782,54.967573,On or near HAWTHORN TERRACE,E01008439,Newcastle upon Tyne 024E,Investigation complete; no suspect identified
5647ff4316b63f44eefc391bd44b68e5ab09befcb7d7332184f456a48970a596,2021-05,Northumbria Police,Northumbria Police,-1.588152,55.213653,On or near POTLAND VIEW,E01027445,Northumberland 008C,Suspect charged
eb279ce86e9302c2e4949c8fb1050fdf80803681d1184a96f109ce2706d1838f,2021-05,Northumbria Police,Northumbria Police,-1.556493,54.952243,On or near HIGH HOUSE GARDENS,E01008215,Gateshead 003B,Offender given a caution
eb279ce86e9302c2e4949c8fb1050fdf80803681d1184a96f109ce2706d1838f,2021-05,Northumbria Police,Northumbria Police,-1.556493,54.952243,On or near HIGH HOUSE GARDENS,E01008215,Gateshead 003B,Offender given a caution
23008e4098a426829a12ffa92a3a9d85487197d5fdaae74113afeb9d4af04183,2021-05,Northumbria Police,Northumbria Police,-1.521865,54.912437,On or near Supermarket,E01008853,Sunderland 009A,Offender given a caution
23008e4098a426829a12ffa92a3a9d85487197d5fdaae74113afeb9d4af04183,2021-05,Northumbria Police,Northumbria Police,-1.521865,54.912437,On or near Supermarket,E01008853,Sunderland 009A,Offender given a caution
77327ea1eb223b9ab2d10dcbb0c13d06e986b2bfea817e4e7f8ead318623a755,2021-05,Northumbria Police,Northumbria Police,-1.578730,54.905620,On or near NEWCASTLE ROAD,E01008223,Gateshead 025B,Investigation complete; no suspect identified
f56c2c14054f55b456c7b28ea81fe00d3428b11e48de17557d7b15fcad3d4db2,2021-05,Northumbria Police,Northumbria Police,-1.675438,55.159569,On or near EIGHTH AVENUE,E01027461,Northumberland 016E,Offender given a caution
5dbdea94756c833d4298cf427f05da163df0459319b7f300186d4b8c785d31f8,2021-05,Northumbria Police,Northumbria Police,-1.390883,54.906280,On or near SILKSWORTH ROW,E01008705,Sunderland 013C,Suspect charged
c08f249fc20bff45c2a2c6570792cdeb6c4e2355892312409346319243b51ffc,2021-05,Northumbria Police,Northumbria Police,-1.607747,54.968900,On or near SANDHILL,E01033543,Newcastle upon Tyne 024G,Offender given a caution
c08f249fc20bff45c2a2c6570792cdeb6c4e2355892312409346319243b51ffc,2021-05,Northumbria Police,Northumbria Police,-1.607747,54.968900,On or near SANDHILL,E01033543,Newcastle upon Tyne 024G,Offender given a caution
c3f94c33ba5e2540b41f97f84d782e02f7f63506c5a34f1007e404510a766a9f,2021-05,Northumbria Police,Northumbria Police,-1.621934,54.968460,On or near WESTMORLAND ROAD,E01033545,Newcastle upon Tyne 024H,Offender given a caution
416156a2cad271c3dec918c34262c2729bfad938d21981874d887bf3eb3db6ae,2021-05,Northumbria Police,Northumbria Police,-1.566489,55.021527,On or near STATION ROAD NORTH,E01008470,North Tyneside 014A,Investigation complete; no suspect identified
e3e8a659d289af21f5dcbd39bb0e0f1fc234413849eb849ea02938deba517982,2021-05,Northumbria Police,Northumbria Police,-1.574957,54.924748,On or near SPRINGWELL AVENUE,E01008217,Gateshead 023E,Suspect charged
e3e8a659d289af21f5dcbd39bb0e0f1fc234413849eb849ea02938deba517982,2021-05,Northumbria Police,Northumbria Police,-1.574957,54.924748,On or near SPRINGWELL AVENUE,E01008217,Gateshead 023E,Suspect charged
d47af57b33efee88603354d3a8f11328beddf198f8c090a6e559f30dddcf39c7,2021-05,Northumbria Police,Northumbria Police,-1.436662,55.000939,On or near PETREL CLOSE,E01008667,South Tyneside 002D,Investigation complete; no suspect identified
be11524000d620595aeff43154a8a0f13e77b4a6ce34a2db271ce7ce264bc273,2021-05,Northumbria Police,Northumbria Police,-1.367869,54.909901,On or near LUCKNOW STREET,E01008702,Sunderland 016A,Offender given a caution
4fd6c8b9bd639e85ad023c337af99274ca1775a5cd09923975bcf33aa4437313,2021-05,Northumbria Police,Northumbria Police,-1.429211,54.894712,On or near Petrol Station,E01008758,Sunderland 015B,Investigation complete; no suspect identified
3fafcc37bbc8af24caae9a2aecb725af6821f7572b5175cf083122312b121f23,2021-05,Northumbria Police,Northumbria Police,-1.572595,54.969510,On or near JANET STREET,E01008301,Newcastle upon Tyne 026A,Offender given a caution
a634281665e6c2ffc4905ffaa85245f1874d5b13b4721511137e8873ba35962f,2021-05,Northumbria Police,Northumbria Police,-1.445488,54.806099,On or near Sports/Recreation Area,E01008744,Sunderland 036B,Investigation complete; no suspect identified
6fcc526001316d130ddc186aeafa703e36b00f92ebcf6a72c24d3692848d682a,2021-05,Northumbria Police,Northumbria Police,-1.526947,54.912709,On or near Petrol Station,E01008860,Sunderland 009F,Investigation complete; no suspect identified
ce8bdddd5c5a0dc66e7291a6668a284d3ee2d5b1a9a67ca3a724e44648193663,2021-05,Northumbria Police,Northumbria Police,-1.642390,54.948006,On or near CYPRESS CRESCENT,E01008211,Gateshead 013D,Investigation complete; no suspect identified
e441f608ae789a28229b56a3239b207185d5c42c9f25a176c7180fed5df914ee,2021-05,Northumbria Police,Northumbria Police,-1.413322,54.963418,On or near Petrol Station,E01008622,South Tyneside 013A,Investigation complete; no suspect identified
07f3f67dbaf8c24c19a5288ebc43d2e15fa0508fa68876b0b531ac696a6cdf8a,2021-05,Northumbria Police,Northumbria Police,-1.685629,54.994899,On or near GLANTLEES,E01008324,Newcastle upon Tyne 015A,Investigation complete; no suspect identified
93ab7341c4b097556a84777688e81831659ab26d033b05b0b708e69eb63379cb,2021-05,Northumbria Police,Northumbria Police,-1.618925,54.948025,On or near SANDOWN GARDENS,E01008257,Gateshead 008E,Investigation complete; no suspect identified
b0c07d7bc2174cdbf9c85e6094f93cd685ac9e6b766577bf2323fde2e1626b50,2021-05,Northumbria Police,Northumbria Police,-1.592919,54.943070,On or near EVISTONES ROAD,E01008237,Gateshead 016D,Investigation complete; no suspect identified
9c3adf281a115925b1fc2fdb317062f08fe70e7aef1966c3dd5ed9a89287770e,2021-05,Northumbria Police,Northumbria Police,-1.502167,55.034716,On or near PARK GROVE,E01008568,North Tyneside 011B,Investigation complete; no suspect identified
86f88b0a55f64a31f30a66b9c68811b5ccf1bea2bd7f80334480bff85c71b8f7,2021-05,Northumbria Police,Northumbria Police,-1.402447,54.986919,On or near NORHAM AVENUE,E01008647,South Tyneside 004A,Investigation complete; no suspect identified
ca2a9a3419edf30dfb130eec4782c56df45b19d0e7ffc1d7391bb27f9c83fd93,2021-05,Northumbria Police,Northumbria Police,-1.563189,55.182618,On or near HAWTHORN ROAD,E01027539,Northumberland 010C,Investigation complete; no suspect identified
ae10d98012ec2a3ad52a859769672eec04c5cc1fac49afba3fe4ba9211d4c6a4,2021-05,Northumbria Police,Northumbria Police,-1.435660,55.034498,On or near MARDEN TERRACE,E01008496,North Tyneside 010B,Investigation complete; no suspect identified
a287d950ee47ba37a5b3062f300d024a68c5f19367b48fbc3455a1bff6a008f0,2021-05,Northumbria Police,Northumbria Police,-1.427263,54.982518,On or near ASTON STREET,E01008679,South Tyneside 005A,Offender given a caution
a287d950ee47ba37a5b3062f300d024a68c5f19367b48fbc3455a1bff6a008f0,2021-05,Northumbria Police,Northumbria Police,-1.427263,54.982518,On or near ASTON STREET,E01008679,South Tyneside 005A,Investigation complete; no suspect identified
0b3ef2d44139d0405c5a2441ea14a9d8c9f1f8bf6c07cd5c3dff5959012a727a,2021-05,Northumbria Police,Northumbria Police,-1.743879,54.983272,On or near CONSTON CLOSE,E01008400,Newcastle upon Tyne 014A,Investigation complete; no suspect identified
74e384deb78c10ba6bf0a482e829bae4c5d2da1e89abc182bb8868b02f638061,2021-05,Northumbria Police,Northumbria Police,-1.530379,55.067969,On or near AVENUE ROAD,E01027434,Northumberland 032C,Investigation complete; no suspect identified
74e384deb78c10ba6bf0a482e829bae4c5d2da1e89abc182bb8868b02f638061,2021-05,Northumbria Police,Northumbria Police,-1.530379,55.067969,On or near AVENUE ROAD,E01027434,Northumberland 032C,Suspect charged
5f035e5e93b509143bd30db0eb6c1706c50d95cc041d6f4a308d4e69b4666920,2021-05,Northumbria Police,Northumbria Police,-1.617388,54.975131,On or near PERCY STREET,E01008397,Newcastle upon Tyne 024C,Investigation complete; no suspect identified
2cdb92ef78184c885dfe23b388d9b5b51c8e477ba149bdd0aec0e431eebc9595,2021-05,Northumbria Police,Northumbria Police,-1.637175,54.972352,On or near GLOUCESTER ROAD,E01008331,Newcastle upon Tyne 029A,Investigation complete; no suspect identified
770c44ad8097dcef7a24612ee0cab542f222caf9f7c383714732c006c9aa9d07,2021-05,Northumbria Police,Northumbria Police,-1.617388,54.975131,On or near PERCY STREET,E01008397,Newcastle upon Tyne 024C,Investigation complete; no suspect identified
62d4116c740b117ee000b927289ab9a4028bf599547550346d56eee92a6fe761,2021-05,Northumbria Police,Northumbria Police,-1.615322,54.972222,On or near NUN STREET,E01033543,Newcastle upon Tyne 024G,Investigation complete; no suspect identified
62d4116c740b117ee000b927289ab9a4028bf599547550346d56eee92a6fe761,2021-05,Northumbria Police,Northumbria Police,-1.615322,54.972222,On or near NUN STREET,E01033543,Newcastle upon Tyne 024G,Suspect charged
88cd906e7fd3e0b66e27d4b688a2e620dfd82bcd4a9b246ab58f11ef7f16ed0e,2021-05,Northumbria Police,Northumbria Police,-1.416830,54.908798,On or near STRATFIELD STREET,E01008757,Sunderland 015A,Investigation complete; no suspect identified
19de58f8a8bc3edb6380229c19b670a8ebe69577ed8bfa572ebd25f9eef994ee,2021-05,Northumbria Police,Northumbria Police,-1.462486,54.948395,On or near Parking Area,E01008613,South Tyneside 021D,Suspect charged
e5e3b33ccde45c7771b8a93a7ed3ff7edaa0e66fca772d47363a8ecb7a607cee,2021-05,Northumbria Police,Northumbria Police,-1.449232,54.960872,On or near PRIESTLEY COURT,E01008606,South Tyneside 016C,Investigation complete; no suspect identified
c70fb1332236157667df2088f0a1c1b0a388154e4c41775b9df0a1a6ca4b4e8d,2021-05,Northumbria Police,Northumbria Police,-1.600305,55.131552,On or near A193,E01027523,Northumberland 021F,Investigation complete; no suspect identified
84337cb235c63dbbb8bd82dc1bbbeec4e598e933ef3ac673244a6a6fc48a5454,2021-05,Northumbria Police,Northumbria Police,-1.583820,54.989705,On or near HOLDERNESS ROAD,E01008365,Newcastle upon Tyne 012F,Investigation complete; no suspect identified
d98355379b3604f7b945a28c59e0ee1a08ff260a6a6fd16471c8bc90f5aa059b,2021-05,Northumbria Police,Northumbria Police,-1.383845,54.906568,On or near SOUTH STREET,E01008703,Sunderland 013B,Investigation complete; no suspect identified
fd6a077095aeb9237636d749d22df720ee116e28e38847e958a9622ccf2d3464,2021-05,Northumbria Police,Northumbria Police,-1.665922,54.981412,On or near Supermarket,E01008346,Newcastle upon Tyne 019D,Investigation complete; no suspect identified
03ae9c1551b701665b85767906f4d27dc94b78bee2c368087cbc5d7886fad0c0,2021-05,Northumbria Police,Northumbria Police,-1.494297,55.023585,On or near Petrol Station,E01008488,North Tyneside 015A,Investigation complete; no suspect identified
12e67c6a30c612deaf60c298d7cdc89b9c3ebc798b5faa5440ba89c65845ab42,2021-05,Northumbria Police,Northumbria Police,-1.598068,54.982447,On or near KELVIN GROVE,E01008411,Newcastle upon Tyne 017E,Investigation complete; no suspect identified
415b7cf1f9f6c4448f157ad8a287f40ca1d69d78e6655d499258235e28015e41,2021-05,Northumbria Police,Northumbria Police,-1.532306,54.989931,On or near STATION ROAD,E01008575,North Tyneside 030E,Investigation complete; no suspect identified
16021e9f7a8a35738ae280b1ec96492f5e70edde32b4445f2f46d03b804163cd,2021-05,Northumbria Police,Northumbria Police,-1.612740,54.974308,On or near Shopping Area,E01008397,Newcastle upon Tyne 024C,Suspect charged
e96a5e2d9b26f58ae303708bfc95eb6599421e8a6538fefad1aaf84f3c589447,2021-05,Northumbria Police,Northumbria Police,-2.016935,54.973835,On or near Petrol Station,E01027481,Northumberland 039A,Investigation complete; no suspect identified
9fbf9832a14b669e73d1c7cbc55d7c392732104f80c21c08ac96505c80b18187,2021-05,Northumbria Police,Northumbria Police,-1.401416,54.903834,On or near HOUGHTON STREET,E01008707,Sunderland 011D,Investigation complete; no suspect identified
d9f5c0d4ef830f4f5703d8cf17ec0e3b38b7733a7e3fe14615e7680b059ec3e0,2021-05,Northumbria Police,Northumbria Police,-1.691580,55.154498,On or near THE AVENUE,E01027458,Northumberland 018C,Investigation complete; no suspect identified
e0c27b30537a20cdc28fd3a8d48e1f309b204b524aaa9d8dcda012331723ad5a,2021-05,Northumbria Police,Northumbria Police,-1.530928,55.112156,On or near PHOENIX STREET,E01027427,Northumberland 025C,Investigation complete; no suspect identified
23bf2b142e8a633a2d6daeeb46c6234a8ef897f39c1e716467c089dff418d6de,2021-05,Northumbria Police,Northumbria Police,-1.451056,55.043581,On or near PARK VIEW,E01008586,North Tyneside 009E,Investigation complete; no suspect identified
c0cbb27d064fbe7ceaa6656ae3f888939c4dc8002437de1fcfdae01bcd70c1d6,2021-05,Northumbria Police,Northumbria Police,-1.454681,55.041692,On or near NORHAM ROAD,E01008585,North Tyneside 006B,Investigation complete; no suspect identified
72691d7243c615d99d4746d99afb480a847e4fc98ef601d0c5cefb288871bdc0,2021-05,Northumbria Police,Northumbria Police,-1.598905,54.976824,On or near LOWERY PLACE,E01008406,Newcastle upon Tyne 023A,Investigation complete; no suspect identified
d77abe8e4e0fdb5a4ab1bf16a3c8589151e99d4835538344835d4f021c1a82da,2021-05,Northumbria Police,Northumbria Police,-1.439686,55.010523,On or near KETTLEWELL TERRACE,E01008561,North Tyneside 016C,Investigation complete; no suspect identified
865f50411fad0011b221cf2c0fb57f77169fca99eb78d4a65a7cc9fe87db5504,2021-05,Northumbria Police,Northumbria Police,-1.377817,54.891907,On or near BELFORD CLOSE,E01008740,Sunderland 022A,Suspect charged
76db97eaddf6325c98064f309b1187d9ab5abd67a8e9e3e57957d126563a3b95,2021-05,Northumbria Police,Northumbria Police,-1.603974,54.950682,On or near WESTFIELD TERRACE,E01008252,Gateshead 010B,Investigation complete; no suspect identified
c21341e7bcd5faf8dbb865174fefd5a5a742c5bab534933ff8fb6b8e8558ee5a,2021-05,Northumbria Police,Northumbria Police,-1.462986,54.956521,On or near BERKELEY CLOSE,E01008612,South Tyneside 021C,Investigation complete; no suspect identified
e109b0b25f09e45dc985d063a06e29bdb6f9ea822eb6c81f5c79a5f243f7e6a0,2021-05,Northumbria Police,Northumbria Police,-1.594571,54.971274,On or near QUAYSIDE,E01033548,Newcastle upon Tyne 023G,Investigation complete; no suspect identified
b8d8572df5272c15d45b2efcad35360919254db0eb0e8818825179e1d43e34cb,2021-05,Northumbria Police,Northumbria Police,-1.684813,54.945445,On or near THOMAS STREET,E01008266,Gateshead 009E,Suspect charged
6e5033192f82c1ddbb189e7d59fa4f37f8ba57b6ddc51e925067591efbd3c6e1,2021-05,Northumbria Police,Northumbria Police,-1.505033,55.033263,On or near BEAL ROAD,E01008569,North Tyneside 011C,Investigation complete; no suspect identified
39f9ac9a7fc9669bdcaee7028238ed0920534711f0bb721c9bcc38c6559486c5,2021-05,Northumbria Police,Northumbria Police,-1.371337,54.907538,On or near LOMBARD STREET,E01008702,Sunderland 016A,Investigation complete; no suspect identified
ff9c9ba54f264a193238fb45bed0c7bf8bd06ac1e1bda3abdf54f3815a624895,2021-05,Northumbria Police,Northumbria Police,-1.689339,55.006375,On or near NEWBIGGIN LANE,E01008457,Newcastle upon Tyne 004C,Investigation complete; no suspect identified
ff9c9ba54f264a193238fb45bed0c7bf8bd06ac1e1bda3abdf54f3815a624895,2021-05,Northumbria Police,Northumbria Police,-1.689339,55.006375,On or near NEWBIGGIN LANE,E01008457,Newcastle upon Tyne 004C,Investigation complete; no suspect identified
2387480ac9729e254cecd08d5f5739a0c20cc7d0dea8feafc4697e88471c1d06,2021-05,Northumbria Police,Northumbria Police,-1.633720,55.053388,On or near A1,E01008579,North Tyneside 004B,Investigation complete; no suspect identified
9f9f2a2df3a983e60fb3df30bebb65fb46d5ff6d64f206865636c95462f0170d,2021-05,Northumbria Police,Northumbria Police,-1.417953,54.886130,On or near PAISLEY SQUARE,E01008828,Sunderland 023F,Offender given a caution
7bd76d743be2e5a627c1fd931500c7af4c8c0a5f82bdbe548d688c638d203404,2021-05,Northumbria Police,Northumbria Police,-1.580910,54.901467,On or near RUTLAND SQUARE,E01008223,Gateshead 025B,Investigation complete; no suspect identified
a9f38f332e7030e9ea93e9fcb5f42c23b782d78cba22ebd0522e0ebc95a2fa31,2021-05,Northumbria Police,Northumbria Police,-1.490558,54.835826,On or near B1284,E01008750,Sunderland 033A,Investigation complete; no suspect identified
38bf3c1e15f020f0214e4c374ae2a75336ad046e62c857cf8cb33e8389045cf3,2021-05,Northumbria Police,Northumbria Police,-1.472378,54.843846,On or near WHELER STREET,E01008754,Sunderland 034F,Investigation complete; no suspect identified
a685a0122ec2da4797e9c42cf68e12eccab88a628302b5ac7b9ec6cca86ae4a7,2021-05,Northumbria Police,Northumbria Police,-1.495656,54.968847,On or near WOOD TERRACE,E01008657,South Tyneside 009F,Offender given a caution
fa38f565de75ecdc4da78ceb89e9f3fc508050727bf2ee80b446434c1b28eb3a,2021-05,Northumbria Police,Northumbria Police,-1.586120,54.952995,On or near HUMBER GARDENS,E01008165,Gateshead 011A,Investigation complete; no suspect identified
fa38f565de75ecdc4da78ceb89e9f3fc508050727bf2ee80b446434c1b28eb3a,2021-05,Northumbria Police,Northumbria Police,-1.586120,54.952995,On or near HUMBER GARDENS,E01008165,Gateshead 011A,Investigation complete; no suspect identified
e3901d9266c50e359ef34d8d575b68d458cf9153d5141cb490f4ba555f83e435,2021-05,Northumbria Police,Northumbria Police,-1.561292,55.036309,On or near GARTH TWENTY,E01008506,North Tyneside 012C,Suspect charged
ff0fd3d2d95a03aff076e1eb2f721bb818e6ea9312cc1a9140912fcdcdefa94a,2021-05,Northumbria Police,Northumbria Police,-1.436805,54.968364,On or near STRATHMORE GARDENS,E01008594,South Tyneside 011D,Investigation complete; no suspect identified
a3a0f43ca983775343e8617aa3f4590445488ed2e151c3b632e50c92c2c034b7,2021-05,Northumbria Police,Northumbria Police,-1.550722,55.000649,On or near SPRINGFIELD GARDENS,E01008532,North Tyneside 025B,Investigation complete; no suspect identified
15bd913a1a22fb879af3fbe2b53f8faa3ed29fa17b2c677dd15fadd0d0d8f108,2021-05,Northumbria Police,Northumbria Police,-1.614816,54.976112,On or near PRUDHOE PLACE,E01008397,Newcastle upon Tyne 024C,Local resolution
a1165ccbc9515e2ddcfd435f58e6dfa7e4e931e830e7110773ee2ee55bc571fa,2021-05,Northumbria Police,Northumbria Police,-1.444522,54.891287,On or near CHESTER ROAD,E01008729,Sunderland 021A,Investigation complete; no suspect identified
1b0ed94d663177e9aa4303b31d2b0966465b137720b41e366cc196df88f60f29,2021-05,Northumbria Police,Northumbria Police,-2.011176,55.760112,On or near TURRET GARDENS,E01027385,Northumberland 001C,Offender given a drugs possession warning
760cbd450385a70d3e67ed3b1c86250658ed79c000db8be0e51f5bf0e9bff7e1,2021-05,Northumbria Police,Northumbria Police,-2.110734,54.963856,On or near WYDON PARK,E01027489,Northumberland 035B,Suspect charged
efc9044681f669e9aeead98cc105929e496b59183aca5530b50991123968c175,2021-05,Northumbria Police,Northumbria Police,-1.401463,54.873298,On or near TUNSTALL TERRACE,E01008805,Sunderland 027C,Investigation complete; no suspect identified
01cf99fe0b7425aeed1eba8d467bdc1cc7afecba5435cd76f5cf988d7aa9dad3,2021-05,Northumbria Police,Northumbria Police,-1.490884,54.979359,On or near A185,E01008660,South Tyneside 007C,Investigation complete; no suspect identified
52fb74eba47161e0ff6c67af6d117fbb7dce2f7a7c59adf344c4f1332b02a6c1,2021-05,Northumbria Police,Northumbria Police,-1.541969,55.023900,On or near ROSEBERRY GRANGE,E01008503,North Tyneside 018E,Investigation complete; no suspect identified
ad915771e5c39f9a26158fda716542cc254ecf7f99b9012f5ac3aa21f5262995,2021-05,Northumbria Police,Northumbria Police,-1.642594,54.884482,On or near HAMMER SQUARE BANK,E01008226,Gateshead 025D,Suspect charged
ad915771e5c39f9a26158fda716542cc254ecf7f99b9012f5ac3aa21f5262995,2021-05,Northumbria Police,Northumbria Police,-1.642594,54.884482,On or near HAMMER SQUARE BANK,E01008226,Gateshead 025D,Suspect charged
ad915771e5c39f9a26158fda716542cc254ecf7f99b9012f5ac3aa21f5262995,2021-05,Northumbria Police,Northumbria Police,-1.642594,54.884482,On or near HAMMER SQUARE BANK,E01008226,Gateshead 025D,Suspect charged
795170eb034c72f93438f8aace0a97bfbc4f1e6b19e7551c2b61e9de703d904e,2021-05,Northumbria Police,Northumbria Police,-1.627291,55.244914,On or near GRANGEWOOD,E01027475,Northumberland 008G,Investigation complete; no suspect identified
795170eb034c72f93438f8aace0a97bfbc4f1e6b19e7551c2b61e9de703d904e,2021-05,Northumbria Police,Northumbria Police,-1.627291,55.244914,On or near GRANGEWOOD,E01027475,Northumberland 008G,Suspect charged
3f2ed02a777c61a4ab2c9fecb4555e09a9e3c77e171b594f79a02dc45de54f40,2021-05,Northumbria Police,Northumbria Police,-1.580659,55.325384,On or near Petrol Station,E01027362,Northumberland 006B,Suspect charged
3f2ed02a777c61a4ab2c9fecb4555e09a9e3c77e171b594f79a02dc45de54f40,2021-05,Northumbria Police,Northumbria Police,-1.580659,55.325384,On or near Petrol Station,E01027362,Northumberland 006B,Investigation complete; no suspect identified
e2446eb55139fe0047bde447e163a85eb6a906f8c257433228954ea5feb5ea47,2021-05,Northumbria Police,Northumbria Police,-1.405234,54.896637,On or near MOUNT GROVE,E01008833,Sunderland 018D,Investigation complete; no suspect identified
2ba8b559bb0d0fbee66cb16604d4cee5c78bcbe2235a4bd26e7542795eaf23b8,2021-05,Northumbria Police,Northumbria Police,-1.626148,54.968868,On or near BLANDFORD COURT,E01033554,Newcastle upon Tyne 024I,Investigation complete; no suspect identified
258733efc06bacb2d9d2ae12b701a57de1903181fdb25a35337f3e67e376e39d,2021-05,Northumbria Police,Northumbria Police,-1.639485,54.965646,On or near CLUMBER STREET NORTH,E01008437,Newcastle upon Tyne 029F,Investigation complete; no suspect identified
401f04b587ddaed4bda13792afed713fb3251572086d1a1624f95960e3b4b5d0,2021-05,Northumbria Police,Northumbria Police,-1.665432,54.997091,On or near WILBURY PLACE,E01008297,Newcastle upon Tyne 011B,Offender given penalty notice
474ae1997e70dd6b46adde0f58c87f0b8cc93b7fd09f2efaeb459d1fa7d87253,2021-05,Northumbria Police,Northumbria Police,-1.547350,55.025214,On or near LAUREL AVENUE,E01008503,North Tyneside 018E,Investigation complete; no suspect identified
9f86cfd3b8d283d44a05f344e4d6d3e26ee44d1859aa18ea941a8567cf8d9879,2021-05,Northumbria Police,Northumbria Police,-1.622214,54.971947,On or near BLENHEIM STREET,E01033554,Newcastle upon Tyne 024I,Investigation complete; no suspect identified
6032a82f8326b83f5688c823270ad1a5ad5adcb9b52f325c4f2e295fcc4a8092,2021-05,Northumbria Police,Northumbria Police,-1.446248,54.967769,On or near BROCKLEY AVENE,E01008593,South Tyneside 016A,Investigation complete; no suspect identified
9ce144839eaae6773ed4cf76357b74422f47cbad958fe9a8fa3cbb2788bd6e6b,2021-05,Northumbria Police,Northumbria Police,-2.127165,54.939622,On or near DOCTORS LANE,E01027505,Northumberland 040E,Investigation complete; no suspect identified
1e9e6e2e40dba6673c354cab735c7e00c480acbc61c5e26403526d8490b250df,2021-05,Northumbria Police,Northumbria Police,-1.711513,55.299632,On or near MAIN STREET,E01027370,Northumberland 006E,Local resolution
df972148005faa15ed2200560eadc462386c55283966a8322e7dfa4e974142bd,2021-05,Northumbria Police,Northumbria Police,-1.448796,55.004121,On or near COACH LANE,E01008544,North Tyneside 027D,Investigation complete; no suspect identified
df972148005faa15ed2200560eadc462386c55283966a8322e7dfa4e974142bd,2021-05,Northumbria Police,Northumbria Police,-1.448796,55.004121,On or near COACH LANE,E01008544,North Tyneside 027D,Investigation complete; no suspect identified
1c067002fb0dbc8ec759b1626bc3bb14569f25b935d8df2ec1f632326eafe7fa,2021-05,Northumbria Police,Northumbria Police,-1.641536,54.975627,On or near CROSSLEY TERRACE,E01008449,Newcastle upon Tyne 022D,Investigation complete; no suspect identified
7036b7a03923b83fdbd349ab06a892e958169137cc0e9b0d611eaa25acfff1f5,2021-05,Northumbria Police,Northumbria Police,-1.621426,55.002597,On or near CAUSEY STREET,E01008419,Newcastle upon Tyne 006E,Investigation complete; no suspect identified
7583103d07781047f09b5b34da0656ce43500e64adcbd43a4866f84072e51dd9,2021-05,Northumbria Police,Northumbria Police,-1.710231,54.981921,On or near HONISTER CLOSE,E01008382,Newcastle upon Tyne 021B,Investigation complete; no suspect identified
7583103d07781047f09b5b34da0656ce43500e64adcbd43a4866f84072e51dd9,2021-05,Northumbria Police,Northumbria Police,-1.710231,54.981921,On or near HONISTER CLOSE,E01008382,Newcastle upon Tyne 021B,Investigation complete; no suspect identified
7583103d07781047f09b5b34da0656ce43500e64adcbd43a4866f84072e51dd9,2021-05,Northumbria Police,Northumbria Police,-1.710231,54.981921,On or near HONISTER CLOSE,E01008382,Newcastle upon Tyne 021B,Investigation complete; no suspect identified
f3dd1784d8b8eba1dc98aa5208170c75f41bb84c71848ef405deb88ca3e76e72,2021-05,Northumbria Police,Northumbria Police,-1.560917,54.977529,On or near ROMAN AVENUE,E01008391,Newcastle upon Tyne 026E,Investigation complete; no suspect identified
d1c1c43f6aa18572311f42397565030188b3132e90a933579bbdc6a265bb26f1,2021-05,Northumbria Police,Northumbria Police,-1.690157,54.991567,On or near DAYSHIELD,E01008327,Newcastle upon Tyne 015D,Investigation complete; no suspect identified
622cbe93fb8b904e3559a482ee6c06ea4e85345cb2b358b0dab91d95534d974a,2021-05,Northumbria Police,Northumbria Police,-1.456104,55.056778,On or near GRENADA CLOSE,E01008551,North Tyneside 001D,Investigation complete; no suspect identified
d3982a2d6c17f0314fe6aab3dac881322d04861eff6e14b58ce28d4371c5492a,2021-05,Northumbria Police,Northumbria Police,-1.527336,54.978032,On or near PRINCE CONSORT ROAD,E01008638,South Tyneside 010A,Investigation complete; no suspect identified
03ca0b9c127e26bbfa2199332cbbb6877e4212665ae5880e07ac6dd79948d5c6,2021-05,Northumbria Police,Northumbria Police,-1.579580,55.041019,On or near BELL GROVE,E01008476,North Tyneside 008B,Investigation complete; no suspect identified
03ca0b9c127e26bbfa2199332cbbb6877e4212665ae5880e07ac6dd79948d5c6,2021-05,Northumbria Police,Northumbria Police,-1.579580,55.041019,On or near BELL GROVE,E01008476,North Tyneside 008B,Investigation complete; no suspect identified
0c62924359c5135eef45facdc480957e4e21cd8fb08fdcb6ac058288a1d4f727,2021-05,Northumbria Police,Northumbria Police,-1.556955,54.979761,On or near BARET ROAD,E01008391,Newcastle upon Tyne 026E,Suspect charged
c5bd3a507cf36361d2fe3dc94d81c383e7e37ac769954c0c167c824472cfa0f9,2021-05,Northumbria Police,Northumbria Police,-1.553613,55.179492,On or near HEBRON PLACE,E01027545,Northumberland 010D,Investigation complete; no suspect identified
5f582d77e2cda0e0fe959d70d59a8952a96b492bad8b55ce26a8f8324208e098,2021-05,Northumbria Police,Northumbria Police,-1.568353,55.182852,On or near Supermarket,E01027528,Northumberland 010A,Investigation complete; no suspect identified
6c5d5e52303436e8b2dbda6091bc03b2325b6f9fbe27c4f534b881a90d6103ae,2021-05,Northumbria Police,Northumbria Police,-1.585991,54.976188,On or near Parking Area,E01008304,Newcastle upon Tyne 026C,Investigation complete; no suspect identified
5f15e6da21843389ffe99726d9df9dfae60f3a1721282319771c35205269afae,2021-05,Northumbria Police,Northumbria Police,-1.521436,55.070747,On or near Sports/Recreation Area,E01027432,Northumberland 032A,Suspect charged
5f15e6da21843389ffe99726d9df9dfae60f3a1721282319771c35205269afae,2021-05,Northumbria Police,Northumbria Police,-1.521436,55.070747,On or near Sports/Recreation Area,E01027432,Northumberland 032A,Suspect charged
5f15e6da21843389ffe99726d9df9dfae60f3a1721282319771c35205269afae,2021-05,Northumbria Police,Northumbria Police,-1.521436,55.070747,On or near Sports/Recreation Area,E01027432,Northumberland 032A,Suspect charged
301fb95725be61071845c1f09381c48d005cbd96aa75fa5d0b5b77672b06f3ae,2021-05,Northumbria Police,Northumbria Police,-1.388264,54.914454,On or near Sports/Recreation Area,E01008711,Sunderland 005D,Investigation complete; no suspect identified
ad934663db816ce278ec553a6824a26e9cb4b37731c7fedcb9ab6b8b0943bd18,2021-05,Northumbria Police,Northumbria Police,-1.660282,54.970280,On or near ATKINSON TERRACE,E01008291,Newcastle upon Tyne 027D,Investigation complete; no suspect identified
f10935b2074dab84f871e648f608c937154403cee0d5539e1943eaa0ded45a76,2021-05,Northumbria Police,Northumbria Police,-1.364359,54.949549,On or near EAST STREET,E01008687,South Tyneside 018E,Investigation complete; no suspect identified
759b6e8f22c3fed7571b580560386bc97650ce189335146b5442141a8763cfd1,2021-05,Northumbria Police,Northumbria Police,-1.560484,55.221500,On or near WARKWORTH DRIVE,E01027446,Northumberland 008D,Offender given a caution
5ec7104fccbee9c1227350309cb9a23d0fd5155f9c4e4cbfc289f5a58d43ac98,2021-05,Northumbria Police,Northumbria Police,-1.517952,55.004918,On or near Pedestrian Subway,E01008576,North Tyneside 029D,Investigation complete; no suspect identified
43a9777edc9df39674978019991e9f602f8b247e2282cb50d85022a97794e067,2021-05,Northumbria Police,Northumbria Police,-1.401479,54.893284,On or near Petrol Station,E01008781,Sunderland 022B,Investigation complete; no suspect identified
4785c3ec04adbe804a5083d72a61dba95ddb4df3c428477f29889e95ebbfc00e,2021-05,Northumbria Police,Northumbria Police,-1.467547,54.951761,On or near CHURCH VIEW,E01008613,South Tyneside 021D,Investigation complete; no suspect identified
c96d74c25525adbc109773e84e32f35ca5793cc5b11825c00602ebe65938f3b0,2021-05,Northumbria Police,Northumbria Police,-1.370427,54.896938,On or near TOWER PLACE,E01008736,Sunderland 016C,Investigation complete; no suspect identified
ff8fde5f8f83feb1baefacf97a8a747b16f8f7bdb9bca6eae32a1b1c4b4efd5d,2021-05,Northumbria Police,Northumbria Police,-1.582199,55.070557,On or near WHERNSIDE PLACE,E01027407,Northumberland 031C,Suspect charged
ff8fde5f8f83feb1baefacf97a8a747b16f8f7bdb9bca6eae32a1b1c4b4efd5d,2021-05,Northumbria Police,Northumbria Police,-1.582199,55.070557,On or near WHERNSIDE PLACE,E01027407,Northumberland 031C,Suspect charged
ff8fde5f8f83feb1baefacf97a8a747b16f8f7bdb9bca6eae32a1b1c4b4efd5d,2021-05,Northumbria Police,Northumbria Police,-1.582199,55.070557,On or near WHERNSIDE PLACE,E01027407,Northumberland 031C,Suspect charged
4abd97d97bf2704cbbf08884d481ddc078a64f0376d5daa2ef19f0ac6c1f3f9a,2021-05,Northumbria Police,Northumbria Police,-1.526615,54.991446,On or near LAWSON STREET,E01008573,North Tyneside 029B,Investigation complete; no suspect identified
4abd97d97bf2704cbbf08884d481ddc078a64f0376d5daa2ef19f0ac6c1f3f9a,2021-05,Northumbria Police,Northumbria Police,-1.526615,54.991446,On or near LAWSON STREET,E01008573,North Tyneside 029B,Investigation complete; no suspect identified
a87295660eef9ef41b0e2baad2ea0574a46abfe11f7a8cabcecc50c3fbc47920,2021-05,Northumbria Police,Northumbria Police,-1.656873,54.976148,On or near WEST ROAD,E01008334,Newcastle upon Tyne 029D,Investigation complete; no suspect identified
d1c933eab04d9fbecfe375ba334976c091ed3a95b24531dab776bf04f7f02cc6,2021-05,Northumbria Police,Northumbria Police,-1.599555,55.090510,On or near BURDON AVENUE,E01027413,Northumberland 029E,Investigation complete; no suspect identified
86a3f04b836983074d864e22564a6f2661b4fd80354bbd783777cc28af651696,2021-05,Northumbria Police,Northumbria Police,-1.592933,54.980264,On or near STRATFORD GROVE WEST,E01008410,Newcastle upon Tyne 023D,Investigation complete; no suspect identified
a1ce901975aa8a158cd05f3306c80bb8ee9214c5e5c7f667c9d798b079c243e8,2021-05,Northumbria Police,Northumbria Police,-1.469804,54.843044,On or near SUNDERLAND STREET,E01008754,Sunderland 034F,Investigation complete; no suspect identified
5627b957d1d398b56dc4f013fe4ad2ab9330b7731be245e3c20fbd6bd23df709,2021-05,Northumbria Police,Northumbria Police,-1.387324,54.905453,On or near Sports/Recreation Area,E01008703,Sunderland 013B,Investigation complete; no suspect identified
c7e825ad1ffb101b09dceafc0a72e1b0d67961b6e2f8f5836c136a930f240e36,2021-05,Northumbria Police,Northumbria Police,-1.718165,54.962313,On or near CHESMOND DRIVE,E01008177,Gateshead 005A,Suspect charged
dfa63832a56dc6aee3f8f951a962f33db176af22744369a73422e22336ba75f9,2021-05,Northumbria Police,Northumbria Police,-1.379985,54.907070,On or near FREDERICK ROAD,E01008703,Sunderland 013B,Investigation complete; no suspect identified
7a31fefcae45004299fd98216c953640107bfbba161ad69d252f5babf7179ef5,2021-05,Northumbria Police,Northumbria Police,-1.593393,55.002776,On or near Hospital,E01008321,Newcastle upon Tyne 007D,Suspect charged
5d6940552450ef78cc85c806f891f11937340851e48b472624c360ea301c0d51,2021-05,Northumbria Police,Northumbria Police,-1.481631,54.991766,On or near BARRASFORD STREET,E01008540,North Tyneside 027B,Investigation complete; no suspect identified
8b3dfce69f52d87f2311aff8c5d80991877011b9521066833c84eec022761194,2021-05,Northumbria Police,Northumbria Police,-1.678667,54.956608,On or near MARCONI WAY,E01008262,Gateshead 009A,Investigation complete; no suspect identified
a5cffd2c666f49a203b861d4b731e24fcce52515e13ee5742cae4e316cbdf15a,2021-05,Northumbria Police,Northumbria Police,-1.477301,54.996591,On or near ST STEPHEN'S WAY,E01008540,North Tyneside 027B,Investigation complete; no suspect identified
68e4e1aa8e5d98a11a66381ba7e7be009b61ba86a47b167eaed6d2fff6a307c2,2021-05,Northumbria Police,Northumbria Police,-1.532724,54.900096,On or near Shopping Area,E01008848,Sunderland 019C,Offender given a caution
68e4e1aa8e5d98a11a66381ba7e7be009b61ba86a47b167eaed6d2fff6a307c2,2021-05,Northumbria Police,Northumbria Police,-1.532724,54.900096,On or near Shopping Area,E01008848,Sunderland 019C,Offender given a caution
7dec682830aaf34895d41bdfd8783c3701b386bb6c728f1ff4603d1f29067027,2021-05,Northumbria Police,Northumbria Police,-1.719199,54.961974,On or near RUSHLEY CRESCENT,E01008177,Gateshead 005A,Suspect charged
ad9f3e06d10ce2f438db20e480866a082f8a0969aaa1d2f30cf6413c7667f17a,2021-05,Northumbria Police,Northumbria Police,-1.756262,54.992410,On or near THE BY-WAY,E01008400,Newcastle upon Tyne 014A,Suspect charged
3bb68fa196c2710044ebb5a14627530f6e64c5aa0432a2fb832a547bce2058ed,2021-05,Northumbria Police,Northumbria Police,-1.515091,55.131890,On or near ARGYLE MEWS,E01027416,Northumberland 022C,Investigation complete; no suspect identified
b48f2b4a5a72d3fec20f250e1bc7e198b494585e26b9eb4c25a30ceeeaf257b0,2021-05,Northumbria Police,Northumbria Police,-1.501064,54.993806,On or near HEADLAM VIEW,E01008543,North Tyneside 028C,Investigation complete; no suspect identified
9d915fba515d10e2d61930eb19e596944c0f05e584514336d51c8aeaef1c21c7,2021-05,Northumbria Police,Northumbria Police,-1.610635,54.967427,On or near Parking Area,E01033545,Newcastle upon Tyne 024H,Investigation complete; no suspect identified
9d48c362dbb7f7bee97fac04695b8cdacabd8a2857a03c184c06deefdef21c9a,2021-05,Northumbria Police,Northumbria Police,-1.365691,54.921446,On or near A183,E01008789,Sunderland 006D,Investigation complete; no suspect identified
0ac18fcc514e2452d6cf601376d8eb9a105cddba9545ec7c1b1a1a88690465b6,2021-05,Northumbria Police,Northumbria Police,-1.365691,54.921446,On or near A183,E01008789,Sunderland 006D,Investigation complete; no suspect identified
d875817647ca5bd9d5b4852bdefa8577ff97167aa5135d889e76506293db09dc,2021-05,Northumbria Police,Northumbria Police,-1.377925,54.915273,On or near DIXON'S SQUARE,E01008791,Sunderland 006F,Investigation complete; no suspect identified
a7ce492172b9bd8121e3e882889014a16cc52d1cee8e0bd897600a307588105d,2021-05,Northumbria Police,Northumbria Police,-1.809059,54.919724,On or near TAY STREET,E01008186,Gateshead 024B,Investigation complete; no suspect identified
79a6bd1541a900559d72ab5865a0d93522971461398b90e1460df8111235c82a,2021-05,Northumbria Police,Northumbria Police,-1.562126,54.932395,On or near AYCLIFFE CRESCENT,E01008227,Gateshead 021E,Investigation complete; no suspect identified
565c5bc195ce820b624cad41441a23919dcb0200a2f423357785d0914e570b37,2021-05,Northumbria Police,Northumbria Police,-1.518899,55.188212,On or near LYNWOOD AVENUE,E01027541,Northumberland 009A,Investigation complete; no suspect identified
fd58cc96136ce38f693cdad868e43bceecda7296ff7ccf1e5061abc93b79e1af,2021-05,Northumbria Police,Northumbria Police,-1.809477,54.917056,On or near Sports/Recreation Area,E01008183,Gateshead 024A,Investigation complete; no suspect identified
73605fdf60aa958aa6f9bac634a844ed686af383c6da9014b1ba836140efc943,2021-05,Northumbria Police,Northumbria Police,-1.619553,55.432620,On or near PARK ROAD,E01027367,Northumberland 004D,Offender given a drugs possession warning
dbe9fae74b8466436f73d764a243097cd9aaf91de28f63352a03f03c2c935c23,2021-05,Northumbria Police,Northumbria Police,-1.598905,54.976824,On or near LOWERY PLACE,E01008406,Newcastle upon Tyne 023A,Investigation complete; no suspect identified
ab53fbc17f1a8b72e1bf043138bfd79037bd5bf41bf3411ccdedf85d1f9a9f31,2021-05,Northumbria Police,Northumbria Police,-1.588152,55.213653,On or near POTLAND VIEW,E01027445,Northumberland 008C,Investigation complete; no suspect identified
12431d9578e04f6ed99754dcbb4a18d46b378ef98cbd58e21fc459b6b4012e72,2021-05,Northumbria Police,Northumbria Police,-1.588152,55.213653,On or near POTLAND VIEW,E01027445,Northumberland 008C,Investigation complete; no suspect identified
8fa216bb3aa2c17708c7bbbe7f23804491502ea9ffe8bfff4a85010cf33ec4c0,2021-05,Northumbria Police,Northumbria Police,-1.588152,55.213653,On or near POTLAND VIEW,E01027445,Northumberland 008C,Investigation complete; no suspect identified
70b99fceb9a2d9111a5d2e1e7dc330d40fb92af85f20c1b9d4725110692c166f,2021-05,Northumbria Police,Northumbria Police,-1.688516,54.983404,On or near Supermarket,E01008416,Newcastle upon Tyne 025C,Investigation complete; no suspect identified
0d10f7be60a60e6be93043b054c166b8fcea459f7db78a461ee49374c60b6fbc,2021-05,Northumbria Police,Northumbria Police,-1.428372,54.882360,On or near THANET ROAD,E01008829,Sunderland 023G,Investigation complete; no suspect identified
42f0cd9e861a6c849c37453b111487e99412f069e06033b99dd93f2e997b305f,2021-05,Northumbria Police,Northumbria Police,-1.382451,54.906974,On or near STATION STREET,E01008703,Sunderland 013B,Suspect charged
82b13992cc9dea5793af795b7d5d4220fc5f413a10af450651bf38faa3d340fb,2021-05,Northumbria Police,Northumbria Police,-1.484035,55.084523,On or near GREENRIGG,E01027417,Northumberland 030A,Investigation complete; no suspect identified
d62e6f745c74f20cb0ba316a489c8c5a43a4d3b6c85558358cd21d421de34dbe,2021-05,Northumbria Police,Northumbria Police,-1.396127,54.905039,On or near THE LEAZES,E01008705,Sunderland 013C,Investigation complete; no suspect identified
f2de4c9eedd7a4ba703de1b776d52d32136b6db22dccb826833d5f05b3e095df,2021-05,Northumbria Police,Northumbria Police,-1.440530,54.871112,On or near AMELIA GARDENS,E01008772,Sunderland 029A,Investigation complete; no suspect identified
8069b6fc6f07bca3eb8e0b05d9d2df8590860811ca28ad7d88f1e02833f19fae,2021-05,Northumbria Police,Northumbria Police,-1.382451,54.906974,On or near STATION STREET,E01008703,Sunderland 013B,Suspect charged
677de956686357866c731ee55bd45b2e24aa8874cc0eb87931b98eb9a3e894c0,2021-05,Northumbria Police,Northumbria Police,-1.566489,55.021527,On or near STATION ROAD NORTH,E01008470,North Tyneside 014A,Investigation complete; no suspect identified
87cfb01d0d966259b9663391231145bfcfca848196470f023e08c1fd7f5cd53f,2021-05,Northumbria Police,Northumbria Police,-1.428592,54.871209,On or near ARDROSSAN ROAD,E01008773,Sunderland 026A,Investigation complete; no suspect identified
38f744176e79aaf62ae619db5ba4d3e0fd363f634b29e562e274ad1df9f9faa9,2021-05,Northumbria Police,Northumbria Police,-1.571593,54.930038,On or near BEAMISH GARDENS,E01008218,Gateshead 021A,Investigation complete; no suspect identified
7b053d1f65e2ba97a3b2b2144f5e3f74de16837d7453a8f8d264deabdd942674,2021-05,Northumbria Police,Northumbria Police,-1.646793,55.008550,On or near FULBROOK ROAD,E01008341,Newcastle upon Tyne 003F,Investigation complete; no suspect identified
4361070cd0ce7119c8445a842934ec16883caa6b5a48389ace298a4111130772,2021-05,Northumbria Police,Northumbria Police,-1.401046,54.983389,On or near ST CUTHBERT'S AVENUE,E01008651,South Tyneside 004D,Offender given a drugs possession warning
c59315768cd0e883610feef22273e9dc2242c55e7d34588b98b59347513a2a15,2021-05,Northumbria Police,Northumbria Police,-1.403208,54.875410,On or near MINEHEAD GARDENS,E01008803,Sunderland 027A,Investigation complete; no suspect identified
c586315a50f8a85d0d73ec72572e649f46cef2a3c2ee5ac1ac6c61cf214333fb,2021-05,Northumbria Police,Northumbria Police,-1.530928,55.112156,On or near PHOENIX STREET,E01027427,Northumberland 025C,Investigation complete; no suspect identified
3230328e592f605daa74def290a4148972402c5e162a776a9ab5a7ff2532e5ed,2021-05,Northumbria Police,Northumbria Police,-1.532306,54.989931,On or near STATION ROAD,E01008575,North Tyneside 030E,Suspect charged
12b77425e9c1bf33fbce24beeebc8ab229124e7a27bfdfa181aec6fbe866d37e,2021-05,Northumbria Police,Northumbria Police,-1.532306,54.989931,On or near STATION ROAD,E01008575,North Tyneside 030E,Investigation complete; no suspect identified
c050eff7e3791ff8002f360198ac2faf1abbbbb7ed0542f3d5dce6d92d0b3c08,2021-05,Northumbria Police,Northumbria Police,-1.559869,54.890411,On or near Petrol Station,E01008172,Gateshead 026A,Investigation complete; no suspect identified
6e36c36b05be2fc968ef47176052837a206bd94a0a34b44051cbe3bbacbf1b03,2021-05,Northumbria Police,Northumbria Police,-1.688931,54.980215,On or near WHICKHAM VIEW,E01008415,Newcastle upon Tyne 025B,Investigation complete; no suspect identified
3b63312582ce10f2cb199c7393b8192bf4d076d387aaedf0de32d1eae397ab9e,2021-05,Northumbria Police,Northumbria Police,-1.611154,54.975165,On or near LISLE STREET,E01008397,Newcastle upon Tyne 024C,Suspect charged
45f5582737db6b3feb26348fb2befffd3aac33c86f7a5cb89a4dbbbb2c42bdb7,2021-05,Northumbria Police,Northumbria Police,-1.696117,54.988770,On or near LINDISFARNE CLOSE,E01008330,Newcastle upon Tyne 015G,Investigation complete; no suspect identified
1ff8b49e17a8e4647965e92f6c72022783d85a8b7861b2a07d04708e282f33c2,2021-05,Northumbria Police,Northumbria Police,-1.614445,54.974044,On or near BLACKETT STREET,E01008397,Newcastle upon Tyne 024C,Suspect charged
b4dbcb293f9201dd527c25dd1bca43fac679407d10ab627b45cf9b49441f6cb3,2021-05,Northumbria Police,Northumbria Police,-1.694163,55.411417,On or near FISHER LANE,E01027357,Northumberland 004B,Investigation complete; no suspect identified
8e9c77ab399772ac8e1e76e6208e976ac6e36fb643a18ef9163aa97aec4ad20a,2021-05,Northumbria Police,Northumbria Police,-1.590772,55.085242,On or near Shopping Area,E01027409,Northumberland 029B,Investigation complete; no suspect identified
11d53ce45f1cf03893d833638779f6f0de817904fe4d0fd9b9099ff94c6204ff,2021-05,Northumbria Police,Northumbria Police,-1.503557,54.905669,On or near BARMSTON WAY,E01008855,Sunderland 007A,Investigation complete; no suspect identified
d86ed96037c436615be01a34c4ea9f28bf84ed8405ee30b6fbf13f486eab912f,2021-05,Northumbria Police,Northumbria Police,-1.561571,54.934666,On or near WHITE OAKS,E01008232,Gateshead 018C,Suspect charged
3ce2be53cd91fdc0fbeac53d26632b2a26a04b8752787420f4f6e93d73eba6ac,2021-05,Northumbria Police,Northumbria Police,-1.546602,55.184310,On or near Hospital,E01027549,Northumberland 013E,Investigation complete; no suspect identified
4f5de0eb6b9d1c6f35778082e77c01081dedd2f8dfe60027c1a51319ca8c3899,2021-05,Northumbria Police,Northumbria Police,-1.408980,54.909119,On or near TREBY STREET,E01008704,Sunderland 011B,Investigation complete; no suspect identified
417f386dfb31e72fd55015dd6769880a02816d80cfcb6862b4f2a9340f86d45d,2021-05,Northumbria Police,Northumbria Police,-1.463407,54.812264,On or near ENNERDALE STREET,E01008743,Sunderland 036A,Investigation complete; no suspect identified
417f386dfb31e72fd55015dd6769880a02816d80cfcb6862b4f2a9340f86d45d,2021-05,Northumbria Police,Northumbria Police,-1.463407,54.812264,On or near ENNERDALE STREET,E01008743,Sunderland 036A,Suspect charged
2aac804ee1f3484a300b94e18222e7f77ff7f3638f52a219f6fc176f66f92240,2021-05,Northumbria Police,Northumbria Police,-1.994429,55.757956,On or near WATERLOO PLACE,E01027389,Northumberland 001F,Investigation complete; no suspect identified
bbd193cc3d18e72c64eb9a7400aed0d6dd202e780622bab2dfc90d2210eda028,2021-05,Northumbria Police,Northumbria Police,-1.560994,54.950417,On or near BONDENE AVENUE,E01008216,Gateshead 012C,Investigation complete; no suspect identified
af80a4f061c1622114ebcace2ac1e38ba0d74f464b37245c820e8928d7d43cd8,2021-05,Northumbria Police,Northumbria Police,-1.426963,54.922370,On or near NORTH HYLTON ROAD,E01008693,Sunderland 008A,Investigation complete; no suspect identified
70bc27a9c2bea5bfdc3ff80b77bfd6b1ead15167c9ba9a9299e8f42445772bcf,2021-05,Northumbria Police,Northumbria Police,-1.500767,55.003878,On or near SANDOWN GARDENS,E01008509,North Tyneside 026B,Investigation complete; no suspect identified
ad09d20d478f44f4fb9f13f68df98c868c9d90718f4d34e2b249d614e5f1e65b,2021-05,Northumbria Police,Northumbria Police,-1.546945,54.965400,On or near GREENFORD ROAD,E01008427,Newcastle upon Tyne 030C,Suspect charged
fd09c1e56c42e90718642a7b899ddf46b2070c331a1ab726f8f00ce36d339e99,2021-05,Northumbria Police,Northumbria Police,-1.677951,54.923141,On or near CORONATION AVENUE,E01008274,Gateshead 019G,Investigation complete; no suspect identified
d980904b4c04dab470cde8ea0c61390ccb28bfdc6b3993d6433aab13f6f79027,2021-05,Northumbria Police,Northumbria Police,-1.554117,55.025760,On or near GREAT LIME ROAD,E01008500,North Tyneside 012A,Investigation complete; no suspect identified
b315b09ca3d66f4fd347d8818ad2efa053fd2a7d6c6965a4e633e340823554ca,2021-05,Northumbria Police,Northumbria Police,-1.673395,54.957798,On or near Parking Area,E01008262,Gateshead 009A,Suspect charged
b315b09ca3d66f4fd347d8818ad2efa053fd2a7d6c6965a4e633e340823554ca,2021-05,Northumbria Police,Northumbria Police,-1.673395,54.957798,On or near Parking Area,E01008262,Gateshead 009A,Suspect charged
b315b09ca3d66f4fd347d8818ad2efa053fd2a7d6c6965a4e633e340823554ca,2021-05,Northumbria Police,Northumbria Police,-1.673395,54.957798,On or near Parking Area,E01008262,Gateshead 009A,Investigation complete; no suspect identified
b315b09ca3d66f4fd347d8818ad2efa053fd2a7d6c6965a4e633e340823554ca,2021-05,Northumbria Police,Northumbria Police,-1.673395,54.957798,On or near Parking Area,E01008262,Gateshead 009A,Investigation complete; no suspect identified
9ed5f63a50cb2c307bf19c965ec7ab3fc4f9600cfa1d6724922048f21f59ab3a,2021-05,Northumbria Police,Northumbria Police,-1.530928,55.112156,On or near PHOENIX STREET,E01027427,Northumberland 025C,Investigation complete; no suspect identified
4ed51ac3584f2d980be9a2ec0cd71cb10c84c713d7c0b252d5cce17088d6e2dc,2021-05,Northumbria Police,Northumbria Police,-1.512272,54.917611,On or near CORNWALLIS,E01008855,Sunderland 007A,Investigation complete; no suspect identified
d84a586e6c077d7141370d37b7b17d58e4f92a01af0dd2cf263a018e43db5df7,2021-05,Northumbria Police,Northumbria Police,-1.586985,54.976757,On or near Petrol Station,E01008304,Newcastle upon Tyne 026C,Investigation complete; no suspect identified
afeeb17ee73fadb02fc7859f64adcfa3ee84b9d942392eddb7c8d13119dcac58,2021-05,Northumbria Police,Northumbria Police,-1.617415,54.965633,On or near COOKSON'S LANE,E01033545,Newcastle upon Tyne 024H,Investigation complete; no suspect identified
eac41837e660baa7076e77b09a43b7913113e8cb09d378bb260b6b2645d815fe,2021-05,Northumbria Police,Northumbria Police,-1.413636,54.864524,On or near KNOLLSIDE CLOSE,E01008770,Sunderland 031C,Investigation complete; no suspect identified
9395c8b54c3a1f8232f0710061224cbc6500f7d3ef6848b4fdf9dfd1078a40a4,2021-05,Northumbria Police,Northumbria Police,-1.844415,54.959098,On or near REDWELL ROAD,E01027500,Northumberland 038D,Offender given a caution
c2bb8519f3f6ff0398b5d4cfdc71a4e53d80ca4e350b299439ba661a07988216,2021-05,Northumbria Police,Northumbria Police,-1.461965,55.006103,On or near COMPTON ROAD,E01008485,North Tyneside 023D,Suspect charged
0fdc6dc9da46bb24649fae920002498f572f0863b99ba82aeaabd3b8c94c623a,2021-05,Northumbria Police,Northumbria Police,-1.613245,54.955861,On or near THE MILL,E01008170,Gateshead 008C,Investigation complete; no suspect identified
1fff1d5fa6d82039942dc64a54ae51b0df6ffb8b38259c6799777fae47c1ac8c,2021-05,Northumbria Police,Northumbria Police,-1.844415,54.959098,On or near REDWELL ROAD,E01027500,Northumberland 038D,Offender given a caution
52b6c633fb6e572a1135b6f1c5862db3b3679bf652ad70044a78f1f6fe81500c,2021-05,Northumbria Police,Northumbria Police,-1.542117,55.122020,On or near MOORDALE AVENUE,E01027425,Northumberland 025A,Investigation complete; no suspect identified
f2c6e1e414829a37b2e9a2ebdf946d8ac9e05c8e353ed1f2796c2723386f8d56,2021-05,Northumbria Police,Northumbria Police,-1.450612,54.892896,On or near PRESTBURY ROAD,E01008730,Sunderland 021B,Investigation complete; no suspect identified
ea72590de5dabaf3a0335d71e084f1c0911f90569b5e588e29da58aa871c8cc1,2021-05,Northumbria Police,Northumbria Police,-1.682542,54.972200,On or near DARLEY PLACE,E01033547,Newcastle upon Tyne 025E,Investigation complete; no suspect identified
2af72e8f6c1e64848ed392e53de62dcfd3429794a59d2292cd1e21a844c813df,2021-05,Northumbria Police,Northumbria Police,-1.484421,54.840977,On or near AIREYS CLOSE,E01008749,Sunderland 034E,Investigation complete; no suspect identified
88d222ed55a9b88718c6081109a57d842abe032bd4e9a4409d9a11d0363569f1,2021-05,Northumbria Police,Northumbria Police,-1.448583,54.827924,On or near DOWNS LANE,E01008718,Sunderland 035A,Investigation complete; no suspect identified
bb4ea2ba9bf4219f643c6a7f885330592d3baeb87fe065ce42719d7937e66b00,2021-05,Northumbria Police,Northumbria Police,-1.431736,54.986672,On or near LAYGATE,E01008664,South Tyneside 002A,Investigation complete; no suspect identified
2f8eaf05cddaa941641dc21f8aa9e03de67fed64193f37e8c96832f160e4ad04,2021-05,Northumbria Police,Northumbria Police,-1.488007,54.874988,On or near GARDEN PLACE,E01032484,Sunderland 032G,Investigation complete; no suspect identified
4be9b338bf546ea2014abb55394025a7a8bb8628fec3ee80cde103054d309fff,2021-05,Northumbria Police,Northumbria Police,-1.563452,55.036209,On or near STRATFORD CLOSE,E01008505,North Tyneside 012B,Investigation complete; no suspect identified
d98baf8a95f2e258de52beca1b511177bc65c6ab5e1655029b81518a69cb1f1f,2021-05,Northumbria Police,Northumbria Police,-1.647526,55.031943,On or near BRUNTON LANE,E01008308,Newcastle upon Tyne 001D,Investigation complete; no suspect identified
3d48710330c72805f2daa54a5d47b002bcd353e34188c511644f24ec0ee767cb,2021-05,Northumbria Police,Northumbria Police,-1.660874,54.961116,On or near MANDELA WAY,E01008209,Gateshead 007A,Investigation complete; no suspect identified
d1f231a0ec3135f73dd1feb9786f59ce8facfe18a5288c3cf123c81363c66671,2021-05,Northumbria Police,Northumbria Police,-1.660842,54.985388,On or near ALDER AVENUE,E01008451,Newcastle upon Tyne 016C,Investigation complete; no suspect identified
1ccce2df69ec89ba603b58eaffdc84a01a9825c9aa89b00beba6ae39c6a809a2,2021-05,Northumbria Police,Northumbria Police,-1.446775,55.041944,On or near WHITLEY ROAD,E01008589,North Tyneside 006E,Investigation complete; no suspect identified
88b02ec0d50bd8fb02e0ea5aef303a8c98ba2d80ea3a9b6bc742505526597080,2021-05,Northumbria Police,Northumbria Police,-1.723691,54.983183,On or near ORCHARD RISE,E01008381,Newcastle upon Tyne 021A,Investigation complete; no suspect identified
8c01daa2ac139e41f2009c0712b3d5f48ace44c8ddcf30f1c5839aed9b6aeab5,2021-05,Northumbria Police,Northumbria Police,-1.450328,54.817489,On or near CLAUDE STREET,E01008742,Sunderland 035C,Investigation complete; no suspect identified
3b1030e20dc09beb0cd331bc6fd199f77be244180f70c6de063c54a2a67dbce4,2021-05,Northumbria Police,Northumbria Police,-1.617241,54.969164,On or near NEVILLE STREET,E01033545,Newcastle upon Tyne 024H,Investigation complete; no suspect identified
175a459df6caa26dd4e410202e3b291a90b5f295e651a8f539a2dbf6b4e575b0,2021-05,Northumbria Police,Northumbria Police,-1.611977,54.974045,On or near Shopping Area,E01033543,Newcastle upon Tyne 024G,Investigation complete; no suspect identified
145ee8f89d989688a9e3e6319f1b0a30d1b54bf3bcfc9cbbde67781cff0ad038,2021-05,Northumbria Police,Northumbria Police,-1.591350,55.185259,On or near Petrol Station,E01027524,Northumberland 012A,Investigation complete; no suspect identified
b0bb4dc1f46767e0a6824db33f28443bdd2ddf8d0e94856542bbddecdf14b8b6,2021-05,Northumbria Police,Northumbria Police,-1.510696,55.128314,On or near REGENT STREET,E01027415,Northumberland 023B,Investigation complete; no suspect identified
074a3dbea1ae33e84de4dc7151f77ff9e7847718eea18b78c0186da5a2b9b518,2021-05,Northumbria Police,Northumbria Police,-1.579536,55.058686,On or near BURNSIDE AVENUE,E01008480,North Tyneside 002B,Investigation complete; no suspect identified
fc87c0567b89d15078d9f5519b8220bc939dce9cf251f58258149c735e74b1e2,2021-05,Northumbria Police,Northumbria Police,-1.610177,54.980824,On or near JESMOND ROAD WEST,E01008397,Newcastle upon Tyne 024C,Investigation complete; no suspect identified
ed6cff0d3ee88bb054295dca0918a36b3579b661662fb54a26fcefa9a6af67db,2021-05,Northumbria Police,Northumbria Police,-1.442950,55.033435,On or near CRANBOURNE GROVE,E01008497,North Tyneside 010C,Investigation complete; no suspect identified
ed6cff0d3ee88bb054295dca0918a36b3579b661662fb54a26fcefa9a6af67db,2021-05,Northumbria Police,Northumbria Police,-1.442950,55.033435,On or near CRANBOURNE GROVE,E01008497,North Tyneside 010C,Offender given a caution
521a43f900ac7a908088b256da4492c4c30b943b398143ad90a3f99368f6ccac,2021-05,Northumbria Police,Northumbria Police,-1.503952,55.010586,On or near MIDDLE ENGINE LANE,E01008468,North Tyneside 021D,Local resolution
061e5656af110395cad281826188e178ffbaf3d7311f4643604aaa9320a5ce71,2021-05,Northumbria Police,Northumbria Police,-1.371755,54.908744,On or near Pedestrian Subway,E01008703,Sunderland 013B,Investigation complete; no suspect identified
bf0f802ef3731a70d099309b0ee9512ee5340a09eefacb6bf71b6dda8caccd4d,2021-05,Northumbria Police,Northumbria Police,-1.607560,54.975271,On or near DURANT ROAD,E01033543,Newcastle upon Tyne 024G,Investigation complete; no suspect identified
078a8bf67dad043e6207f4244defe6733f1a89af39e47b133956269fee2de1eb,2021-05,Northumbria Police,Northumbria Police,-1.723364,54.960366,On or near BACK LANE,E01008180,Gateshead 004B,Investigation complete; no suspect identified
62ace24710d32f9fbbee84a49a1c95b75e6ef96ee81503bbfd181d9c84a0989e,2021-05,Northumbria Police,Northumbria Police,-1.618321,54.970578,On or near FENKLE STREET,E01033543,Newcastle upon Tyne 024G,Investigation complete; no suspect identified
60011ebff2dd1434fb1c8db189d4fceb55921f76af6dabe48829a99dcdc4dc4a,2021-05,Northumbria Police,Northumbria Police,-1.499273,55.002039,On or near WINDSOR CLOSE,E01008508,North Tyneside 026A,Investigation complete; no suspect identified
803bab053bbaa9a2d50313516e40fbe73825c3d4f60b967a91cb3ad046f035e6,2021-05,Northumbria Police,Northumbria Police,-1.619408,54.966322,On or near Pedestrian Subway,E01033545,Newcastle upon Tyne 024H,Suspect charged
a332e0d50d538c4870028afaf4b803864faba62feda3ffcab605674637939dae,2021-05,Northumbria Police,Northumbria Police,-1.618321,54.970578,On or near FENKLE STREET,E01033543,Newcastle upon Tyne 024G,Investigation complete; no suspect identified
4500d104a4de37fb3f6267c988fba19b510da6a377b98b77aa77885679846339,2021-05,Northumbria Police,Northumbria Police,-1.593459,54.920444,On or near TRAFFORD,E01008189,Gateshead 023A,Investigation complete; no suspect identified
45779eee4470f29e7cf681a81e1df9be242dcf4970a7a2179265d0aec04da2ba,2021-05,Northumbria Police,Northumbria Police,-1.426902,54.987009,On or near Parking Area,E01008668,South Tyneside 002E,Investigation complete; no suspect identified
ebf5de0de5e4204f40803cc5cdb270d7b7ec7dc44236213109864fff5b6feb19,2021-05,Northumbria Police,Northumbria Police,-1.554834,55.064125,On or near CARRINGTON CLOSE,E01027435,Northumberland 032D,Investigation complete; no suspect identified
beae17650392fec7aa9631421eb6c0b1383bcbaf1fd121e8c5805a246c297abf,2021-05,Northumbria Police,Northumbria Police,-1.397907,54.919498,On or near SOUTHWICK ROAD,E01008709,Sunderland 005B,Investigation complete; no suspect identified
ea439373c2bd8d11c1b4a2ad7e1addbafa5d3983a447b396905e6342f43c1b23,2021-05,Northumbria Police,Northumbria Police,-1.499660,55.032549,On or near ALWINTON ROAD,E01008568,North Tyneside 011B,Offender given a caution
124c5dfcc4e9e965ad401c800ff3be0c15dcaec430de65f1777d5a302689f3a1,2021-05,Northumbria Police,Northumbria Police,-1.615815,54.971325,On or near Shopping Area,E01033543,Newcastle upon Tyne 024G,Offender given a drugs possession warning
c1fb5b34661c28260d7c3f0a5dd3fbaccba8613a91ecce5518395ae5e4f853ab,2021-05,Northumbria Police,Northumbria Police,-1.532408,55.002710,On or near BIRKDALE CLOSE,E01008465,North Tyneside 024D,Suspect charged
205053ee476be3a4bfe58afc7017ac7d6a82b593866e2bc1eb0e42564622f374,2021-05,Northumbria Police,Northumbria Police,-1.436928,54.809762,On or near HARTSIDE GARDENS,E01008744,Sunderland 036B,Investigation complete; no suspect identified
448694b62ff8cc8bc82044af4366c887fe8f8ec318fcba48529e6b551db26b84,2021-05,Northumbria Police,Northumbria Police,-1.513857,54.962127,On or near BATH ROAD,E01008644,South Tyneside 015B,Investigation complete; no suspect identified
f18af2181a073422bfb33f39235fbd44dd02b70f18d0ea00fb3e6f6a7970019e,2021-05,Northumbria Police,Northumbria Police,-1.515310,54.880240,On or near STATION ROAD,E01008862,Sunderland 025C,Investigation complete; no suspect identified
6dc613d429da8d5728e794f8fd6ddba9f6b982d3d84a9ed1413ba24687f2506d,2021-05,Northumbria Police,Northumbria Police,-1.610818,54.976009,On or near NORTH STREET,E01008397,Newcastle upon Tyne 024C,Investigation complete; no suspect identified
478c9df0b8f72f12e10f50723f5d48202211aba841bf9f7907aea0535fa96797,2021-05,Northumbria Police,Northumbria Police,-1.577517,55.037759,On or near MALLARD COURT,E01008477,North Tyneside 008C,Investigation complete; no suspect identified
035b7d8329ae655e2d1041f53f2e7770cf40a73e89a58e5744118e058f436b0d,2021-05,Northumbria Police,Northumbria Police,-1.614816,54.976112,On or near PRUDHOE PLACE,E01008397,Newcastle upon Tyne 024C,Suspect charged
284425595405b383f9251f9b11bef6552696a575b4c9b1a3e882a0a7f4238be8,2021-05,Northumbria Police,Northumbria Police,-1.621585,54.965664,On or near Parking Area,E01033545,Newcastle upon Tyne 024H,Investigation complete; no suspect identified
284425595405b383f9251f9b11bef6552696a575b4c9b1a3e882a0a7f4238be8,2021-05,Northumbria Police,Northumbria Police,-1.621585,54.965664,On or near Parking Area,E01033545,Newcastle upon Tyne 024H,Investigation complete; no suspect identified
3890d2b44bca09df4e4d856de864207a65902da23d2f68f483591a7449467af8,2021-05,Northumbria Police,Northumbria Police,-1.433191,54.986535,On or near DACRE STREET,E01008664,South Tyneside 002A,Investigation complete; no suspect identified
208c6e5ce1b25104484289a52114552e9220d3265a7e872f486d5d3950625d23,2021-05,Northumbria Police,Northumbria Police,-1.520474,55.186582,On or near ALLAN ROAD,E01027542,Northumberland 009B,Investigation complete; no suspect identified
1855d78cf0a87d0d1bf2613c57b4a6b223c4f56e6c2c54185c0aad0f25708cfc,2021-05,Northumbria Police,Northumbria Police,-1.568578,55.017814,On or near VICTORIA AVENUE,E01008473,North Tyneside 018C,Investigation complete; no suspect identified
29b4a0bbe38982901fe015c8bb18bb12b88bfbcd1b3a151d7c01f48e4f62f583,2021-05,Northumbria Police,Northumbria Police,-1.614816,54.976112,On or near PRUDHOE PLACE,E01008397,Newcastle upon Tyne 024C,Suspect charged
1bd4564aa120ebe8bbaa9c18600389765c9374d650f4276df6692bd3ffc71d82,2021-05,Northumbria Police,Northumbria Police,-1.603021,54.949106,On or near RODSLEY AVENUE,E01008251,Gateshead 010A,Investigation complete; no suspect identified
97fdec2bb90b4e45461eca2d8e073178961b84690ed180afa7d59e3631497e14,2021-05,Northumbria Police,Northumbria Police,-1.446220,54.885714,On or near GUERNSEY SQUARE,E01008733,Sunderland 021E,Investigation complete; no suspect identified
83fdb8b914b056ef15e07c6cac26ebf330d2a6fbe06ff417e630763ddeb722cd,2021-05,Northumbria Police,Northumbria Police,-1.445101,54.931962,On or near KINGSWAY ROAD,E01008837,Sunderland 003B,Investigation complete; no suspect identified
b587415390bb6ee6919122ccc13701944d6f9651f0eeb3d5cd29d22558476e63,2021-05,Northumbria Police,Northumbria Police,-1.637510,54.952547,On or near CASTLEGATE GARDENS,E01008210,Gateshead 007B,Investigation complete; no suspect identified
a2bd8ebc672e4867c8845197ceb53fad2ffbcf266d6255d05138c89036d658ba,2021-05,Northumbria Police,Northumbria Police,-1.407739,54.900145,On or near GRETA TERRACE,E01008833,Sunderland 018D,Offender given a caution
4367c4ae89cfb48b59873b247877bf980da16fb11ff5084f5842c17848e7a47e,2021-05,Northumbria Police,Northumbria Police,-1.546287,55.130438,On or near TWEEDY STREET,E01027424,Northumberland 022D,Investigation complete; no suspect identified
e50ed30a7239eb85e26e8e9ba79ca42a90909f5ccf04232ce7778c1ef7632884,2021-05,Northumbria Police,Northumbria Police,-1.621824,54.971811,On or near BATH LANE,E01033554,Newcastle upon Tyne 024I,Investigation complete; no suspect identified
6c661e54ef59d5b736d283f5bee38a6d6b4764307a61cf1444427928529cb54f,2021-05,Northumbria Police,Northumbria Police,-1.390883,54.906280,On or near SILKSWORTH ROW,E01008705,Sunderland 013C,Suspect charged
356df1cfff13e40e72853a35214f8a58a748a1a02c2db8ae97f74c223a0fb61d,2021-05,Northumbria Police,Northumbria Police,-1.609740,54.969527,On or near SIDE,E01033543,Newcastle upon Tyne 024G,Investigation complete; no suspect identified
9e7277f55c0ecd34211dd195fee08b128739c139b2cfc6babff1c0368cad390f,2021-05,Northumbria Police,Northumbria Police,-1.562623,55.172624,On or near ROTHLEY AVENUE,E01027537,Northumberland 014B,Investigation complete; no suspect identified
7dcdae18eafb72e144aa0fcf326d5e28f30645231a485ceea8974ebd9bad2284,2021-05,Northumbria Police,Northumbria Police,-1.494426,54.979697,On or near GRANT STREET,E01008660,South Tyneside 007C,Investigation complete; no suspect identified
24416f2dccbbfa842677af8f5fff7639439f9591bca8e4bc9ba29a2342018240,2021-05,Northumbria Police,Northumbria Police,-1.611977,54.974045,On or near Shopping Area,E01033543,Newcastle upon Tyne 024G,Investigation complete; no suspect identified
1a0ef32493e2ade8e4d35ca909aa2f4d1c09e93e6df1a547a4878fae17d35ddc,2021-05,Northumbria Police,Northumbria Police,-1.480187,55.010334,On or near SIMONBURN AVENUE,E01008492,North Tyneside 023E,Investigation complete; no suspect identified
ece6725b22b3b49354d0c3b8da9bf9d6fbbb5e9a60e7cbcb3fa9278c5cf55d2d,2021-05,Northumbria Police,Northumbria Police,-1.675612,55.157494,On or near THIRD AVENUE,E01027448,Northumberland 015B,Investigation complete; no suspect identified
339231a85867f3086b2718a00866515e15782d5c3a14d55e202c3f14dbbbfeca,2021-05,Northumbria Police,Northumbria Police,-1.617588,54.942512,On or near MARKET WAY,E01008259,Gateshead 007D,Investigation complete; no suspect identified
79df7dba42cb159d45581b1ae591418a2ec5f7212869fc242becc50f02452190,2021-05,Northumbria Police,Northumbria Police,-1.563526,54.968911,On or near WILTON AVENUE,E01008389,Newcastle upon Tyne 028B,Investigation complete; no suspect identified
271861d8dbe58bfc0c3ad1a15835b759c9d5b91f8e1ae0eb1f4f2e7a5f59e657,2021-05,Northumbria Police,Northumbria Police,-1.581668,55.016315,On or near AYLESBURY PLACE,E01008471,North Tyneside 019A,Investigation complete; no suspect identified
95237719c7d25f43ac849700a0d3aad158956ca44f9b421ca11af30fd39d94c7,2021-05,Northumbria Police,Northumbria Police,-1.369564,54.934173,On or near KINGS AVENUE,E01008723,Sunderland 002A,Investigation complete; no suspect identified
0bffa7244e098aa044822765d9cb7b3b621ff829d547375245be1fd18158fc1b,2021-05,Northumbria Police,Northumbria Police,-1.373775,54.892147,On or near MATANZAS STREET,E01008740,Sunderland 022A,Investigation complete; no suspect identified
e7dd86e55131bfd1bf35d17597a5eacf9af637660b0d00ef0948966a596b346f,2021-05,Northumbria Police,Northumbria Police,-1.371967,54.905150,On or near WEST LAWRENCE STREET,E01008836,Sunderland 016F,Investigation complete; no suspect identified
668eb2b148109ae0c74904f9085514e530987916966961010247da8e49fb436b,2021-05,Northumbria Police,Northumbria Police,-1.591600,54.971498,On or near HORATIO STREET,E01033548,Newcastle upon Tyne 023G,Investigation complete; no suspect identified
efe76568cc9f8fc266dc1e7af0c5a3b56eeec7adb6827a88ec9eb809460f299d,2021-05,Northumbria Police,Northumbria Police,-1.437488,55.008913,On or near TYNE STREET,E01008561,North Tyneside 016C,Investigation complete; no suspect identified
553b5db2800f2541305c3d602558b6ec206a5e42d62d069c8c5a490ac059016e,2021-05,Northumbria Police,Northumbria Police,-1.565454,54.904486,On or near THE BRAMBLES,E01008224,Gateshead 025C,Investigation complete; no suspect identified
009c1b187706e713db1b4566a0cdbef199337c2d35dc5e054cca84cfc9483981,2021-05,Northumbria Police,Northumbria Police,-1.527871,54.989671,On or near Petrol Station,E01008572,North Tyneside 029A,Investigation complete; no suspect identified
c3e302c860c4eb8be26eac5d5a58dbd8d7ff937d84893720d4aed73fb3e3404b,2021-05,Northumbria Police,Northumbria Police,-1.618320,55.240627,On or near EDITH STREET,E01027474,Northumberland 008F,Investigation complete; no suspect identified
6f11c709dbb6195141d70ee9943944f1aee3f53b89c92beb3427ed4990809277,2021-05,Northumbria Police,Northumbria Police,-1.382499,54.904854,On or near WATERLOO PLACE,E01008703,Sunderland 013B,Investigation complete; no suspect identified
63b071ea4e9e251c9c1723dedd9a61802cc3077c6f4d166b3aa677c0a62cd984,2021-05,Northumbria Police,Northumbria Police,-1.470174,54.844510,On or near HILLSIDE WAY,E01008754,Sunderland 034F,Investigation complete; no suspect identified
2d5983f6790ed0fea9dc641624ab64056cdb984160a3c77d0fd557ecfb978964,2021-05,Northumbria Police,Northumbria Police,-1.553950,54.933650,On or near WEALCROFT,E01008285,Gateshead 018E,Suspect charged
e6c98de0ee02391be68337d67d8483593014675cc29cd848faeb247f97dbd006,2021-05,Northumbria Police,Northumbria Police,-1.553950,54.933650,On or near WEALCROFT,E01008285,Gateshead 018E,Suspect charged
0a675b1dd9d9415979431d3051b803a024dfc05ef866cbafca15b7766dd0f1ec,2021-05,Northumbria Police,Northumbria Police,-1.370008,54.871782,On or near Sports/Recreation Area,E01008766,Sunderland 028C,Investigation complete; no suspect identified
22f87de6d81caa2d029517d0936bbf307c9e602de9639a5bc3dad2b65181829c,2021-05,Northumbria Police,Northumbria Police,-1.588159,55.077245,On or near Pedestrian Subway,E01027410,Northumberland 031E,Investigation complete; no suspect identified
6b7e262bcf85a80b4868aa1c2637cf6209f93c76164494fa9f2bbb3aa51ee946,2021-05,Northumbria Police,Northumbria Police,-1.591674,54.958100,On or near SHELLEY DRIVE,E01008162,Gateshead 027A,Offender given a caution
703b4f58da80bb50df9eed54238b5d4623d481d49addc8a2abdc1fdadb5a9ffb,2021-05,Northumbria Police,Northumbria Police,-1.683578,55.001381,On or near KYLOE PLACE,E01008456,Newcastle upon Tyne 004B,Investigation complete; no suspect identified
d6550a72335485f5351e9d73cddc2a71bc5c42e3f62f32a408fd1de07c9c5917,2021-05,Northumbria Police,Northumbria Police,-1.790651,54.964473,On or near ROSSDALE,E01008197,Gateshead 002B,Investigation complete; no suspect identified
9f53d63e4305fed8ed3007c5152b634554de81b4d3364d1ae4948a84246e83ca,2021-05,Northumbria Police,Northumbria Police,-1.394309,54.870288,On or near GOATHLAND DRIVE,E01008765,Sunderland 031A,Investigation complete; no suspect identified
2a36519105ccb8ba1d2ce86ade137c8fd1235543d00556167efa544a120d9d47,2021-05,Northumbria Police,Northumbria Police,-1.466471,55.014139,On or near REGENT TERRACE,E01008486,North Tyneside 020A,Investigation complete; no suspect identified
0a22e055fd4be10eb1800ce11f56890aa32831ba5e4e3eb5298191110c6a4c73,2021-05,Northumbria Police,Northumbria Police,-1.613192,54.954953,On or near RECTORY PLACE,E01008170,Gateshead 008C,Investigation complete; no suspect identified
678c4ca7a8696dd18d07ac6f2387bccfc5e7ec20749887ff2f16ffc907416934,2021-05,Northumbria Police,Northumbria Police,-1.662424,54.983029,On or near LONNEN AVENUE,E01008346,Newcastle upon Tyne 019D,Investigation complete; no suspect identified
b35d440e339954ed6070e09ce47191a696011d894772741a07cf7aa148b9b019,2021-05,Northumbria Police,Northumbria Police,-1.645994,55.021182,On or near INGRAM AVENUE,E01008342,Newcastle upon Tyne 003G,Investigation complete; no suspect identified
7b2c94cbb9d3ad7e4fa50ab075408b6c63ba567e47525023b2e6183d823709ed,2021-05,Northumbria Police,Northumbria Police,-1.517932,55.126474,On or near HARPER STREET,E01027431,Northumberland 023C,Investigation complete; no suspect identified
1d46720101b7bd4fe80badc555a83753b2a4cd489e3eb3cfe66bc426d472aa91,2021-05,Northumbria Police,Northumbria Police,-1.546904,55.129946,On or near COWPEN ROAD,E01027424,Northumberland 022D,Investigation complete; no suspect identified
f3ded58961ffcb08f000560a1513c74424895878bc4c4ac8e88f6ec240017d49,2021-05,Northumbria Police,Northumbria Police,-1.432366,54.896515,On or near HAMPSTEAD ROAD,E01008813,Sunderland 014C,Investigation complete; no suspect identified
e475230399ac29917890f9972201d958037293feaeffe2058049452ec44c5210,2021-05,Northumbria Police,Northumbria Police,-1.845360,54.961068,On or near Petrol Station,E01027500,Northumberland 038D,Investigation complete; no suspect identified
bc3266c286c87cbd441d37cd0f6baa83a9e8cec4f2470455d48730c23504f715,2021-05,Northumbria Police,Northumbria Police,-1.580980,54.977339,On or near EDWIN STREET,E01008303,Newcastle upon Tyne 018A,Investigation complete; no suspect identified
9fdd4988c863eb8586579fd524ffdb251a4d8de839de0f3bc8079982f8affc75,2021-05,Northumbria Police,Northumbria Police,-1.480187,55.010334,On or near SIMONBURN AVENUE,E01008492,North Tyneside 023E,Investigation complete; no suspect identified
11784a5b7215de308ae5200a585c7ff814637377008e54fbca57896f3743e7a4,2021-05,Northumbria Police,Northumbria Police,-1.647889,54.956613,On or near NELSON STREET,E01008209,Gateshead 007A,Investigation complete; no suspect identified
6256c5d8afc4361b9274f370f0398e7c022b3c2f1f2e09efcc60e2910a009b58,2021-05,Northumbria Police,Northumbria Police,-1.519591,55.033887,On or near BLACKWORTH COURT,E01032647,North Tyneside 011E,Investigation complete; no suspect identified
fa458bf476ddb987e6d73894ca246d10c9b66ae729e1c8ebe5a3d3ff557c0cb0,2021-05,Northumbria Police,Northumbria Police,-1.620295,55.176843,On or near BOTHAL BANK,E01027525,Northumberland 012B,Investigation complete; no suspect identified
41d2126004be12fff340f05ea477f6c39fa57f1d3e00295eb770113e4736a79a,2021-05,Northumbria Police,Northumbria Police,-1.437237,54.807616,On or near JUBILEE SQUARE,E01008744,Sunderland 036B,Investigation complete; no suspect identified
125d52f7659dea0725d6eeaf9e937cb134655c73e8cb3d60e0bee4845cca44df,2021-05,Northumbria Police,Northumbria Police,-1.576619,55.041306,On or near COWANS AVENUE,E01008476,North Tyneside 008B,Investigation complete; no suspect identified
71f9d8c1fddff87dd2baa41f57deaef20c918f12a4dfef276b20210e031dd36b,2021-05,Northumbria Police,Northumbria Police,-1.641422,54.974441,On or near CALLERTON PLACE,E01008449,Newcastle upon Tyne 022D,Investigation complete; no suspect identified
57ae543785b954a812d643f111e1907b887c90f362c1b6a05388df784f63865f,2021-05,Northumbria Police,Northumbria Police,-1.551964,54.974764,On or near BYKER STREET,E01008429,Newcastle upon Tyne 028D,Suspect charged
4112d763276dfc9dc9d4f3ec2898c70dd6f4229af2b5418c755ed7fb6efb0e37,2021-05,Northumbria Police,Northumbria Police,-1.429730,54.958383,On or near SUTHERLAND COURT,E01008689,South Tyneside 019B,Offender given a caution
b436155b600e3ae9815d36f460679f4c28e30d78b01ae705eec526a39d218448,2021-05,Northumbria Police,Northumbria Police,-1.575475,54.977823,On or near GLENDALE TERRACE,E01008392,Newcastle upon Tyne 026F,Investigation complete; no suspect identified
ce9dc66a4b05ada8710a99c4f8a8f443d520a8250894a30fe04db6b9346d0c2f,2021-05,Northumbria Police,Northumbria Police,-1.609733,54.986367,On or near BURDON TERRACE,E01008370,Newcastle upon Tyne 017C,Investigation complete; no suspect identified
408d3eff67c56ca2926fb91c636aeaec63ce904c9c4cd61dde1e90fd495ee8cb,2021-05,Northumbria Police,Northumbria Police,-1.609797,55.132769,On or near NETHERDALE,E01027522,Northumberland 021E,Investigation complete; no suspect identified
10032638880925c90d6bc66edd36329f9954e7c6695b5bbcab222a4d634a3cc7,2021-05,Northumbria Police,Northumbria Police,-1.442528,55.043489,On or near SOUTH PARADE,E01008584,North Tyneside 006A,Investigation complete; no suspect identified
58482d59e82af58306f7cb41a2c4787e1b984be0f9756ff6398ea121f09e05f9,2021-05,Northumbria Police,Northumbria Police,-1.548732,54.976010,On or near WELBECK ROAD,E01008430,Newcastle upon Tyne 020A,Investigation complete; no suspect identified
b497f2a5175fea0ee1bb37252a6fc796920479412ef1ac098a87ed6901d53c1a,2021-05,Northumbria Police,Northumbria Police,-1.404721,54.900759,On or near CO-OPERATIVE TERRACE,E01008832,Sunderland 018C,Investigation complete; no suspect identified
51f8ac43fe26be39e18927a392b7471529d2947808cbc26f55dfd35dfd7b5b15,2021-05,Northumbria Police,Northumbria Police,-1.471210,54.924835,On or near Sports/Recreation Area,E01008855,Sunderland 007A,Investigation complete; no suspect identified
1e12a552cc276060e95373cbcb1b719bd206bca683106e6b03001bc6b058ff22,2021-05,Northumbria Police,Northumbria Police,-1.563452,55.036209,On or near STRATFORD CLOSE,E01008505,North Tyneside 012B,Investigation complete; no suspect identified
bc8d8f33b1c0896632ea23a11553cb7b50febd5edfb6af2f949fdbdb4ef18f91,2021-05,Northumbria Police,Northumbria Police,-1.658434,54.992839,On or near BRIERYSIDE,E01008300,Newcastle upon Tyne 016A,Investigation complete; no suspect identified
3d01ca51759ae08693d1b26ff848455b26b410751e4ad6a43f66a1028f3b4e51,2021-05,Northumbria Police,Northumbria Police,-1.582656,54.982952,On or near TINTERN CRESCENT,E01008412,Newcastle upon Tyne 023E,Investigation complete; no suspect identified
60d0f02a63cbc25099ec76933456c7eb69cb87f8ca0e885487565a6079a8da88,2021-05,Northumbria Police,Northumbria Police,-1.609733,54.986367,On or near BURDON TERRACE,E01008370,Newcastle upon Tyne 017C,Investigation complete; no suspect identified
9812fa89ec8e89475bb9c1539cc94bc949804f74743b171c71379af0f6c2738b,2021-05,Northumbria Police,Northumbria Police,-1.621829,54.948016,On or near GOODWOOD AVENUE,E01008257,Gateshead 008E,Investigation complete; no suspect identified
2607c52a3a09ca8eac64b41b602eff37e64fc4372a596a2add8b969cb9d75cd7,2021-05,Northumbria Police,Northumbria Police,-1.591867,54.929793,On or near ESKDALE GARDENS,E01008192,Gateshead 023D,Investigation complete; no suspect identified
029f413e45b40dc500980d6260b173dc40eef53c316704f0504e54fd63cc37e7,2021-05,Northumbria Police,Northumbria Police,-1.464780,54.949637,On or near Sports/Recreation Area,E01008613,South Tyneside 021D,Investigation complete; no suspect identified
d87f079741274e839b8f99f717bbea1030545b0bed9684c796fbe0ccfcdf87a4,2021-05,Northumbria Police,Northumbria Police,-1.402447,54.986919,On or near NORHAM AVENUE,E01008647,South Tyneside 004A,Investigation complete; no suspect identified
b889fe88be24a9145250de63ec26c9215473bd8024883219b3899317d3e6f6ee,2021-05,Northumbria Police,Northumbria Police,-1.413636,54.864524,On or near KNOLLSIDE CLOSE,E01008770,Sunderland 031C,Investigation complete; no suspect identified
e65d804a05d6e9be28976974986876aa5c99a4cfc13f1eecf3ed73d8cface4e2,2021-05,Northumbria Police,Northumbria Police,-1.377594,54.880053,On or near SANDMERE ROAD,E01008780,Sunderland 024D,Investigation complete; no suspect identified
2bfa5508451989cf886352827b042a8aec5a7ed880d2cce119e4ec041c376b55,2021-05,Northumbria Police,Northumbria Police,-1.606797,54.960621,On or near BENSHAM ROAD,E01008168,Gateshead 027D,Investigation complete; no suspect identified
8fca0c5cc64d29fa62e750c2a4d4ab77db9f290f8d9fb45fc185afdb7f2c33ef,2021-05,Northumbria Police,Northumbria Police,-1.413636,54.864524,On or near KNOLLSIDE CLOSE,E01008770,Sunderland 031C,Investigation complete; no suspect identified
9ef0dd34d80acf0703c85287961416e1ebbe1caf9696b70004cc483c15c2571a,2021-05,Northumbria Police,Northumbria Police,-1.571834,55.085051,On or near MAYFIELD AVENUE,E01027397,Northumberland 028C,Investigation complete; no suspect identified
19ef727ed6acf20ce60e164679a963629b511cd8b335c810ea1db0d8501ebc7d,2021-05,Northumbria Police,Northumbria Police,-1.473777,54.808121,On or near MOORSLEY ROAD,E01008744,Sunderland 036B,Investigation complete; no suspect identified
d3ed10e56358d5e93d047c82a2d6e877345c1341296f642deb2c77a95564533d,2021-05,Northumbria Police,Northumbria Police,-1.527176,55.159031,On or near THE BUCCA,E01027552,Northumberland 020G,Investigation complete; no suspect identified
eddb1a67487cb5feb024aadd4df3cc302255975ac339cedf19f70d88371febf1,2021-05,Northumbria Police,Northumbria Police,-1.635386,55.040570,On or near LINK ROAD,E01008308,Newcastle upon Tyne 001D,Investigation complete; no suspect identified
85fe37e35979a84145801097fa6a8010d201bdf3a76cfd9bfbb210d116a25f71,2021-05,Northumbria Police,Northumbria Police,-1.411045,54.902300,On or near KAYLL ROAD,E01008759,Sunderland 015C,Investigation complete; no suspect identified
85fe37e35979a84145801097fa6a8010d201bdf3a76cfd9bfbb210d116a25f71,2021-05,Northumbria Police,Northumbria Police,-1.411045,54.902300,On or near KAYLL ROAD,E01008759,Sunderland 015C,Investigation complete; no suspect identified
8ef344aeb0b21ca2b3add69251a7381f6ce30d75e0851e22273a31c8ffa0e3db,2021-05,Northumbria Police,Northumbria Police,-1.612740,54.974308,On or near Shopping Area,E01008397,Newcastle upon Tyne 024C,Investigation complete; no suspect identified
8ef344aeb0b21ca2b3add69251a7381f6ce30d75e0851e22273a31c8ffa0e3db,2021-05,Northumbria Police,Northumbria Police,-1.612740,54.974308,On or near Shopping Area,E01008397,Newcastle upon Tyne 024C,Investigation complete; no suspect identified
57d5a086bf0e02ebc63e5fce9a3250224a842cdaba4c8dae648bdb4e416e4701,2021-05,Northumbria Police,Northumbria Police,-1.442320,54.889282,On or near GREENWOOD ROAD,E01008733,Sunderland 021E,Suspect charged
85292aca25868c7a833bafe2f17b8cbce0bdeba59c92e71c46669dfee71f53cb,2021-05,Northumbria Police,Northumbria Police,-1.578973,54.973495,On or near PRIORY PLACE,E01008305,Newcastle upon Tyne 026D,Investigation complete; no suspect identified
001a3e96e13f831e79d3834c0b88a551ceb42b61bb6720cbc0eccd5492dcf45a,2021-05,Northumbria Police,Northumbria Police,-1.425113,54.995223,On or near SELBOURNE STREET,E01008595,South Tyneside 001A,Suspect charged
f2e1113e91408a22f5de78c04c830bc17f9f9584b9dc4bb5396b1e0a2cfd32e7,2021-05,Northumbria Police,Northumbria Police,-1.413754,54.930512,On or near FONTBURN COURT,E01008821,Sunderland 004D,Investigation complete; no suspect identified
f2e1113e91408a22f5de78c04c830bc17f9f9584b9dc4bb5396b1e0a2cfd32e7,2021-05,Northumbria Police,Northumbria Police,-1.413754,54.930512,On or near FONTBURN COURT,E01008821,Sunderland 004D,Investigation complete; no suspect identified
f2e1113e91408a22f5de78c04c830bc17f9f9584b9dc4bb5396b1e0a2cfd32e7,2021-05,Northumbria Police,Northumbria Police,-1.413754,54.930512,On or near FONTBURN COURT,E01008821,Sunderland 004D,Investigation complete; no suspect identified
032fcfe29b0bbc4c8898b19bb649737a677570a0b4f2f9d805fe81320b10a166,2021-05,Northumbria Police,Northumbria Police,-1.439106,54.975896,On or near VINE STREET,E01008590,South Tyneside 011A,Suspect charged
f2aa53c3d00b79bbfd882df6ac1311c355775add3ad457cda7a4d446daf4492a,2021-05,Northumbria Police,Northumbria Police,-1.555416,55.244611,On or near Parking Area,E01027445,Northumberland 008C,Investigation complete; no suspect identified
0e27a695b579f077634113d05213d0171762ee0423c8e1eb56776216b85c6247,2021-05,Northumbria Police,Northumbria Police,-1.611219,54.960365,On or near ST CUTHBERT'S ROAD,E01008168,Gateshead 027D,Investigation complete; no suspect identified
0e27a695b579f077634113d05213d0171762ee0423c8e1eb56776216b85c6247,2021-05,Northumbria Police,Northumbria Police,-1.611219,54.960365,On or near ST CUTHBERT'S ROAD,E01008168,Gateshead 027D,Investigation complete; no suspect identified
27c7de4bc26d669d5d64e1188dff8cfdeeeb727eac09ec7d212fef0f72e23eb3,2021-05,Northumbria Police,Northumbria Police,-1.440983,54.917188,On or near SHEPPARD TERRACE,E01008693,Sunderland 008A,Suspect charged
2f30cd52aa1c162161aa0440cd8ba011c3dd815c9e7d7813c500fc1c77211d44,2021-05,Northumbria Police,Northumbria Police,-1.376129,54.899250,On or near ST LUCIA CLOSE,E01008735,Sunderland 016B,Investigation complete; no suspect identified
ca29045509a640e4ce21899bf347b01199f5d6dec57f955d171999be74095543,2021-05,Northumbria Police,Northumbria Police,-1.613362,54.953417,On or near OSWALD TERRACE,E01008170,Gateshead 008C,Investigation complete; no suspect identified
bbc8e549b149cde9fc2865f5ce6e03ddbe1c6e90b6f8a76d872c228ac706e636,2021-05,Northumbria Police,Northumbria Police,-1.385956,54.903119,On or near OLIVE STREET,E01008831,Sunderland 013D,Investigation complete; no suspect identified
4498a78ebe8b55c72a43046423540893a0aaba81a277e2eed709899f5c1e8bee,2021-05,Northumbria Police,Northumbria Police,-1.511990,54.893158,On or near RAEBURN AVENUE,E01008851,Sunderland 017E,Investigation complete; no suspect identified
27e17992f72a59253e709715e475ee875f6209a1c0402d973e36e0d502b9a940,2021-05,Northumbria Police,Northumbria Police,-1.521865,54.912437,On or near Supermarket,E01008853,Sunderland 009A,Offender given a caution
b78fba74b731e3e9df2d66c4f114805689bb3b21ee4a6e524eca4613cf9a17b4,2021-05,Northumbria Police,Northumbria Police,-1.566925,55.036266,On or near Shopping Area,E01008479,North Tyneside 008D,Investigation complete; no suspect identified
7a985b8ad104dcf65b91c2ae705c1857f84577becb10a9315fb9433ce22bc911,2021-05,Northumbria Police,Northumbria Police,-1.721860,54.951907,On or near PARKLAND AVENUE,E01008277,Gateshead 004D,Investigation complete; no suspect identified
ce6f56c1847da00a01c92c471f37c0d4de5751d03dd4d099ff5c43acaeb2b1e5,2021-05,Northumbria Police,Northumbria Police,-1.440731,54.808144,On or near BRICK GARTH,E01008744,Sunderland 036B,Investigation complete; no suspect identified
9168e958e111babd12e995100e2cd610d68a0e3b68a538abba26d7d627446a71,2021-05,Northumbria Police,Northumbria Police,-1.377594,54.880053,On or near SANDMERE ROAD,E01008780,Sunderland 024D,Investigation complete; no suspect identified
8a9cdfe9d626859879663d0cf18e72fa9c53bf02c6e093cb18e5cdcbd76b5a74,2021-05,Northumbria Police,Northumbria Police,-1.661841,54.985516,On or near GENISTER PLACE,E01008451,Newcastle upon Tyne 016C,Investigation complete; no suspect identified
0d8b84d0441bde24c1bce3450d149753a46f20b10913338d228b7f3bca75cd97,2021-05,Northumbria Police,Northumbria Police,-1.503952,55.010586,On or near MIDDLE ENGINE LANE,E01008468,North Tyneside 021D,Investigation complete; no suspect identified
911bfe7cf1f75b7d2d77b3eb9df901dfad50ea8b9087f072d45315ffcc1980b4,2021-05,Northumbria Police,Northumbria Police,-1.429211,54.894712,On or near Petrol Station,E01008758,Sunderland 015B,Investigation complete; no suspect identified
152b9e67737ebf98f1cc5f490b8590f1eff17475f0ff26486cd7b212c4f00057,2021-05,Northumbria Police,Northumbria Police,-2.210733,55.043592,On or near Park/Open Space,E01027511,Northumberland 019D,Investigation complete; no suspect identified
48c9ae7439f7385192b61ee661910cd3f3a48774940bf66c42782af2c73ea80c,2021-05,Northumbria Police,Northumbria Police,-1.371886,54.899318,On or near SUFFOLK STREET,E01008735,Sunderland 016B,Investigation complete; no suspect identified
4ba816cb554bbbf9c04996c1ab0be848721cf33cb3e902e56aba81283f13aa8e,2021-05,Northumbria Police,Northumbria Police,-1.545351,54.977912,On or near EASTBOURNE AVENUE,E01008430,Newcastle upon Tyne 020A,Investigation complete; no suspect identified
acfcf1a427ac1ef45d0452b5cee337909b64ef2fe7cb5d16989c322c6e7b055c,2021-05,Northumbria Police,Northumbria Police,-1.626404,55.015328,On or near PRINCES AVENUE,E01008358,Newcastle upon Tyne 002E,Investigation complete; no suspect identified
c802ad4e51abc6af17007b0a9e99ba4d9fadfca2c027039f130ed134f794a8f3,2021-05,Northumbria Police,Northumbria Police,-1.599859,54.987674,On or near OSBORNE AVENUE,E01008367,Newcastle upon Tyne 017A,Investigation complete; no suspect identified
11fd24002fca12373313f522c5c9c3baed2d419f4d125e7a0191dd06bfcf428a,2021-05,Northumbria Police,Northumbria Police,-1.611196,54.949734,On or near AUDOUINS ROW,E01008253,Gateshead 010C,Investigation complete; no suspect identified
678e1b100468310c83b5932892f1cbbec504e3605d19821b47722fbe5d559947,2021-05,Northumbria Police,Northumbria Police,-1.603187,55.084385,On or near LINDSEY CLOSE,E01027413,Northumberland 029E,Investigation complete; no suspect identified
7933a1226119636941bb8bb3984c29198826abd58737654a7bac5aafe48b4fe4,2021-05,Northumbria Police,Northumbria Police,-1.382695,54.912439,On or near BARCLAY STREET,E01008791,Sunderland 006F,Investigation complete; no suspect identified
4e97f043bfcc7529dc30afa4e73d85c7d2a42b2f91e4622637e96a0a8d0c34a6,2021-05,Northumbria Police,Northumbria Police,-1.640722,54.961759,On or near ALBANY COURT,E01008437,Newcastle upon Tyne 029F,Investigation complete; no suspect identified
3453136a548a25e682979b607bae53ea2903516f75eabc3baf70d569c657be4a,2021-05,Northumbria Police,Northumbria Police,-1.899210,54.910208,On or near Park/Open Space,E01027506,Northumberland 039D,Investigation complete; no suspect identified
5055e24c8b86b2b460ca3b004b840e73d52af5e031b7e025061753fc62b16bbb,2021-05,Northumbria Police,Northumbria Police,-1.604966,55.005555,On or near AUDLEY ROAD,E01008424,Newcastle upon Tyne 005F,Investigation complete; no suspect identified
36008903ed0533dd698707a240c914b46ab1239b485c2fbac7be261ab528569f,2021-05,Northumbria Police,Northumbria Police,-1.592100,54.926784,On or near OAKWOOD AVENUE,E01008192,Gateshead 023D,Investigation complete; no suspect identified
65e5b893c15e2e0eed4cf9916bb5cb93cd696bd9440825c1c76a7dab6aa636a3,2021-05,Northumbria Police,Northumbria Police,-1.395586,54.906744,On or near BACK HYLTON ROAD,E01008705,Sunderland 013C,Investigation complete; no suspect identified
6b78f01089e20072f788123f7a4e583d6bfc0c15e4f4cc1c9fff0a95fe08611a,2021-05,Northumbria Police,Northumbria Police,-1.385145,54.904139,On or near Nightclub,E01008836,Sunderland 016F,Investigation complete; no suspect identified
0225fb845c268d44d4f85349c3ed014e0f5c613723ff0d788640799325a87c7d,2021-05,Northumbria Police,Northumbria Police,-1.448897,54.900868,On or near RUISLIP ROAD,E01008811,Sunderland 014B,Investigation complete; no suspect identified
3574284ef71354242ff5dc2adbab073b8599c495b2667620112f590bed253061,2021-05,Northumbria Police,Northumbria Police,-1.525804,55.005937,On or near BELPER CLOSE,E01008463,North Tyneside 024B,Investigation complete; no suspect identified
09ede56484dc9c2e28b7682805145b3cb867745b42e42b395784916454d20c29,2021-05,Northumbria Police,Northumbria Police,-1.525702,54.913728,On or near Petrol Station,E01008860,Sunderland 009F,Investigation complete; no suspect identified
c1d4cf3c28feee4003cb35eb768dad84c0b9a4770ff0a66be5bf6a8d636104c1,2021-05,Northumbria Police,Northumbria Police,-1.535133,54.991488,On or near Supermarket,E01008536,North Tyneside 030C,Investigation complete; no suspect identified
15bbd948acbade2584820ea8933772c2f631bb9350217a3d4dec1a5da051eacc,2021-05,Northumbria Police,Northumbria Police,-1.440710,54.962738,On or near DICKENS AVENUE,E01008609,South Tyneside 016E,Investigation complete; no suspect identified
63cf17de338251d88490a8954eb028bd76acc3bcbf4e5ae699939f8913010263,2021-05,Northumbria Police,Northumbria Police,-1.573107,55.291895,On or near Parking Area,E01027444,Northumberland 008B,Investigation complete; no suspect identified
2237d82eb778ebcd2c1d1371868a5d01d20da5ec92f9c4c10615c5264bc5ae8f,2021-05,Northumbria Police,Northumbria Police,-1.971587,54.903219,On or near LEAD ROAD,E01027506,Northumberland 039D,Investigation complete; no suspect identified
83f76bcaabe4ddd87809f599da75fa3c6c670de1a19de2ff3fca4eedb1ba8521,2021-05,Northumbria Police,Northumbria Police,-1.621161,54.969293,On or near WATERLOO STREET,E01033554,Newcastle upon Tyne 024I,Investigation complete; no suspect identified
f64c491a6b7f57337fbfcbda0e9ba9cd1f88eb052867460d625758383aaaa383,2021-05,Northumbria Police,Northumbria Police,-1.448230,55.006671,On or near BOROUGH ROAD,E01008544,North Tyneside 027D,Suspect charged
2954a7bcc99a6b91522c33765e3f1e56dfaf0bfd57af5784f89fb171d1efc7d1,2021-05,Northumbria Police,Northumbria Police,-1.608354,54.948180,On or near FERN DENE ROAD,E01008253,Gateshead 010C,Investigation complete; no suspect identified
416021c4dac58b5595347fe112d60159260cf8243d9729d87a8daf58eefd6b06,2021-05,Northumbria Police,Northumbria Police,-1.439468,55.040779,On or near WHITLEY ROAD,E01008588,North Tyneside 006D,Investigation complete; no suspect identified
71b5e966ca01c3b1ce9d9dacd1fb80a093a21193182807c9f822f305254591e6,2021-05,Northumbria Police,Northumbria Police,-1.664427,54.967731,On or near BILBROUGH GARDENS,E01008290,Newcastle upon Tyne 027C,Investigation complete; no suspect identified
e5cb926b16ecbffcb7d20c0ceeffb4a3a4aea4d94da5bbcc22f69d10235679e1,2021-05,Northumbria Police,Northumbria Police,-1.420583,54.913596,On or near Supermarket,E01008762,Sunderland 012B,Investigation complete; no suspect identified
5e1ee8130e10b7f55df2e0953d75c97a67d3c47a13394902a531d3383e34b5d3,2021-05,Northumbria Police,Northumbria Police,-1.481212,54.969685,On or near BUXTON CLOSE,E01008663,South Tyneside 017E,Investigation complete; no suspect identified
9061407ff4e6a35a4aabe120631cc06d4cdf815dc1b1369fd80fc6d72db39443,2021-05,Northumbria Police,Northumbria Police,-1.401610,54.905498,On or near ST MARK'S ROAD NORTH,E01008706,Sunderland 011C,Investigation complete; no suspect identified
b10cbe7d2018b0d51f6d3b8ab21058f00fbbea24701ee7c3d18f50bead860f2e,2021-05,Northumbria Police,Northumbria Police,-1.574828,55.291487,On or near Park/Open Space,E01027444,Northumberland 008B,Investigation complete; no suspect identified
7a0a65e3cd7480b499095fffb26c8dea78003e632950c39ca42aba87f0dc013c,2021-05,Northumbria Police,Northumbria Police,-1.586985,54.976757,On or near Petrol Station,E01008304,Newcastle upon Tyne 026C,Investigation complete; no suspect identified
8bbb94233057aaf9dfeb18ad9d8ac984a3ab6076a328d47ccf751facc25dfbe3,2021-05,Northumbria Police,Northumbria Police,-1.729578,54.974525,On or near CROMWELL FORD WAY,E01008248,Gateshead 001C,Investigation complete; no suspect identified
0bbef40c78c816145351bd24676d21748877649d3950ee7f86c372c1622752fd,2021-05,Northumbria Police,Northumbria Police,-1.542914,55.021962,On or near ESPLEY CLOSE,E01008503,North Tyneside 018E,Investigation complete; no suspect identified
3aaa541e7a7b7bb559ea190d78561ffd38224e282b0500cf71f526ad7910db8b,2021-05,Northumbria Police,Northumbria Police,-1.438182,54.967103,On or near Pedestrian Subway,E01008594,South Tyneside 011D,Investigation complete; no suspect identified
b655aaa735b4a31adf281e25a2ddbfeac78e465275d6c6f91746f565f3241e89,2021-05,Northumbria Police,Northumbria Police,-1.608729,55.001290,On or near CROMER GARDENS,E01008422,Newcastle upon Tyne 005E,Investigation complete; no suspect identified
62a9a57e01cf3f1351edc935118a8ce9ff93374da4082d103ca1f9d37f0a8c40,2021-05,Northumbria Police,Northumbria Police,-1.409982,54.897109,On or near WYCLIFFE ROAD,E01008759,Sunderland 015C,Investigation complete; no suspect identified
68aa461d75f1e59f40e838928cb8fc13d7c0e4b8cd268382ae81a5ef99384231,2021-05,Northumbria Police,Northumbria Police,-1.651640,54.952634,On or near BEECH DRIVE,E01008208,Gateshead 013C,Investigation complete; no suspect identified
1361bb5dc92c84874cd0197a5583d7dd65497e8458e0e59790c98067329d33fb,2021-05,Northumbria Police,Northumbria Police,-1.507007,54.916943,On or near SULGRAVE ROAD,E01008855,Sunderland 007A,Investigation complete; no suspect identified
dd2c58e28878de4116d8e078d7b2fa802509cc85e26acc9952bb6c54a3e28b3f,2021-05,Northumbria Police,Northumbria Police,-1.517198,55.128879,On or near BEAUMONT STREET,E01027415,Northumberland 023B,Investigation complete; no suspect identified
5fac655fe16c8f5ac79f9d0e23e4ab29cd30d1fb0b9d936e789a02ee734895b9,2021-05,Northumbria Police,Northumbria Police,-1.586276,55.095894,On or near NORTHUMBRIAN ROAD,E01027401,Northumberland 027B,Investigation complete; no suspect identified
dfeedfaacef7b2725009a7ba5b069743ebd80ec0f14d692d3570c571f1a86a27,2021-05,Northumbria Police,Northumbria Police,-1.586276,55.095894,On or near NORTHUMBRIAN ROAD,E01027401,Northumberland 027B,Investigation complete; no suspect identified
e5f10ab28b38f3eb41807b71d4a7e0b76641ee9a37e3513414d85bcfc260b090,2021-05,Northumbria Police,Northumbria Police,-1.518533,55.011247,On or near ASCOT CLOSE,E01008463,North Tyneside 024B,Investigation complete; no suspect identified
5d0d343424d92aaf1661542ea11929c1c573d5d1317a877700254b44a94dbbeb,2021-05,Northumbria Police,Northumbria Police,-1.482743,54.846730,On or near WOODBURN DRIVE,E01008754,Sunderland 034F,Suspect charged
7a22197a4bec7ea92ea8e6ea34592fa5e3b3509dc9cb1e3610f7c260e8e9a9db,2021-05,Northumbria Police,Northumbria Police,-1.494297,55.023585,On or near Petrol Station,E01008488,North Tyneside 015A,Investigation complete; no suspect identified
f32288c6242bbef4417155b903904ed2ed0edb0136c20ba56d53385372ad1420,2021-05,Northumbria Police,Northumbria Police,-1.548354,55.182106,On or near FALDO DRIVE,E01027549,Northumberland 013E,Investigation complete; no suspect identified
48ffc298d7cc7ae11dacea00cc5020ee3383c9f2b1f9841bd0332588335db9c8,2021-05,Northumbria Police,Northumbria Police,-1.446047,55.041438,On or near Police Station,E01008584,North Tyneside 006A,Investigation complete; no suspect identified
8f94c8e2f7522fcb863e9a48073ba3c2d605d9a717dfa1b07e20bafeae169884,2021-05,Northumbria Police,Northumbria Police,-1.373260,54.881118,On or near Supermarket,E01008780,Sunderland 024D,Investigation complete; no suspect identified
b8c06fc01253d9bc998932e93554deb33b497d495831f0afd89ab403eeb215f6,2021-05,Northumbria Police,Northumbria Police,-1.482743,54.846730,On or near WOODBURN DRIVE,E01008754,Sunderland 034F,Suspect charged
e097960c00447820d3f82a5a23add04f37784505c8bf84ef0dc462a03022c44c,2021-05,Northumbria Police,Northumbria Police,-1.482743,54.846730,On or near WOODBURN DRIVE,E01008754,Sunderland 034F,Suspect charged
5c0924c995731f971f43187d965014f2f54c3f864ae15b5ec10eceff5390e175,2021-05,Northumbria Police,Northumbria Police,-1.582468,54.993483,On or near BILSMOOR AVENUE,E01008318,Newcastle upon Tyne 012D,Investigation complete; no suspect identified
ffc636afa8aa230d98d67a7c683981e5aa9a80b1ea4a836d75d9f628377230c0,2021-05,Northumbria Police,Northumbria Police,-1.463019,55.014986,On or near QUEEN ALEXANDRA ROAD WEST,E01008526,North Tyneside 020C,Investigation complete; no suspect identified
d4d2e151ef5609ff22088cf6f5c9fa02360ba7e3b1fd4f4c8101b4cb2ebdbd42,2021-05,Northumbria Police,Northumbria Police,-1.587216,55.010627,On or near LANGDALE CLOSE,E01032650,North Tyneside 019G,Investigation complete; no suspect identified
e32a819d4b9e49683ea495f3c945a67ed179aaac7f219f0c04c62b4b6d6eb8b8,2021-05,Northumbria Police,Northumbria Police,-1.436686,55.001424,On or near WELLINGTON DRIVE,E01008667,South Tyneside 002D,Investigation complete; no suspect identified
a5f6f48717e011d8995fc2c1bf2753e5b94c08f278a3f36d63ef0891643ab32b,2021-05,Northumbria Police,Northumbria Police,-1.445878,55.005977,On or near SIBTHORPE STREET,E01008524,North Tyneside 022B,Investigation complete; no suspect identified
05f23e329f952eb059cc699528f33a73a08ac09ef7ba8f71c8df29c937371ff9,2021-05,Northumbria Police,Northumbria Police,-1.436928,54.809762,On or near HARTSIDE GARDENS,E01008744,Sunderland 036B,Investigation complete; no suspect identified
79fff153e9abd50126cbf4e7a561967e1f43465b3786a0c7b3cfe6a9eb6d65f3,2021-05,Northumbria Police,Northumbria Police,-1.663608,55.017126,On or near LALEHAM COURT,E01008313,Newcastle upon Tyne 001G,Investigation complete; no suspect identified
f58fe41c1709a8f6544c5902feb5378f5b8e81075d86e3ebad182d9c73f7e7d3,2021-05,Northumbria Police,Northumbria Police,-1.436928,54.809762,On or near HARTSIDE GARDENS,E01008744,Sunderland 036B,Investigation complete; no suspect identified
7bf2bde80fbbb95d8e90eb680ef38157e71365db1c9e2b9d0bfde27f45fb10ea,2021-05,Northumbria Police,Northumbria Police,-1.376967,54.906587,On or near NILE STREET,E01008703,Sunderland 013B,Investigation complete; no suspect identified
96c616944b3ae2743851bc706dbed64e933e7c0fc1a46737c2f948459fcdcd9a,2021-05,Northumbria Police,Northumbria Police,-1.617134,54.972264,On or near NEWGATE STREET,E01033543,Newcastle upon Tyne 024G,Investigation complete; no suspect identified
53a60109f6780b0a05caeae72b729fb840d3deabdf1b36e1601134684b32b5c9,2021-05,Northumbria Police,Northumbria Police,-1.388582,54.903788,On or near Further/Higher Educational Building,E01008831,Sunderland 013D,Investigation complete; no suspect identified
4f251882b7b1d492dbe7d42ce0d3c4487e73459c1f2de50ce68e42ca10177c24,2021-05,Northumbria Police,Northumbria Police,-1.536013,54.991033,On or near Shopping Area,E01008536,North Tyneside 030C,Investigation complete; no suspect identified
1503bcf869427bf98cc352ffb56a31a6b8c06da97e2cb38f28d667dc59cca861,2021-05,Northumbria Police,Northumbria Police,-1.387978,54.903462,On or near ALBION PLACE,E01008831,Sunderland 013D,Suspect charged
ddda3becfeb96d3970ee0ef4f58265dab3137cb2ea0f932ca133088830c36133,2021-05,Northumbria Police,Northumbria Police,-1.450271,54.821686,On or near UNION STREET,E01008742,Sunderland 035C,Investigation complete; no suspect identified
518c9384be189984115ff589b9fb951e0a77b75d5478c44b40bbf12d136fbfc1,2021-05,Northumbria Police,Northumbria Police,-1.462132,54.813327,On or near COALBANK ROAD,E01008743,Sunderland 036A,Suspect charged
8e5a484d20a22ae3ae5104e619620bf9629de0647929d1e5ac03b5dfb325b2d3,2021-05,Northumbria Police,Northumbria Police,-1.437428,54.881216,On or near THORNE SQUARE,E01008824,Sunderland 023B,Investigation complete; no suspect identified
2b024a05aad1493015b04492f60a438db48564702ebf1de547f1886e8ef00252,2021-05,Northumbria Police,Northumbria Police,-1.367231,54.884942,On or near CARNEGIE STREET,E01008779,Sunderland 024C,Investigation complete; no suspect identified
a16d776c10cc5ac39f5c4c515fd30a349f11586b8305e3420aa24c6bef8e1236,2021-05,Northumbria Police,Northumbria Police,-1.593161,54.919032,On or near TRAFFORD,E01008224,Gateshead 025C,Investigation complete; no suspect identified
a2317354336be86eb5b7d70a4d497cd16f7f85106073259cb530f95599460a04,2021-05,Northumbria Police,Northumbria Police,-1.597282,54.931312,On or near KELLS LANE,E01008193,Gateshead 020A,Investigation complete; no suspect identified
9aa992182f9a245eb6d4c0062ad580b19739603929e5df9d046763f0ba87bbcc,2021-05,Northumbria Police,Northumbria Police,-1.458105,55.000137,On or near Pedestrian Subway,E01008545,North Tyneside 027E,Investigation complete; no suspect identified
14f4f0d39a8eebe88c9b9a0875219511f96dbc09c7f48c18873d35865f4cea05,2021-05,Northumbria Police,Northumbria Police,-1.656793,54.980047,On or near GREYWOOD AVENUE,E01008349,Newcastle upon Tyne 019G,Investigation complete; no suspect identified
59b5eb0d78b61463a96f6b4814d526d578f6a38acff213b49425af71dac80801,2021-05,Northumbria Police,Northumbria Police,-1.387978,54.903462,On or near ALBION PLACE,E01008831,Sunderland 013D,Investigation complete; no suspect identified
28f1a0cca73475dca9e2b1529bff4fbc33b8d9e6bb9020f2a43587a08877b541,2021-05,Northumbria Police,Northumbria Police,-1.621934,54.968460,On or near WESTMORLAND ROAD,E01033545,Newcastle upon Tyne 024H,Investigation complete; no suspect identified
5c53ea1853ee6e5d5a42a4782b317ff91d0acd030efd2d37f6ae6e325c4282f9,2021-05,Northumbria Police,Northumbria Police,-2.017886,54.898979,On or near Park/Open Space,E01027505,Northumberland 040E,Suspect charged
865d3a48833086b7d05f9b2faa956992bd23f221b349457f710546998655dc5c,2021-05,Northumbria Police,Northumbria Police,-1.417083,54.876169,On or near SILKSWORTH CLOSE,E01008809,Sunderland 026E,Investigation complete; no suspect identified
d764d4e0678612ca0ba72366734a006de9ea005b62161e939d1ea23656ff37c8,2021-05,Northumbria Police,Northumbria Police,-1.690080,54.987263,On or near TEBAY DRIVE,E01008327,Newcastle upon Tyne 015D,Investigation complete; no suspect identified
e433cdccb6db780a1b4bb88cd684da3b4caa23e9d39ed00c785ccfb3743ebd33,2021-05,Northumbria Police,Northumbria Police,-1.423230,55.021904,On or near BACK PERCY GARDENS,E01008560,North Tyneside 016B,Investigation complete; no suspect identified
19835031eec0457862de1207b7c1a390dfb4d8ea171600d1d9ccedd219f81361,2021-05,Northumbria Police,Northumbria Police,-1.566303,54.972048,On or near BYWELL STREET,E01008302,Newcastle upon Tyne 026B,Suspect charged
3d1c709d6fac4a8b4fa07ad988001660a08abad7952eadeae750785fb8c881e4,2021-05,Northumbria Police,Northumbria Police,-1.497619,54.864001,On or near HUNTER STREET,E01008793,Sunderland 030A,Investigation complete; no suspect identified
14970092046b6ccbaa68eef506a9c23104ee4f60e78dd659319fe26d2cf38110,2021-05,Northumbria Police,Northumbria Police,-1.387978,54.903462,On or near ALBION PLACE,E01008831,Sunderland 013D,Investigation complete; no suspect identified
66518bd54f8b0cc5b6bafeec4d0ec661cb169fe8e59d8ef0b1706cdc8f44af11,2021-05,Northumbria Police,Northumbria Police,-1.380861,54.904881,On or near Further/Higher Educational Building,E01008703,Sunderland 013B,Investigation complete; no suspect identified
0aff6ec7af32624206d842a113421c5e37d80064a72d04ab73344da9adbdbca7,2021-05,Northumbria Police,Northumbria Police,-1.570620,54.974481,On or near BOTHAL STREET,E01008302,Newcastle upon Tyne 026B,Investigation complete; no suspect identified
c590a4653a8f75ae6a42f83c4ecb625676cc393e86ea0bcfab6431fd315e511e,2021-05,Northumbria Police,Northumbria Police,-1.614445,54.974044,On or near BLACKETT STREET,E01008397,Newcastle upon Tyne 024C,Investigation complete; no suspect identified
ef054c8baa4de175d8b5a7ca607d5139b6429f74e775b03f792c94dfc8e5a61a,2021-05,Northumbria Police,Northumbria Police,-1.606330,55.003573,On or near DENE VIEW,E01008422,Newcastle upon Tyne 005E,Investigation complete; no suspect identified
d2e4f63574a62cdd3c9fafc16d09bf5cf9af1acdc81cdeeb405d9a419bbcbd38,2021-05,Northumbria Police,Northumbria Police,-1.558724,54.978069,On or near LOWNDS TERRACE,E01008391,Newcastle upon Tyne 026E,Investigation complete; no suspect identified
0d9ab01616010c1ed27b46f3026f8b646c9ad61a9a76ab0cbe2e98aa10e64e1c,2021-05,Northumbria Police,Northumbria Police,-1.646526,54.967815,On or near CHESTERFIELD ROAD,E01008437,Newcastle upon Tyne 029F,Offender given a caution
0d9ab01616010c1ed27b46f3026f8b646c9ad61a9a76ab0cbe2e98aa10e64e1c,2021-05,Northumbria Police,Northumbria Police,-1.646526,54.967815,On or near CHESTERFIELD ROAD,E01008437,Newcastle upon Tyne 029F,Offender given a caution
1c2e023aeb236cc08583acc28239ba282fe10f7307de3dce9ed172a982070e14,2021-05,Northumbria Police,Northumbria Police,-1.406652,54.978312,On or near SUMMERHILL ROAD,E01008635,South Tyneside 006A,Investigation complete; no suspect identified
cdff7f7ed5f9205d1c11471e4ef3604023ce2c9341b93be635bc90ae2e3c8587,2021-05,Northumbria Police,Northumbria Police,-1.592265,54.947489,On or near OLD DURHAM ROAD,E01008205,Gateshead 028C,Investigation complete; no suspect identified
1731096039b3e363881f0c3260a21a0abb29a33108e7afc017068d61bf641b93,2021-05,Northumbria Police,Northumbria Police,-1.614223,54.974393,On or near ELDON LANE,E01008397,Newcastle upon Tyne 024C,Suspect charged
1731096039b3e363881f0c3260a21a0abb29a33108e7afc017068d61bf641b93,2021-05,Northumbria Police,Northumbria Police,-1.614223,54.974393,On or near ELDON LANE,E01008397,Newcastle upon Tyne 024C,Investigation complete; no suspect identified
1731096039b3e363881f0c3260a21a0abb29a33108e7afc017068d61bf641b93,2021-05,Northumbria Police,Northumbria Police,-1.614223,54.974393,On or near ELDON LANE,E01008397,Newcastle upon Tyne 024C,Offender given penalty notice
656739686a468ad02d453672ef95fbc5268b1b0fd23a59f20975cddc1cfcae2d,2021-05,Northumbria Police,Northumbria Police,-1.410632,54.972230,On or near SUNDERLAND ROAD,E01008634,South Tyneside 008B,Investigation complete; no suspect identified
e0402a9352cea64ec9f96ec957d215f5978e4412552fc797725c6d2260568487,2021-05,Northumbria Police,Northumbria Police,-1.692421,55.406012,On or near SOUTH ROAD,E01027358,Northumberland 005A,Investigation complete; no suspect identified
c9232c747fd8712b44bd10e7a310e6a3a35e00234ba25463ab90f0cceffed119,2021-05,Northumbria Police,Northumbria Police,-1.522174,55.069285,On or near ELSDON AVENUE,E01027432,Northumberland 032A,Investigation complete; no suspect identified
e8fa8d049214104c251c746ae26007daa350e83131d57f99dc93376007941703,2021-05,Northumbria Police,Northumbria Police,-1.477301,54.996591,On or near ST STEPHEN'S WAY,E01008540,North Tyneside 027B,Investigation complete; no suspect identified
ce46049a62435f8836a92c0c234fbb04384015d407ce5d8d87d470f7114050b1,2021-05,Northumbria Police,Northumbria Police,-1.539570,54.890498,On or near Parking Area,E01008870,Sunderland 020D,Investigation complete; no suspect identified
7bf2b2ed35efdad254809cc55eb2cf7a3ea704d7dd13c983cb6b6693ccb6888c,2021-05,Northumbria Police,Northumbria Police,-1.902560,55.550225,On or near Sports/Recreation Area,E01027375,Northumberland 003B,Investigation complete; no suspect identified
eede52fbef177d5e41af2d24c0838cd8d8d3b5837dbb0fff4e3dca2021dec173,2021-05,Northumbria Police,Northumbria Police,-1.525191,54.992986,On or near WESTMORELAND STREET,E01008572,North Tyneside 029A,Investigation complete; no suspect identified
b4ef30f33fa67b63128401037a7d11262c4c01fd05a1999d25f59411b3b8837c,2021-05,Northumbria Police,Northumbria Police,-1.592919,54.943070,On or near EVISTONES ROAD,E01008237,Gateshead 016D,Investigation complete; no suspect identified
bb98d8db2fdc88f9b3020103c0689e2656062718447d284d9777d9cc060a4e30,2021-05,Northumbria Police,Northumbria Police,-1.653518,54.970252,On or near AXBRIDGE GARDENS,E01008335,Newcastle upon Tyne 029E,Investigation complete; no suspect identified
720e9ff4b262b46f1e4b3601ffe05d7136932e2167ff893d135ec08f3c07f802,2021-05,Northumbria Police,Northumbria Police,-1.568190,54.976755,On or near TUNSTALL AVENUE,E01008392,Newcastle upon Tyne 026F,Offender given a caution
515b3ab307a0ed83401c133938f0aea7110ee1f6e6f9afdb324a23b2fe2722b8,2021-05,Northumbria Police,Northumbria Police,-1.589041,54.946705,On or near BROWNSEA PLACE,E01008205,Gateshead 028C,Investigation complete; no suspect identified
dd303dc2a69a9af4c78dbd5b8edca73323e34bd237c952c0f8cedb6d7fee3de1,2021-05,Northumbria Police,Northumbria Police,-1.380433,54.928711,On or near LEE STREET,E01008727,Sunderland 002C,Investigation complete; no suspect identified
7842714ec709b59e0dc6f91c9a2563e6792fa03f7b4c535d01dc4bd366276f36,2021-05,Northumbria Police,Northumbria Police,-1.588119,54.920803,On or near ST RONANS VIEW,E01008190,Gateshead 023B,Investigation complete; no suspect identified
08e1cdfff55f9c116f49b310225ec4555c89b098596b07ade863b7461e9f00c0,2021-05,Northumbria Police,Northumbria Police,-1.448220,55.005098,On or near TRINITY STREET,E01008544,North Tyneside 027D,Investigation complete; no suspect identified
3bb56aea770369c4c0a81c3de56e50b620fad0d3a673e9dadf8d91f87af4ccd6,2021-05,Northumbria Police,Northumbria Police,-1.690683,54.990131,On or near CORSENSIDE,E01008327,Newcastle upon Tyne 015D,Investigation complete; no suspect identified
d52f1a933482facfbb6815ec413421b2323eca3023fc4d701a31e1bc4b20b7e3,2021-05,Northumbria Police,Northumbria Police,-1.459245,55.002578,On or near EPSOM CLOSE,E01008545,North Tyneside 027E,Investigation complete; no suspect identified
08803818588c632fa9011ea61fe078616cb7809378a585afc4470c8e58ef5570,2021-05,Northumbria Police,Northumbria Police,-1.466406,55.042535,On or near HIGHBURY,E01008520,North Tyneside 003A,Investigation complete; no suspect identified
663a873037212ef6eba86ed1f2ae9ef5420ddadd268aa80946b2f0b0f13269b4,2021-05,Northumbria Police,Northumbria Police,-1.384684,54.905782,On or near Parking Area,E01008703,Sunderland 013B,Investigation complete; no suspect identified
84ef003244bdd80d94d6227be2a60fd31d1ec253fee92d2da5037d6e307b7bb6,2021-05,Northumbria Police,Northumbria Police,-1.549114,54.985151,On or near COURTFIELD ROAD,E01008435,Newcastle upon Tyne 020E,Investigation complete; no suspect identified
7be7d32bdee4f699d4419535e65ff6ff4954da5fa3a6ee79b43a5f681f14ecd9,2021-05,Northumbria Police,Northumbria Police,-1.554497,55.126945,On or near Supermarket,E01027425,Northumberland 025A,Investigation complete; no suspect identified
e4b41fb9702db2e28c77a45f933573ef6558e19613e5a90df258ae6f66a99c01,2021-05,Northumbria Police,Northumbria Police,-1.515748,54.972406,On or near PARK ROAD,E01008641,South Tyneside 010C,Investigation complete; no suspect identified
5e126e47a1a962d7b4bc32a5393409898e31dc81c3b7f35e5936fd9fccc5ed98,2021-05,Northumbria Police,Northumbria Police,-1.553438,54.979901,On or near KENTMERE AVENUE,E01008432,Newcastle upon Tyne 026G,Investigation complete; no suspect identified
a16ed682936714a50c4f5038801b8b95e7263157820727e90916db219c6a0807,2021-05,Northumbria Police,Northumbria Police,-2.101383,54.971934,On or near BACK ROW,E01027476,Northumberland 035A,Investigation complete; no suspect identified
269510f8326b0c60b0226c36b41332d7870a56236a4f4723272a54e0d3f12d33,2021-05,Northumbria Police,Northumbria Police,-1.616721,54.974644,On or near Shopping Area,E01008397,Newcastle upon Tyne 024C,Investigation complete; no suspect identified
1f564fce4f7f10aba60442c18bb4f5752535c4e86e4b256413959ebfa1a6c4f9,2021-05,Northumbria Police,Northumbria Police,-1.584226,54.976182,On or near CLIFFORD STREET,E01008304,Newcastle upon Tyne 026C,Investigation complete; no suspect identified
7595fd7baa55a5a93af321113fc90bfc7bff051cf3dd5e9384ee340e629b5074,2021-05,Northumbria Police,Northumbria Police,-1.563067,54.983863,On or near Bus/Coach Station,E01008392,Newcastle upon Tyne 026F,Investigation complete; no suspect identified
c5efd78338998595b45a70d97806b2c84347cbbd70f8f94703759974d5f877a1,2021-05,Northumbria Police,Northumbria Police,-1.436796,54.926559,On or near RANNOCH ROAD,E01008839,Sunderland 003D,Investigation complete; no suspect identified
a236885146f8820840c1fd1f653272ca63697f5c91a409d52c06d7967dcf578b,2021-05,Northumbria Police,Northumbria Police,-1.564814,55.014485,On or near NORTH AVENUE,E01008473,North Tyneside 018C,Investigation complete; no suspect identified
7388e2a993bf9f56876bd423a9c45450d8d6d6574c231d771aace439ef62b511,2021-05,Northumbria Police,Northumbria Police,-1.612959,54.972619,On or near Nightclub,E01033543,Newcastle upon Tyne 024G,Investigation complete; no suspect identified
3e92e83aeee9702b4d53cf570f54a4fdb1355eb8f155a3df8460c3f109cb6b3d,2021-05,Northumbria Police,Northumbria Police,-1.503952,55.010586,On or near MIDDLE ENGINE LANE,E01008468,North Tyneside 021D,Suspect charged
e0e62cb0ca11463b084358c650cf07d248b2e0fc65199beb6d6f7e5e3a81bc35,2021-05,Northumbria Police,Northumbria Police,-1.611983,54.973470,On or near HOOD STREET,E01033543,Newcastle upon Tyne 024G,Investigation complete; no suspect identified
29a0a82d061fecf984c5ee71b5d9ff0ed6db46c96e02af7668560b302552414d,2021-05,Northumbria Police,Northumbria Police,-1.384708,54.928715,On or near PRINCE GEORGE AVENUE,E01008722,Sunderland 001B,Investigation complete; no suspect identified
1014a6d0f4e3521c1350575b76d6377313c74c9dc7479f58985e25bd08cda4a4,2021-05,Northumbria Police,Northumbria Police,-1.377618,54.904847,On or near BOROUGH ROAD,E01008836,Sunderland 016F,Investigation complete; no suspect identified
36542f4e3956599ebfbbcd070ed441d0600b6dc3ac0ed08c66c06c7d6e5adc54,2021-05,Northumbria Police,Northumbria Police,-1.386805,54.906817,On or near CROWTREE ROAD,E01008703,Sunderland 013B,Investigation complete; no suspect identified
18645f15462a591b76e78100e84b559a960a661d6f9bdd4bb7075f3ee1389752,2021-05,Northumbria Police,Northumbria Police,-1.566489,55.021527,On or near STATION ROAD NORTH,E01008470,North Tyneside 014A,Investigation complete; no suspect identified
13d06c911704c2a0662c0104136a588809e3cf43fccde5c6a078974f48d68f31,2021-05,Northumbria Police,Northumbria Police,-1.422292,54.984876,On or near GROSVENOR MEWS,E01008673,South Tyneside 003A,Investigation complete; no suspect identified
61b1677457c3d8e80ed56d3369ba442a74ae406467d57170dcef314fc69f7d23,2021-05,Northumbria Police,Northumbria Police,-1.679872,54.987704,On or near WASDALE ROAD,E01008345,Newcastle upon Tyne 019C,Investigation complete; no suspect identified
a09c1fbb2fd639e668ccda5e7555e72bab3966a7f26b0f78548de1492f708f60,2021-05,Northumbria Police,Northumbria Police,-1.422369,54.903217,On or near FORDHAM SQUARE,E01008756,Sunderland 012A,Investigation complete; no suspect identified
aca168ddffcea1fc178f83993ffb9156b2af5899ed4f9a3890e5d980195a6f27,2021-05,Northumbria Police,Northumbria Police,-1.667884,55.010712,On or near Shopping Area,E01008294,Newcastle upon Tyne 001A,Investigation complete; no suspect identified
4bc120b435868d49df119b4062cc9fb8f38f70ce3ff2eaad5817d61f20e02857,2021-05,Northumbria Police,Northumbria Police,-1.484427,54.936952,On or near WEST PASTURES,E01008629,South Tyneside 020C,Investigation complete; no suspect identified
8612b7aed5ef2dc701594db32628b529259c6d0e51ad87623b394d332edf1480,2021-05,Northumbria Police,Northumbria Police,-1.611727,55.299068,On or near THE PARKS,E01027444,Northumberland 008B,Investigation complete; no suspect identified
d810ec34c485796f28e091c6b72203bb08c602e11d03d1b750415ab05987eec5,2021-05,Northumbria Police,Northumbria Police,-1.438055,54.882109,On or near TAMWORTH SQUARE,E01008823,Sunderland 023A,Investigation complete; no suspect identified
1a8ef580e823f579b2a13baa7934b00d624af2bd8d7b603a573696390d06f071,2021-05,Northumbria Police,Northumbria Police,-1.456389,54.967473,On or near DAME FLORA ROBSON AVENUE,E01008670,South Tyneside 014D,Investigation complete; no suspect identified
4b391046a17952bb357db60e76fc6345cee751912c0e4a33cb5953ec27ef4ba2,2021-05,Northumbria Police,Northumbria Police,-1.486655,55.023050,On or near GUISBOROUGH DRIVE,E01008488,North Tyneside 015A,Investigation complete; no suspect identified
9ae893b29d2103f87bad6ffc50aad1c8f42c23ed90d1fd5903e6e0bc7a19eb05,2021-05,Northumbria Police,Northumbria Police,-1.580166,55.088271,On or near B1326,E01027409,Northumberland 029B,Suspect charged
ecd968b125dbf1d203eb4d20c00414b76dabb2b6f7daf38c9a980cd8e4c2d927,2021-05,Northumbria Police,Northumbria Police,-1.448887,55.010026,On or near BEDFORD STREET,E01008524,North Tyneside 022B,Investigation complete; no suspect identified
503dd39ada5916163a2ac46435ed5cedb3a57eb627795a755bfa83f8cd131578,2021-05,Northumbria Police,Northumbria Police,-1.404955,54.967368,On or near PARKSHIEL,E01008622,South Tyneside 013A,Investigation complete; no suspect identified
90690a297ed063534be75e3572067a784508067837ba8cabe9e6dc23a528499b,2021-05,Northumbria Police,Northumbria Police,-1.491223,54.982218,On or near Parking Area,E01008604,South Tyneside 007B,Investigation complete; no suspect identified
370031a9eed722f9b253f717d9916b11fd903b59c22ababeab26f3a3fd2624fa,2021-05,Northumbria Police,Northumbria Police,-1.572143,54.957610,On or near GEORGE SMITH GARDENS,E01008214,Gateshead 003A,Investigation complete; no suspect identified
7976adca046cf12d6c6b9470600c6b86cbbf5e9fe22e632b4472185020a8b862,2021-05,Northumbria Police,Northumbria Police,-1.603258,55.159562,On or near FRONT STREET,E01027534,Northumberland 017C,Investigation complete; no suspect identified
c7015fd88b5249aed8c8f2e296feeaf289c07efc35a8fb148fb5a98e2a4a9064,2021-05,Northumbria Police,Northumbria Police,-1.367932,54.924819,On or near RAVINE TERRACE,E01008792,Sunderland 002E,Investigation complete; no suspect identified
3d944138f68d28d6f52d55b2bf38c62260372f670e6954c8b77bd4979ea20b8d,2021-05,Northumbria Police,Northumbria Police,-1.534365,54.898368,On or near Parking Area,E01008848,Sunderland 019C,Investigation complete; no suspect identified
875fb4b16cd07a265aff494f46f5bf76491fa582e38be2a6c74c08f9e626d4c1,2021-05,Northumbria Police,Northumbria Police,-1.629495,54.951400,On or near A1114,E01008259,Gateshead 007D,Investigation complete; no suspect identified
1fce8a97515c631a02ea345f1e39a17521a52f73ce1cc90417dbb2bd6160754a,2021-05,Northumbria Police,Northumbria Police,-1.665600,55.018281,On or near BRUNTON LANE,E01008311,Newcastle upon Tyne 001E,Investigation complete; no suspect identified
5d7eccf0a361b6e0be1fa1adcd1573daca14bc6ea7955ec42897eeee2397e799,2021-05,Northumbria Police,Northumbria Police,-1.674713,54.991770,On or near FULWELL GREEN,E01008299,Newcastle upon Tyne 011D,Investigation complete; no suspect identified
4eb887e69848dc6ad9ee0b81098f6c0a098dedb3521884195d17cae2ce5361f1,2021-05,Northumbria Police,Northumbria Police,-1.383341,54.907887,On or near Shopping Area,E01008703,Sunderland 013B,Investigation complete; no suspect identified
0ac96984451045bcb74c69327c7361bfc2a8150542c210213ffc986b5977ed24,2021-05,Northumbria Police,Northumbria Police,-1.434635,54.986102,On or near EGLESFIELD ROAD,E01008664,South Tyneside 002A,Investigation complete; no suspect identified
c70e87e7cd832f68e1d6dd1d861f4e300bf7fba24b3b782c07b8ed576ec57c51,2021-05,Northumbria Police,Northumbria Police,-1.605343,54.973502,On or near TRAFALGAR STREET,E01033553,Newcastle upon Tyne 023H,Investigation complete; no suspect identified
3dae1dcfab6006be4310e6dd799bcff01f8e31c887e6d74ec4ef376d7908e8c8,2021-05,Northumbria Police,Northumbria Police,-1.647899,55.180358,On or near PEGSWOOD PRECINCT,E01027462,Northumberland 011B,Investigation complete; no suspect identified
1e2c0f13976b700a933e88dcd3849370f1df0578298415951f8ca2cc4c00d5f5,2021-05,Northumbria Police,Northumbria Police,-1.428010,54.867207,On or near MORPETH DRIVE,E01008808,Sunderland 029E,Investigation complete; no suspect identified
9c48ab7cdf1a3131d33a6cd341dafa736c3e2142a4487d8f8be4f52ba0c3abcf,2021-05,Northumbria Police,Northumbria Police,-1.617241,54.969164,On or near NEVILLE STREET,E01033545,Newcastle upon Tyne 024H,Suspect charged
bae2057449410274a7b4927210a2af3ede6c0e19be9ecbf2e468d980149aab0c,2021-05,Northumbria Police,Northumbria Police,-1.642293,54.973032,On or near LYNNWOOD TERRACE,E01008331,Newcastle upon Tyne 029A,Investigation complete; no suspect identified
56af81d00f15e279cdfa07082e956d207283b9be996c4694abdf821b8aa7d682,2021-05,Northumbria Police,Northumbria Police,-1.373260,54.881118,On or near Supermarket,E01008780,Sunderland 024D,Investigation complete; no suspect identified
1d11b942e5bf022f8107080e9f25d64b00121321d0036c6071a5d3d78e3590e1,2021-05,Northumbria Police,Northumbria Police,-1.564107,54.975815,On or near BENSON ROAD,E01008392,Newcastle upon Tyne 026F,Investigation complete; no suspect identified
0718e40c71fab8dd59f46ffbf40f39d765881f494ab43f91d67ee4b02891c3fb,2021-05,Northumbria Police,Northumbria Police,-1.571115,55.178612,On or near CHILLINGHAM CRESCENT,E01027527,Northumberland 012D,Suspect charged
fda321618d37d45819a57e30e9564cb92e02962410ce52f7d195d24dc44da657,2021-05,Northumbria Police,Northumbria Police,-1.531994,55.109437,On or near HORTON PLACE,E01027426,Northumberland 025B,Investigation complete; no suspect identified
d54ef85c08a3dc3c3f54bd9c65aef884aaafef157e220583c3bd66ac14713646,2021-05,Northumbria Police,Northumbria Police,-1.570416,54.952608,On or near Parking Area,E01008212,Gateshead 012A,Suspect charged
d2e5862815e2f0c02de4d523a0cd472a2f3951480986d066a6fa81b90e4d20f1,2021-05,Northumbria Police,Northumbria Police,-1.519015,54.964412,On or near JOHNSTON AVENUE,E01008643,South Tyneside 015A,Suspect charged
099b207adbba56f56c5a81b61eebc1cb6440fe1816ad18591be4890c040b3a01,2021-05,Northumbria Police,Northumbria Police,-1.608649,54.957994,On or near COATSWORTH COURT,E01008167,Gateshead 008A,Investigation complete; no suspect identified
640060ab65fb9fedcc992c876e4fc5a90aadf6563dd395f417573172923d249a,2021-05,Northumbria Police,Northumbria Police,-1.455429,54.925269,On or near CLOVELLY ROAD,E01008698,Sunderland 003A,Investigation complete; no suspect identified
e8b429cd718dee1e7bc405c2518a70b0e0ab5707db9cc3030cfb1555e99b064d,2021-05,Northumbria Police,Northumbria Police,-1.477301,54.996591,On or near ST STEPHEN'S WAY,E01008540,North Tyneside 027B,Investigation complete; no suspect identified
94b05a3717948f7dab491e3de74e56d46b9550f9cafad0070e2c9aad6b3d12a9,2021-05,Northumbria Police,Northumbria Police,-1.607747,54.968900,On or near SANDHILL,E01033543,Newcastle upon Tyne 024G,Investigation complete; no suspect identified
8c75c5e50af6690f5a8d90762fd6fa964ee172f56b171c6758561f422933aafe,2021-05,Northumbria Police,Northumbria Police,-1.515188,55.184719,On or near ARGYLE TERRACE,E01027541,Northumberland 009A,Investigation complete; no suspect identified
9d32092ec24a12a7b6d34e459254e2ec304dcd675023c30cb47b044d201e8e5e,2021-05,Northumbria Police,Northumbria Police,-2.088523,54.970003,On or near DENE PARK,E01027493,Northumberland 035F,Investigation complete; no suspect identified
474837cd2421f34ac7ae10aa78da37a08f2a5fa51a450d63d17a1c1b5aada24b,2021-05,Northumbria Police,Northumbria Police,-1.615704,55.007503,On or near CHURCH ROAD,E01008354,Newcastle upon Tyne 005B,Investigation complete; no suspect identified
55ac2cc32a0981d5d1b5e19f23916e00288c8fd01a53bb0265b7030d1fb4d02f,2021-05,Northumbria Police,Northumbria Police,-2.002413,55.774444,On or near LORD'S MOUNT,E01027377,Northumberland 001B,Investigation complete; no suspect identified
4d18b83bcbb3a3e616638aeb4284d32b338464bf103a5ab566ed4094f8afdfb8,2021-05,Northumbria Police,Northumbria Police,-1.402941,54.919856,On or near SUNDERLAND ROAD,E01033075,Sunderland 005G,Investigation complete; no suspect identified
e3e7f365760350d493ed1542179488d23c93a6596662d86de0759c8dad1ee064,2021-05,Northumbria Police,Northumbria Police,-1.596295,55.011206,On or near WEST FARM WYND,E01008513,North Tyneside 019C,Investigation complete; no suspect identified
f03ecdfc975ea3e7edbdd1fa87476a437691266b15689eb8c3b27d14b48ca5bb,2021-05,Northumbria Police,Northumbria Police,-1.500021,54.863796,On or near LARKFIELD CRESCENT,E01008797,Sunderland 030C,Investigation complete; no suspect identified
d4f4dd7f046a83ef5f2f2620496ae238726d2c2990db9e342922eaf4f009ed4b,2021-05,Northumbria Police,Northumbria Police,-1.381061,54.908127,On or near BEDFORD STREET,E01008703,Sunderland 013B,Investigation complete; no suspect identified
12e4af459ccf74dfd90dcc860a9205533b2a16d738487f5269d276bf1ac624aa,2021-05,Northumbria Police,Northumbria Police,-1.584226,54.976182,On or near CLIFFORD STREET,E01008304,Newcastle upon Tyne 026C,Investigation complete; no suspect identified
22fdda5ac2455205afc7af42cc27f6170cb6b5b44e75baf1598e44a77b51a760,2021-05,Northumbria Police,Northumbria Police,-1.548974,55.185640,On or near ST CHRISTOPHERS CLOSE,E01027540,Northumberland 013B,Investigation complete; no suspect identified
9555880e42fdc119b2e5dd1ee69fed9d9bc2a4952553628fbe7255f1c8cda03a,2021-05,Northumbria Police,Northumbria Police,-1.529189,55.111996,On or near PLESSEY ROAD,E01027427,Northumberland 025C,Investigation complete; no suspect identified
9555880e42fdc119b2e5dd1ee69fed9d9bc2a4952553628fbe7255f1c8cda03a,2021-05,Northumbria Police,Northumbria Police,-1.529189,55.111996,On or near PLESSEY ROAD,E01027427,Northumberland 025C,Investigation complete; no suspect identified
53eb3f6f904fcdf8586b7ef13f632b5a0cf5f52afd00973f64724e36e1a6c628,2021-05,Northumbria Police,Northumbria Police,-1.589901,54.974233,On or near Shopping Area,E01008304,Newcastle upon Tyne 026C,Investigation complete; no suspect identified
8b3f9fbdb04a400b0225741de0ca5eab9cefac44d89fa293e06e8fdda0b24d31,2021-05,Northumbria Police,Northumbria Police,-1.458584,54.815729,On or near ESKDALE STREET,E01008743,Sunderland 036A,Investigation complete; no suspect identified
bc22a353a923bafea1b0c13840f5fd7cb6323e65954560afcdc7d18c503d208a,2021-05,Northumbria Police,Northumbria Police,-1.620304,54.967349,On or near Nightclub,E01033545,Newcastle upon Tyne 024H,Suspect charged
ffe906b22f0be5918fc7d24d6d7bd7bae4a5233c0911697f91d3dcd111c483b1,2021-05,Northumbria Police,Northumbria Police,-1.365067,54.875828,On or near QUEEN STREET,E01008764,Sunderland 028B,Investigation complete; no suspect identified
c4b507e533ba70a27f10f95d48734636a8c73edceee3b8d0745a9f82bbd62b40,2021-05,Northumbria Police,Northumbria Police,-1.618661,54.969402,On or near THOMAS BEWICK SQUARE,E01033545,Newcastle upon Tyne 024H,Investigation complete; no suspect identified
c4b507e533ba70a27f10f95d48734636a8c73edceee3b8d0745a9f82bbd62b40,2021-05,Northumbria Police,Northumbria Police,-1.618661,54.969402,On or near THOMAS BEWICK SQUARE,E01033545,Newcastle upon Tyne 024H,Suspect charged
f469b8d93b415edaf477e7691fee3d8de0a6754c78eb08650a14f1c572234c88,2021-05,Northumbria Police,Northumbria Police,-1.604744,54.989927,On or near OSBORNE ROAD,E01008367,Newcastle upon Tyne 017A,Investigation complete; no suspect identified
77c41b7640596dd36807055d434e30b728261723519d9e7e2bfc4fdbdb5493a8,2021-05,Northumbria Police,Northumbria Police,-1.697251,55.163992,On or near CLARKS FIELD,E01033718,Northumberland 016F,Investigation complete; no suspect identified
c537ec727da52e3d40e512aaae784111d2a39d4ca121faad4cbc59b56a5f72e9,2021-05,Northumbria Police,Northumbria Police,-1.699430,54.957344,On or near WESTERN WAY,E01008181,Gateshead 005C,Investigation complete; no suspect identified
c9c341c0322de564fac6611d1c9cdca94be3f803790dec8155c54bb1e96ca9a1,2021-05,Northumbria Police,Northumbria Police,-1.481907,54.971557,On or near CASTLETON ROAD,E01008663,South Tyneside 017E,Investigation complete; no suspect identified
c97615ed1cdcc5d8caa37e59ac93a3932eedefd52b76035801276f1d1fdda7de,2021-05,Northumbria Police,Northumbria Police,-1.451552,54.821332,On or near PEMBERTON STREET,E01008742,Sunderland 035C,Investigation complete; no suspect identified
0bd10f04306a0f2c80011fdecc2ac5d72e3dce53cee336fccf7583c6238d4020,2021-05,Northumbria Police,Northumbria Police,-1.587642,54.924828,On or near GREYSTOKE GARDENS,E01008192,Gateshead 023D,Investigation complete; no suspect identified
d1a5d5397785c5e5607228ef9f765f5b2acfafcf0bc8d8980bc47d7b257221aa,2021-05,Northumbria Police,Northumbria Police,-1.446740,55.007033,On or near SAVILLE STREET WEST,E01008524,North Tyneside 022B,Investigation complete; no suspect identified
ce6ca3911138d0fd07b250f73ae615f836e68120ba7fc5e974eb06c84af3440b,2021-05,Northumbria Police,Northumbria Police,-1.697251,55.163992,On or near CLARKS FIELD,E01033718,Northumberland 016F,Investigation complete; no suspect identified
7c31470e9b28509fac92b8274c48a33394173a4c76f0e09e79b51010160c00e0,2021-05,Northumbria Police,Northumbria Police,-1.491654,55.024743,On or near GREENLEA,E01008488,North Tyneside 015A,Investigation complete; no suspect identified
9da29710d577cae857aaa8ffac26502a1cac42556f9fecdb4c5a88efc4c45d0f,2021-05,Northumbria Police,Northumbria Police,-1.656873,54.976148,On or near WEST ROAD,E01008334,Newcastle upon Tyne 029D,Investigation complete; no suspect identified
6622dbc54b73d3ff40c693a015f91b4c31793a39b2a66bb94b7d28f589cd7dea,2021-05,Northumbria Police,Northumbria Police,-1.710690,54.976827,On or near SUGLEY STREET,E01008385,Newcastle upon Tyne 021E,Investigation complete; no suspect identified
1b478d7148d4102e8994bf27b4eed6197e1f106e1a5a10eb3deb814e3af25a52,2021-05,Northumbria Police,Northumbria Police,-1.696610,54.987657,On or near THORNLEY ROAD,E01008330,Newcastle upon Tyne 015G,Investigation complete; no suspect identified
4d1e04631402410da4d8d3616727fe16e9902b8320e3a7835b1e72cc4c4062f4,2021-05,Northumbria Police,Northumbria Police,-1.373260,54.881118,On or near Supermarket,E01008780,Sunderland 024D,Investigation complete; no suspect identified
c3ad0fe5d5b92758f27586b5ab1d7c944da1507671234387061a36b235e69812,2021-05,Northumbria Police,Northumbria Police,-1.668299,54.985022,On or near RUDCHESTER PLACE,E01008347,Newcastle upon Tyne 019E,Investigation complete; no suspect identified
ff4bf0f89efc30eaf2bf9afcef156a08365cca056cae140b670c03650ea80c9f,2021-05,Northumbria Police,Northumbria Police,-1.368458,54.899156,On or near NOBLE TERRACE,E01008736,Sunderland 016C,Investigation complete; no suspect identified
3cbf0fe9ecb99c322a49ee1c80f71a80d5432f8262dbb1c7aa84615979e9fd15,2021-05,Northumbria Police,Northumbria Police,-1.551259,54.970754,On or near SCROGG ROAD,E01008428,Newcastle upon Tyne 030D,Investigation complete; no suspect identified
d7dbc2611fec022e1899a3a9dfaf35992797d4f03b9ef6fbb4528ab570870a0b,2021-05,Northumbria Police,Northumbria Police,-1.610716,55.085083,On or near EASTBOURNE GARDENS,E01027412,Northumberland 029D,Investigation complete; no suspect identified
325a112f56b31cc8df56680c744fd0ff084badcffe4ea99555c45143e20f7f38,2021-05,Northumbria Police,Northumbria Police,-1.687098,54.998955,On or near Petrol Station,E01008445,Newcastle upon Tyne 031D,Investigation complete; no suspect identified
5669c9cfe2dcefa0e45a22df969c248a866b12b3454e45f12aba09fe8327cec2,2021-05,Northumbria Police,Northumbria Police,-1.524472,54.961180,On or near ST JOSEPH'S COURT,E01008643,South Tyneside 015A,Investigation complete; no suspect identified
3dc05ede0b7173703931f36e69178891018391d43602557832f8a3bdb2d69051,2021-05,Northumbria Police,Northumbria Police,-1.611524,55.009674,On or near ROTHLEY CLOSE,E01008354,Newcastle upon Tyne 005B,Investigation complete; no suspect identified
7e93c3e5421d11a21bbee9c079108912a28af95b270f79fc310b3c9a7fef4c9d,2021-05,Northumbria Police,Northumbria Police,-1.436204,54.989030,On or near LAYGATE,E01008666,South Tyneside 002C,Investigation complete; no suspect identified
8c89c30b9d38b7e3a93b6e55347cf5803e04cd440c71f4700da9dfbbf835db6e,2021-05,Northumbria Police,Northumbria Police,-1.457710,55.002769,On or near MINTON COURT,E01008545,North Tyneside 027E,Investigation complete; no suspect identified
3f16d438ba3009e2236939c8c89a153737b857df326e1d27881e03f8d51dbe81,2021-05,Northumbria Police,Northumbria Police,-1.746617,54.972800,On or near PRIMROSE GARDENS,E01008249,Gateshead 001D,Investigation complete; no suspect identified
1c82c87ef0fbaa378ec5dca7061e6d80095edabb1a3aa67a0daad28daaaaa3b1,2021-05,Northumbria Police,Northumbria Police,-1.582736,55.009848,On or near KNOWLE PLACE,E01032650,North Tyneside 019G,Investigation complete; no suspect identified
28772a587f016a71261973220aa5c263c1bd879cf9511680bf853e1ba8edbd96,2021-05,Northumbria Police,Northumbria Police,-1.745256,55.044722,On or near DUNSGREEN,E01027464,Northumberland 033A,Investigation complete; no suspect identified
acbc7af46f067cd1f9d3f47be8eeb50bfc0a5ddc9044106a66d09abd606094a3,2021-05,Northumbria Police,Northumbria Police,-1.628475,55.014615,On or near PARK AVENUE,E01008352,Newcastle upon Tyne 002C,Investigation complete; no suspect identified
acbc7af46f067cd1f9d3f47be8eeb50bfc0a5ddc9044106a66d09abd606094a3,2021-05,Northumbria Police,Northumbria Police,-1.628475,55.014615,On or near PARK AVENUE,E01008352,Newcastle upon Tyne 002C,Investigation complete; no suspect identified
8115f5d97484e683501b5a37b18f6678341c3235083376da820e385926773d0c,2021-05,Northumbria Police,Northumbria Police,-1.502844,54.976254,On or near ETON SQUARE,E01008655,South Tyneside 009E,Investigation complete; no suspect identified
68eb522504a53e5eb36b5c595e99062710cb00b29f08834a133bf4a174ec04a5,2021-05,Northumbria Police,Northumbria Police,-1.604498,54.970444,On or near PANDON,E01033553,Newcastle upon Tyne 023H,Investigation complete; no suspect identified
828b48a15a180bf9178e22a5ba638d6bbad7d51e514ffcf25259658208914e28,2021-05,Northumbria Police,Northumbria Police,-1.687098,54.998955,On or near Petrol Station,E01008445,Newcastle upon Tyne 031D,Investigation complete; no suspect identified
45d022797af495bc74c0fc89fea5f11879a70c9f854b5c4b8e848ba67e530cd5,2021-05,Northumbria Police,Northumbria Police,-1.480557,54.842380,On or near GREENWOOD AVENUE,E01008749,Sunderland 034E,Investigation complete; no suspect identified
ba23a018107f2dc1d7e9e79ddeab715263ab149441d2bc58732b23d990ee4de0,2021-05,Northumbria Police,Northumbria Police,-1.709384,54.962886,On or near GEORGE STREET,E01008177,Gateshead 005A,Investigation complete; no suspect identified
9c61996defede8f82432686d49e1cac1521dbbcce24ee60b8476ff27152143a8,2021-05,Northumbria Police,Northumbria Police,-1.473250,55.013557,On or near JULIET AVENUE,E01008492,North Tyneside 023E,Investigation complete; no suspect identified
049a73e370a1d344c15c90750fb59f8601f3886b1f7df7561b47634a0343865c,2021-05,Northumbria Police,Northumbria Police,-1.652380,54.975425,On or near WEST ROAD,E01008455,Newcastle upon Tyne 022G,Investigation complete; no suspect identified
c38f105adab878b62185607c2ea3d642f8af2b8ffe4321f6efa92bbbeb069eea,2021-05,Northumbria Police,Northumbria Police,-1.361243,54.876185,On or near LADOCK CLOSE,E01008764,Sunderland 028B,Investigation complete; no suspect identified
679bfad56e222f750ccf4dac825482317e2205bdb895b3761e507582d47b8ea5,2021-05,Northumbria Police,Northumbria Police,-1.609377,54.968276,On or near Nightclub,E01033543,Newcastle upon Tyne 024G,Offender given a caution
d4d69716ce800318918fa3e088489744eb933a54a218c4befeb7ec8f0a9c43cc,2021-05,Northumbria Police,Northumbria Police,-1.385155,54.906557,On or near Supermarket,E01008703,Sunderland 013B,Investigation complete; no suspect identified
24c95c25d12783e0d1852882bb2c19a5142f401c91e7fc0804abf1e6015bab6d,2021-05,Northumbria Police,Northumbria Police,-1.462486,54.948395,On or near Parking Area,E01008613,South Tyneside 021D,Investigation complete; no suspect identified
0f9526749cc47478ae8199047964aee450c1152291bb5e723a41ba5ea5675766,2021-05,Northumbria Police,Northumbria Police,-1.663694,54.997509,On or near PONTELAND ROAD,E01008377,Newcastle upon Tyne 008E,Investigation complete; no suspect identified
98a73a493adbee81fc3dd8306f67d8eb69d942f564112337482b7178ff361bf7,2021-05,Northumbria Police,Northumbria Police,-1.692830,54.938160,On or near Supermarket,E01008271,Gateshead 017D,Investigation complete; no suspect identified
219277a046780a89213b29965487e80dfbf29c4a92d896b23683591013a462cb,2021-05,Northumbria Police,Northumbria Police,-1.513258,54.979369,On or near MAKENDON STREET,E01008639,South Tyneside 009A,Investigation complete; no suspect identified
5ebd05bd81483693d95777f86a2b897e68afc7135ef82b938464e90c3fc17a77,2021-05,Northumbria Police,Northumbria Police,-1.601248,54.943672,On or near LITTLEDENE,E01008255,Gateshead 010E,Investigation complete; no suspect identified
72fdef17555b496ee54bbeb73b621a4181a9bea31767d1354be52b825d434431,2021-05,Northumbria Police,Northumbria Police,-1.517198,55.128879,On or near BEAUMONT STREET,E01027415,Northumberland 023B,Investigation complete; no suspect identified
29a0b9f9c7d5932462b49d5283c4514240007a6ab2534655eb4098906ecd0abc,2021-05,Northumbria Police,Northumbria Police,-1.590412,54.950089,On or near LAMBETH PLACE,E01008204,Gateshead 011D,Investigation complete; no suspect identified
1d155d07a94afe956c771279256c075acc09ab9d4f337814d1ca6a2c4160ea7c,2021-05,Northumbria Police,Northumbria Police,-1.562136,54.938649,On or near WESTFIELD,E01008229,Gateshead 018A,Investigation complete; no suspect identified
3f6193f524e26476bfe901a3a168dc7a00394ea1abcbbadd832db1492950aee3,2021-05,Northumbria Police,Northumbria Police,-1.450342,55.046588,On or near Parking Area,E01008586,North Tyneside 009E,Investigation complete; no suspect identified
84bf0531a612852f58767fbe104c5db503d4f14d827163ad103bcb4a84c7c2e9,2021-05,Northumbria Police,Northumbria Police,-1.374750,54.896655,On or near BEAUMONT STREET,E01008735,Sunderland 016B,Investigation complete; no suspect identified
1a32d2216071da11218f86c95f6b83c8e790e38b2e01b74f797a75ff4b9070c9,2021-05,Northumbria Police,Northumbria Police,-1.429211,54.894712,On or near Petrol Station,E01008758,Sunderland 015B,Investigation complete; no suspect identified
d0d151a8d189764b5a363546a7dbab88e4404fc1b47c7e8ed8e0d80e03289e94,2021-05,Northumbria Police,Northumbria Police,-1.560041,54.936171,On or near PLANESWAY,E01008233,Gateshead 018D,Investigation complete; no suspect identified
936d2f71a84adfa082423a03321a74b69ba9a3e10f8abc5742d7a7aa6f4a27b9,2021-05,Northumbria Police,Northumbria Police,-1.376129,54.899250,On or near ST LUCIA CLOSE,E01008735,Sunderland 016B,Investigation complete; no suspect identified
c18888b7a6caefcad5afd85aa6fe1f02532616c27f12a33279f0ff6608ea93ff,2021-05,Northumbria Police,Northumbria Police,-1.572551,55.016328,On or near RADSTOCK PLACE,E01008471,North Tyneside 019A,Investigation complete; no suspect identified
b7e72d692b56de27a3955036a9800b61aeebb0026fac2285512b3f5af6f3c49f,2021-05,Northumbria Police,Northumbria Police,-1.434122,55.019232,On or near MILL GROVE,E01008558,North Tyneside 016A,Investigation complete; no suspect identified
0efb6f5dcd837a46bdb9cd66339c9ed36e090b0014ebc0f79d888204f0390a54,2021-05,Northumbria Police,Northumbria Police,-1.557861,55.175905,On or near SIXTH AVENUE,E01027545,Northumberland 010D,Investigation complete; no suspect identified
6ed395573c44080afc4cdf3fb57aa28faa94455e2c22516f595f8ec51dc022c2,2021-05,Northumbria Police,Northumbria Police,-1.638802,54.972177,On or near KINGSLEY TERRACE,E01008331,Newcastle upon Tyne 029A,Investigation complete; no suspect identified
b5f4e4e5ae95cd645e1071a2aeee8fe80395149c9cf5dfc5b1f767e6bd4998d4,2021-05,Northumbria Police,Northumbria Police,-1.448540,54.904147,On or near Parking Area,E01008814,Sunderland 014D,Investigation complete; no suspect identified
fb043fba14136031f49a007106fff62873ea2f0ad9aa859de534f20da4a2ffbe,2021-05,Northumbria Police,Northumbria Police,-1.502206,54.858413,On or near LYTHAM GRANGE,E01008797,Sunderland 030C,Investigation complete; no suspect identified
e3c3d75828aee44f30fbdd0cf108e0a8cece359d2f73049a86240471b4e7194a,2021-05,Northumbria Police,Northumbria Police,-1.440731,54.808144,On or near BRICK GARTH,E01008744,Sunderland 036B,Investigation complete; no suspect identified
658f493358d7d6e9e5268dcbb512c3c1e111fabfd8372aa396bd54252dd7a840,2021-05,Northumbria Police,Northumbria Police,-1.591845,55.086010,On or near Supermarket,E01027409,Northumberland 029B,Investigation complete; no suspect identified
10c395388e216c5e71767c0457a2f793e1092e8221bb92252a817de26ba62701,2021-05,Northumbria Police,Northumbria Police,-1.742171,54.918199,On or near STIRLING LANE,E01008184,Gateshead 022A,Suspect charged
9982b34e5af510972301f9628b06b9e8e227ae30fda75b72e15b97975be15165,2021-05,Northumbria Police,Northumbria Police,-1.398248,54.922816,On or near COLDSTREAM AVENUE,E01033075,Sunderland 005G,Suspect charged
6e7826c458f0a23a701a808bf79e2d2376126ee32b4983cb86eb16542cb8de94,2021-05,Northumbria Police,Northumbria Police,-1.600219,54.962504,On or near NUNS LANE,E01008166,Gateshead 027C,Investigation complete; no suspect identified
c0f2d2d1ec9288e4aebd49c9ea9989aaba39e187d7619037dfae4ec5c9e8b937,2021-05,Northumbria Police,Northumbria Police,-1.571337,55.002584,On or near ST ASAPH CLOSE,E01008319,Newcastle upon Tyne 007B,Investigation complete; no suspect identified
f2605b6e110c5d62ed14b2595e5679311add5a5fed1dd1ee701384668d3bd452,2021-05,Northumbria Police,Northumbria Police,-1.621161,54.969293,On or near WATERLOO STREET,E01033554,Newcastle upon Tyne 024I,Investigation complete; no suspect identified
6b91f7bf75cd064cf26a7c9c0834ff8b4b3959644e7ef3865b797d198e3833a5,2021-05,Northumbria Police,Northumbria Police,-1.387036,54.900815,On or near ARGYLE STREET,E01008831,Sunderland 013D,Investigation complete; no suspect identified
3c787475d4e1100586ee464c0b05de813dccf31b77fa3bfd9dc7085c169b7cc5,2021-05,Northumbria Police,Northumbria Police,-1.412854,54.908698,On or near DUNCAN STREET,E01008701,Sunderland 011A,Investigation complete; no suspect identified
bd60c6a54fc34a2b4799faf84bdf06cd9416f9555539c133461dd44a0b26fdd2,2021-05,Northumbria Police,Northumbria Police,-1.384120,54.898751,On or near GORSE ROAD,E01008834,Sunderland 013E,Investigation complete; no suspect identified
d1ce4f23350120f9620d52c83f9628d16b6d8dbfe1c3ea36f208bb775054860d,2021-05,Northumbria Police,Northumbria Police,-1.547410,55.000502,On or near BEECHFIELD GARDENS,E01008533,North Tyneside 030A,Investigation complete; no suspect identified
4db24d3d943f4b310f3363970b4f61ec9d4e4ec284e7fd4630b26f4ee372802d,2021-05,Northumbria Police,Northumbria Police,-1.567854,54.948339,On or near CROWHALL LANE,E01008216,Gateshead 012C,Suspect charged
868ece35147123b1f6856c77092b2dd3218a06eea3a718c3174cb2205d404b3d,2021-05,Northumbria Police,Northumbria Police,-1.500985,55.007752,On or near TIVERTON CLOSE,E01008512,North Tyneside 026D,Investigation complete; no suspect identified
d41b8ab5f24eb0a5912dc6adaef701afa3c3967ab037e3d43e274dff35834f67,2021-05,Northumbria Police,Northumbria Police,-1.648755,54.814055,On or near NORBURN LANE,E01020680,County Durham 026B,Investigation complete; no suspect identified
a4f75a5d23b8d4d146e7d0b5917c3ace08a15eef2d0d041dbfe029424ba38d10,2021-05,Northumbria Police,Northumbria Police,-1.592547,54.950446,On or near DECKHAM TERRACE,E01008203,Gateshead 028B,Investigation complete; no suspect identified
71d15109e97740c3769d3f5db9ee3e699125ed7370eaf3895c2be7d2b2fb6068,2021-05,Northumbria Police,Northumbria Police,-1.434985,54.971186,On or near BROWNTOP PLACE,E01008590,South Tyneside 011A,Investigation complete; no suspect identified
599e3f37f4c2c80a1a1fd0c427b8cfafdda89b853cf04d19961d1a206e16ee03,2021-05,Northumbria Police,Northumbria Police,-1.596038,54.986933,On or near DEUCHAR STREET,E01008367,Newcastle upon Tyne 017A,Investigation complete; no suspect identified
6628b132b64a56f5733f360df03fee791e401b88013a44c2dfb2c2dcba40b444,2021-05,Northumbria Police,Northumbria Police,-1.487326,54.961856,On or near ROMAN ROAD,E01008659,South Tyneside 017C,Investigation complete; no suspect identified
c8a4eed27eedd641f1c1e3ab371d2cccf9f1465c7769782636a30002801f4355,2021-05,Northumbria Police,Northumbria Police,-1.604153,54.962643,On or near Shopping Area,E01008168,Gateshead 027D,Investigation complete; no suspect identified
f572b9bbba6f97119cf478a36fe508b656aeb5f0d51184ef8d49306e405db01a,2021-05,Northumbria Police,Northumbria Police,-1.686878,54.954922,On or near SANDS ROAD,E01008262,Gateshead 009A,Investigation complete; no suspect identified
2a24ed5990eb3b254793f0332b3c24a050a448b658bca8b70ca95e63a9b3c60e,2021-05,Northumbria Police,Northumbria Police,-1.487044,54.943505,On or near Parking Area,E01008629,South Tyneside 020C,Investigation complete; no suspect identified
ade38f63490253bee35af7f7681d3a5f85c8f2ce5d7f2fd7b88963926511bab5,2021-05,Northumbria Police,Northumbria Police,-1.563452,55.036209,On or near STRATFORD CLOSE,E01008505,North Tyneside 012B,Investigation complete; no suspect identified
ce7b8dfca58a6cd5408f042d2bb680c32057218febff3e112172ddf3826f475c,2021-05,Northumbria Police,Northumbria Police,-1.487044,54.943505,On or near Parking Area,E01008629,South Tyneside 020C,Investigation complete; no suspect identified
76701743535c4b796d71dd99949cc97883e86a650d27c02ffad143e47cd7c623,2021-05,Northumbria Police,Northumbria Police,-1.424218,54.978037,On or near ULLSWATER GARDENS,E01008680,South Tyneside 005B,Investigation complete; no suspect identified
f496b248d1db0d85de34da3f334efe3b45e798cb05ac03ae95b8cef2abb447a6,2021-05,Northumbria Police,Northumbria Police,-1.487044,54.943505,On or near Parking Area,E01008629,South Tyneside 020C,Investigation complete; no suspect identified
ddbc4737e7d721a71fb9062f48db362cbccfd556bf73303811865ac29cd8264b,2021-05,Northumbria Police,Northumbria Police,-2.018389,54.975353,On or near ST HELEN'S STREET,E01027481,Northumberland 039A,Investigation complete; no suspect identified
5995849e7164f876cf88585041ab94d66e76827636b4dc4c32c6f336451a877f,2021-05,Northumbria Police,Northumbria Police,-1.496391,54.867510,On or near Pedestrian Subway,E01008793,Sunderland 030A,Investigation complete; no suspect identified
7b1f15719e200d56d7a027627fcf0a5557cd7620ec886e7540e2d6f5f2007912,2021-05,Northumbria Police,Northumbria Police,-1.462486,54.948395,On or near Parking Area,E01008613,South Tyneside 021D,Investigation complete; no suspect identified
4df21306cc8ddc09c20bf384956af2f3890c2241fde0ba72c49bd1e3f4161bd8,2021-05,Northumbria Police,Northumbria Police,-2.108119,54.973096,On or near KINGSGATE,E01027476,Northumberland 035A,Investigation complete; no suspect identified
6a06c310253ee74084dd5ec66ac8e1fff86631d0062242bf022cc47746bd2108,2021-05,Northumbria Police,Northumbria Police,-1.542866,55.019293,On or near HUMSHAUGH CLOSE,E01008503,North Tyneside 018E,Investigation complete; no suspect identified
b0066bdaeae9fe98295466b98300062585db85a640fc9e3c48cf7f6717e045d0,2021-05,Northumbria Police,Northumbria Police,-1.544189,54.899708,On or near CRIGHTON,E01008869,Sunderland 020C,Investigation complete; no suspect identified
35c7e68ebcb8b2126ed764d65bb6af4c4dfb145a0f3d5ee96067d9b24a78a061,2021-05,Northumbria Police,Northumbria Police,-1.424664,54.996012,On or near BROUGHTON ROAD,E01008597,South Tyneside 001C,Investigation complete; no suspect identified
704309842f09e59f07aa688d4efdc64266372221223d4745e551b663910a856a,2021-05,Northumbria Police,Northumbria Police,-1.612429,54.970874,On or near CLOTH MARKET,E01033543,Newcastle upon Tyne 024G,Investigation complete; no suspect identified
fd64213758928673deb75ef398e81bc62575a4eb673129d63abf682ef6aa4cc1,2021-05,Northumbria Police,Northumbria Police,-1.623199,55.056906,On or near PATIENCE AVENUE,E01008582,North Tyneside 004E,Investigation complete; no suspect identified
f7454b59654db3f9f157a698bafcba9db05337540eeb1f1f14abf44540ddf586,2021-05,Northumbria Police,Northumbria Police,-1.432356,54.872817,On or near AVONMOUTH ROAD,E01008773,Sunderland 026A,Investigation complete; no suspect identified
b9bb9f0173687bf769b2f8ab9171422f31317ae176c4b7c409f4571b5eee00b9,2021-05,Northumbria Police,Northumbria Police,-1.459245,55.002578,On or near EPSOM CLOSE,E01008545,North Tyneside 027E,Investigation complete; no suspect identified
b831c20fab41369b2d3521294b5f69cc422980eeea3a92697e45c6c553103ece,2021-05,Northumbria Police,Northumbria Police,-1.363882,54.878859,On or near TWEED CLOSE,E01008779,Sunderland 024C,Investigation complete; no suspect identified
f1e92bdf1a11ec2d371a881312312a8cb752042a3c48e4a5ea59180fb8d38a0d,2021-05,Northumbria Police,Northumbria Police,-1.593121,54.998776,On or near KIRKSTONE GARDENS,E01008317,Newcastle upon Tyne 007A,Investigation complete; no suspect identified
839787d53582c608f9a51e5581ada8b71f0fcdbc093d12d8284ccfe64f929399,2021-05,Northumbria Police,Northumbria Police,-1.683502,54.995163,On or near WEST DENTON WAY,E01008445,Newcastle upon Tyne 031D,Investigation complete; no suspect identified
d0446a300c0c19216b70c09a227587eb30d838196db474e0f0e4b1436e70fb3e,2021-05,Northumbria Police,Northumbria Police,-1.400434,54.902724,On or near PENSHER STREET,E01008707,Sunderland 011D,Investigation complete; no suspect identified
712c3a32a798264e387cd26a6d06c6adb96352c58cb72e1a640de1fc646c0fb0,2021-05,Northumbria Police,Northumbria Police,-1.624648,55.035919,On or near Petrol Station,E01033551,Newcastle upon Tyne 002G,Investigation complete; no suspect identified
a01a791abef34351741707c331432e58cfacc3c063756394e2a4c5b153257e67,2021-05,Northumbria Police,Northumbria Police,-1.543405,55.025532,On or near Sports/Recreation Area,E01008503,North Tyneside 018E,Suspect charged
31425d9c8e4b0fc85e61d9e873cebf49e4c68069572535cc9ce9470340eec5cc,2021-05,Northumbria Police,Northumbria Police,-1.551454,54.970009,On or near RYAL TERRACE,E01008426,Newcastle upon Tyne 028C,Investigation complete; no suspect identified
b9c8b2ac554c46d2ea45b69ea93efdc4857ce820673a60657fc46315b0dbc397,2021-05,Northumbria Police,Northumbria Police,-1.557600,55.183892,On or near ALEXANDRA ROAD,E01027540,Northumberland 013B,Investigation complete; no suspect identified
2dcb55d23bc94f9791513ac9064eafc8bd7e73b22ac9be3a924cbcf426491a14,2021-05,Northumbria Police,Northumbria Police,-1.617241,54.969164,On or near NEVILLE STREET,E01033545,Newcastle upon Tyne 024H,Investigation complete; no suspect identified
9883c775fb5761a0a40fe3b8ef6a53e1e53beffc986d0bddbfb2e36ec7795102,2021-05,Northumbria Police,Northumbria Police,-1.503010,55.125938,On or near FORSTER STREET,E01027442,Northumberland 023E,Investigation complete; no suspect identified
373b279ea69415f4a2d4f656aac45261e30cac73863d23cc97428c90ee01843d,2021-05,Northumbria Police,Northumbria Police,-1.546916,54.991550,On or near RUTLAND ROAD,E01008434,Newcastle upon Tyne 020D,Investigation complete; no suspect identified
96bb18a47b8e0a437fe039120de8cba33481f00feeb437131654a6710e94982f,2021-05,Northumbria Police,Northumbria Police,-1.627195,54.957018,On or near AUTUMN DRIVE,E01008258,Gateshead 007C,Suspect charged
1f9cdcc79fc384a18ab05045b7bbcb593b7cf9eac68febaf2884d1466a7b15c5,2021-05,Northumbria Police,Northumbria Police,-1.387978,54.903462,On or near ALBION PLACE,E01008831,Sunderland 013D,Investigation complete; no suspect identified
74b76d1ccc0b0bde8900da06c28d2f28ba8e0a72c6bc907f978a1733742b5eab,2021-05,Northumbria Police,Northumbria Police,-1.510696,55.128314,On or near REGENT STREET,E01027415,Northumberland 023B,Investigation complete; no suspect identified
59ac1e3dcf8023c95ef724dca28cfadde2ede34d1c3370365fd824f839cd79ad,2021-05,Northumbria Police,Northumbria Police,-1.592971,54.979617,On or near WARWICK STREET,E01008410,Newcastle upon Tyne 023D,Investigation complete; no suspect identified
55703c961682c286413d8e35aa39b2290c536b3806828c3bf9b312b6ddd0faf6,2021-05,Northumbria Police,Northumbria Police,-1.664657,55.002014,On or near KENTON LANE,E01008295,Newcastle upon Tyne 008A,Investigation complete; no suspect identified
a8c3942047b1f7d3592bf880a830285a1eb7c764ed387e59981f3a05013510a9,2021-05,Northumbria Police,Northumbria Police,-1.402017,54.906434,On or near Supermarket,E01008706,Sunderland 011C,Investigation complete; no suspect identified
cec66a54b588554b69c3681090359ac2c58e79be55fac6c1c1a1550473c6a5a5,2021-05,Northumbria Police,Northumbria Police,-1.640184,54.976540,On or near DILSTON ROAD,E01033556,Newcastle upon Tyne 022H,Investigation complete; no suspect identified
b62f5377f0be603f48a3f0d92db76ffe006e54ad790a8a053fe3da6a5e152ebd,2021-05,Northumbria Police,Northumbria Police,-1.572702,54.977023,On or near UNION ROAD,E01008392,Newcastle upon Tyne 026F,Investigation complete; no suspect identified
bc85dcc0306ca8f78e60f279bcf34f97a960d9680bfd6948bec53551270088d5,2021-05,Northumbria Police,Northumbria Police,-1.572702,54.977023,On or near UNION ROAD,E01008392,Newcastle upon Tyne 026F,Investigation complete; no suspect identified
18fc1f73ba26190ad91b0c6e69284ad813f5e31e01c0343bb752ae744c05e5e7,2021-05,Northumbria Police,Northumbria Police,-1.376141,54.897444,On or near TOWARD ROAD,E01008735,Sunderland 016B,Investigation complete; no suspect identified
87596cd01f561154c84cdc6a69f6dfb233fc3f3d1b7d47824fae446e63b55ebd,2021-05,Northumbria Police,Northumbria Police,-1.462132,54.813327,On or near COALBANK ROAD,E01008743,Sunderland 036A,Investigation complete; no suspect identified
eaefc94d1fc6ab7a407936183ae60dd9fa6c69ec0d3d601c84cb910c661dd137,2021-05,Northumbria Police,Northumbria Police,-1.449232,54.960872,On or near PRIESTLEY COURT,E01008606,South Tyneside 016C,Investigation complete; no suspect identified
45e0dcdd4168861e1429a0408966be7684010c169f114b1f6baf0c4f15861357,2021-05,Northumbria Police,Northumbria Police,-1.404431,54.902420,On or near ELDON STREET,E01008707,Sunderland 011D,Investigation complete; no suspect identified
6280c61037ef64281c1b1ed3efa19c1c14cb0d690968b0d9e583c7efe10985e9,2021-05,Northumbria Police,Northumbria Police,-1.545385,54.970732,On or near PARK VIEW,E01008425,Newcastle upon Tyne 030B,Investigation complete; no suspect identified
6b312d883f0454135088c9e82c4feacc5d7a513fb11f985395e66bcf659cc0c3,2021-05,Northumbria Police,Northumbria Police,-1.532246,54.993813,On or near HUNTERS COURT,E01008574,North Tyneside 029C,Investigation complete; no suspect identified
9ce6a01e839bff78549d2920821f54675282bf5c0f5ce6b71397439bfda2b27f,2021-05,Northumbria Police,Northumbria Police,-1.402670,54.927609,On or near EMSWORTH ROAD,E01008712,Sunderland 004A,Investigation complete; no suspect identified
1181a31ab91dce41e2cc26ba5721c5c28363a88da62878c2d0da60155556bc18,2021-05,Northumbria Police,Northumbria Police,-1.656039,54.969495,On or near LAWSON TERRACE,E01008291,Newcastle upon Tyne 027D,Investigation complete; no suspect identified
9e0abc82557c5050061af7da8242a2c5317afeb8ad9b68fd6e1f6b333021fa4d,2021-05,Northumbria Police,Northumbria Police,-1.520544,55.028769,On or near BENTON ROAD,E01032647,North Tyneside 011E,Offender given a caution
ce30c1be7222d1ff358fa3df52d8bb6e2b365141caf719d687a8e07349c0d9ec,2021-05,Northumbria Police,Northumbria Police,-1.580821,55.173964,On or near OATFIELD CLOSE,E01027526,Northumberland 012C,Investigation complete; no suspect identified
2fbe5ea05d648fb0c4188f0fbbe45f733cb7c2f100f38e7917ac0ac7bc098062,2021-05,Northumbria Police,Northumbria Police,-1.388647,54.895359,On or near MEADOW VALE,E01008735,Sunderland 016B,Suspect charged
2fbe5ea05d648fb0c4188f0fbbe45f733cb7c2f100f38e7917ac0ac7bc098062,2021-05,Northumbria Police,Northumbria Police,-1.388647,54.895359,On or near MEADOW VALE,E01008735,Sunderland 016B,Suspect charged
f27472f995c7d68ea9996747f3d3dfbebcc415de7b5410cdb104ba71dfe51f67,2021-05,Northumbria Police,Northumbria Police,-1.433608,54.882484,On or near THORNDALE ROAD,E01008829,Sunderland 023G,Investigation complete; no suspect identified
47f0071a5e4a2b0d79721d4a841f3a275da61cf4b8bcfe8ab39879a07024dafb,2021-05,Northumbria Police,Northumbria Police,-1.381338,54.902224,On or near BURDON ROAD,E01008831,Sunderland 013D,Investigation complete; no suspect identified
06302cc19395bee99baadcd5183c7ac955a8fe498608d77b26b0c13de0668b87,2021-05,Northumbria Police,Northumbria Police,-1.567970,54.975469,On or near MORTON STREET,E01008388,Newcastle upon Tyne 028A,Investigation complete; no suspect identified
2c2b2dc52fb58a627e71d55cfcdbfd22168afc95642e650c103a3c89a9fea7cd,2021-05,Northumbria Police,Northumbria Police,-1.429730,54.996970,On or near WINCHESTER STREET,E01008596,South Tyneside 001B,Investigation complete; no suspect identified
0a1539ba3dff015515f508beaabe4a4c8b4ba1d85eea9334c58f096985126f37,2021-05,Northumbria Police,Northumbria Police,-1.491992,54.991872,On or near WESTMORLAND AVENUE,E01008542,North Tyneside 028B,Investigation complete; no suspect identified
2905953f2f6ca671b1d4a00dcc0b2e8bb7a49628f35b20de923537e709aeb0e1,2021-05,Northumbria Police,Northumbria Police,-1.485806,54.959774,On or near CALF CLOSE WALK,E01008632,South Tyneside 017B,Offender given a caution
d894c90c660e3190eacf7e234e753551a8f7285ebdb7b03c92e461c8b3bd975a,2021-05,Northumbria Police,Northumbria Police,-1.590420,54.976922,On or near HANNINGTON STREET,E01008304,Newcastle upon Tyne 026C,Suspect charged
cd9a10749b35d172bf08d3fbf65aae874a6a03ce7d71e8376a36f5b6932d7f73,2021-05,Northumbria Police,Northumbria Police,-1.401514,54.986572,On or near ALLENDALE DRIVE,E01008647,South Tyneside 004A,Investigation complete; no suspect identified
428cd4258e69aaa76283dce7fc5f0e7f2d848746340de1345a1437a2ae49a89e,2021-05,Northumbria Police,Northumbria Police,-1.603684,54.973784,On or near ARGYLE STREET,E01033553,Newcastle upon Tyne 023H,Investigation complete; no suspect identified
6f603adb86bffa15333578dab27cc4077e202aab017cdf3243539ce4ae870bdd,2021-05,Northumbria Police,Northumbria Police,-1.603684,54.973784,On or near ARGYLE STREET,E01033553,Newcastle upon Tyne 023H,Investigation complete; no suspect identified
cab330aa81d30711302b5b4d725203af61faa59ed1f8b77f4ff45b6505d480b0,2021-05,Northumbria Police,Northumbria Police,-1.614102,54.974025,On or near BLACKETT STREET,E01008397,Newcastle upon Tyne 024C,Investigation complete; no suspect identified
a2aeea01a2690ffdd4e95934549d5c406ad2f0765e7ceb3c1dce03a545bf9908,2021-05,Northumbria Police,Northumbria Police,-1.461011,55.015427,On or near HOLLY ROAD,E01008526,North Tyneside 020C,Investigation complete; no suspect identified
5fd6c61db5383a98faed8060b8deb1453995fb0877f7d81762d10e94760ac7bb,2021-05,Northumbria Police,Northumbria Police,-1.574520,54.973533,On or near AVONDALE ROAD,E01008305,Newcastle upon Tyne 026D,Investigation complete; no suspect identified
bf65a8766d29d0a0487668f542db837b4f187d8b3deb8ce7e74e3f39b76f969b,2021-05,Northumbria Police,Northumbria Police,-1.591976,55.006923,On or near HAVERSHAM CLOSE,E01008321,Newcastle upon Tyne 007D,Investigation complete; no suspect identified
65c46dc584f69e3f1e23517e62608cff6bdb20894acc31b41c068f99721298fe,2021-05,Northumbria Police,Northumbria Police,-1.651382,54.978774,On or near HALL AVENUE,E01008455,Newcastle upon Tyne 022G,Investigation complete; no suspect identified
775678b1299b205b2114b8469435d040bfa732c5d99c4f924f2070c1286a4c19,2021-05,Northumbria Police,Northumbria Police,-1.637121,54.974886,On or near LONGLEY STREET,E01008398,Newcastle upon Tyne 022C,Investigation complete; no suspect identified
318d2aa3cf5281cef8e8181ec6b6cb29f92a8c1a67f11cee18ab241ed04b8beb,2021-05,Northumbria Police,Northumbria Police,-1.462408,54.968282,On or near EWART CRESCENT,E01008670,South Tyneside 014D,Investigation complete; no suspect identified
0aa4a491cdc4e260389b5cc39d71498e9253a49f10d556cd160c9ac29e7b8d6b,2021-05,Northumbria Police,Northumbria Police,-1.387978,54.903462,On or near ALBION PLACE,E01008831,Sunderland 013D,Investigation complete; no suspect identified
3c185a5f29655ee62e0f4644b5bed8b9b1c57bac0802f52b95aae4a29ef4674e,2021-05,Northumbria Police,Northumbria Police,-1.719813,54.952253,On or near PARKHEAD GARDENS,E01008277,Gateshead 004D,Investigation complete; no suspect identified
91f7382c4f6d3804b88a8a0dc73837f9570b66072e6874026ddc56713e713c70,2021-05,Northumbria Police,Northumbria Police,-1.628600,54.950283,On or near Parking Area,E01008259,Gateshead 007D,Investigation complete; no suspect identified
4150f5a31f51d94005f3d1665ad5b7ade767b319593959cda23ed737c6559cf2,2021-05,Northumbria Police,Northumbria Police,-1.410632,54.972230,On or near SUNDERLAND ROAD,E01008634,South Tyneside 008B,Suspect charged
b8da89455ba56673b42d645837dd85d9821f5b0f2c985e3242ab140cd0807ca2,2021-05,Northumbria Police,Northumbria Police,-1.555656,54.934618,On or near KELLSWAY,E01008232,Gateshead 018C,Investigation complete; no suspect identified
a499e9a6adc08580a422cbccb61aae75e009c95a214184d4efb15ca68cecc0c2,2021-05,Northumbria Police,Northumbria Police,-1.551569,54.940121,On or near LEAMSIDE,E01008231,Gateshead 015A,Investigation complete; no suspect identified
d3a5767c5c415c5d3316139282f447b190554cdaf2b9f22577ae421e40e40544,2021-05,Northumbria Police,Northumbria Police,-1.681353,55.002050,On or near LANGLEEFORD ROAD,E01008457,Newcastle upon Tyne 004C,Investigation complete; no suspect identified
d052072dd58fb968840f20478efb121cbae9c2c803c3e3fdcf270d65935a4d7e,2021-05,Northumbria Police,Northumbria Police,-1.439796,54.897071,On or near Supermarket,E01008810,Sunderland 014A,Investigation complete; no suspect identified
dd9bb75280df28d6d6552c9cff6a0709a587f20934eecea238f6b3e25517d02d,2021-05,Northumbria Police,Northumbria Police,-1.586985,54.976757,On or near Petrol Station,E01008304,Newcastle upon Tyne 026C,Investigation complete; no suspect identified
a1e93adb1a3fafbb6fe882e9d2b457a44eeb371cb08d3efed88b9f1ed977f188,2021-05,Northumbria Police,Northumbria Police,-1.686196,54.998378,On or near BRIARSIDE,E01008445,Newcastle upon Tyne 031D,Investigation complete; no suspect identified
965d6efc2ed5231551c3ec08a2d74fb9029c81e13dd6f80d7e52a9e2fc0874f8,2021-05,Northumbria Police,Northumbria Police,-1.689682,54.990236,On or near CORNHILL,E01008327,Newcastle upon Tyne 015D,Investigation complete; no suspect identified
22875d25cf148ae3db5ea1535306fa72c80787f7b8c2ff26fc2a9de96fb73a5f,2021-05,Northumbria Police,Northumbria Police,-1.429462,54.990508,On or near JOHN CLAY STREET,E01008668,South Tyneside 002E,Investigation complete; no suspect identified
85e919d32e81524640e88bb1f34092d7ec474a34bbc119afde6cc1da63586e81,2021-05,Northumbria Police,Northumbria Police,-1.682832,55.165268,On or near WEST GREENS,E01027452,Northumberland 016A,Investigation complete; no suspect identified
c0f017fab9ccb34e052b7cd81f1cc56a10b02ce3b83d5aa6a543450c4cc04db1,2021-05,Northumbria Police,Northumbria Police,-1.692224,55.009419,On or near HAREYDENE,E01008460,Newcastle upon Tyne 004F,Investigation complete; no suspect identified
eef612edbc5609cdf777790fa212ddbede12d277952d97dc5fa21809df6470d6,2021-05,Northumbria Police,Northumbria Police,-1.442950,55.033435,On or near CRANBOURNE GROVE,E01008497,North Tyneside 010C,Investigation complete; no suspect identified
cc9d784b7a860375a93a07a6aaacb9849406cb5aa4c00ea072221c0476928093,2021-05,Northumbria Police,Northumbria Police,-1.586985,54.976757,On or near Petrol Station,E01008304,Newcastle upon Tyne 026C,Investigation complete; no suspect identified
0d020de4133ff4759eabd08122f938b86bfcbe49a3214ab906b5c7ffe617ded9,2021-05,Northumbria Police,Northumbria Police,-1.660282,54.970280,On or near ATKINSON TERRACE,E01008291,Newcastle upon Tyne 027D,Investigation complete; no suspect identified
f443784d1ef713db1faf452b2109fe4540b4feef542e44ec1c2680a1344f09e6,2021-05,Northumbria Police,Northumbria Police,-1.581978,54.994075,On or near THROPTON TERRACE,E01008318,Newcastle upon Tyne 012D,Investigation complete; no suspect identified
1be926c32b893f3eb3aa3c81b9d90b1589f7646ff4463aca8eb3192dc6caa598,2021-05,Northumbria Police,Northumbria Police,-1.532034,54.975732,On or near Parking Area,E01008640,South Tyneside 010B,Investigation complete; no suspect identified
ef74dc01918fa3a6160fd9936df324d58456e1252f33922e3b5227e6cc3ad9af,2021-05,Northumbria Police,Northumbria Police,-1.435921,54.883124,On or near THORPENESS ROAD,E01008823,Sunderland 023A,Investigation complete; no suspect identified
e12415e37b111f18b55ebb253182b94cc245cb0ad42e05bddefb7f9668383906,2021-05,Northumbria Police,Northumbria Police,-1.619265,54.964920,On or near POTTERY LANE,E01033545,Newcastle upon Tyne 024H,Investigation complete; no suspect identified
15c44f93c1ddd1099f01999861c7a7f9901abb6f0b878c4f7024b318c1018339,2021-05,Northumbria Police,Northumbria Police,-1.680753,55.160221,On or near BOUNDARY DRIVE,E01027460,Northumberland 018D,Investigation complete; no suspect identified
77efffc4987ea3bc8bec250ceb4f0eb4cf425dafc51ef0740cb32a070cca7811,2021-05,Northumbria Police,Northumbria Police,-1.686878,54.954922,On or near SANDS ROAD,E01008262,Gateshead 009A,Investigation complete; no suspect identified
80fa4bbc15218968d59910376aa648fb148954b378f3389cf6aeaa2feed42432,2021-05,Northumbria Police,Northumbria Police,-1.460975,55.007663,On or near LILBURN STREET,E01008482,North Tyneside 023B,Investigation complete; no suspect identified
83d0d4e3be03ebf629d7d36f8108c2164c12ca7c7bde80cedf7dc5a0cded3e2b,2021-05,Northumbria Police,Northumbria Police,-1.558912,55.184508,On or near CASTLE TERRACE,E01027539,Northumberland 010C,Investigation complete; no suspect identified
d8b9cc8aa113492987b288aa0ea56b4acfcfaf56914ee96f80ad5601f4c326d2,2021-05,Northumbria Police,Northumbria Police,-1.574423,54.926552,On or near Supermarket,E01008218,Gateshead 021A,Investigation complete; no suspect identified
f27e5609a2bf1a4d235b906e1ee5f1f92ba1eace9e4dc074ca040c92b2752b23,2021-05,Northumbria Police,Northumbria Police,-1.621829,54.948016,On or near GOODWOOD AVENUE,E01008257,Gateshead 008E,Investigation complete; no suspect identified
16dfbfbf532e3d99949ad7ffc67119a49167c3f3c0c5eb27fcbbe8cdd545a755,2021-05,Northumbria Police,Northumbria Police,-1.505869,54.904079,On or near BARMSTON WAY,E01008846,Sunderland 017B,Investigation complete; no suspect identified
47fb14ee63a675ac71d57347e65939319a630fc9ae1fdf98b48558e22c047ac1,2021-05,Northumbria Police,Northumbria Police,-1.523994,55.119138,On or near NEWSHAM ROAD,E01027422,Northumberland 024B,Investigation complete; no suspect identified
10bce8a133d4ac2a235de1a40ebda50680e152054faa50d08db97e4326c9f975,2021-05,Northumbria Police,Northumbria Police,-1.551284,55.181335,On or near MOORHOUSE ESTATE,E01027540,Northumberland 013B,Investigation complete; no suspect identified
eefc54d4737a7fe4efc7cfcd42e99b810f85f8644dc34792a8321c5694734992,2021-05,Northumbria Police,Northumbria Police,-1.574034,54.893904,On or near Pedestrian Subway,E01008175,Gateshead 026D,Investigation complete; no suspect identified
8d506bb026d0bb0cd1e7c86978b7ef707f4705aeb4d660f5dc6ed9498d771647,2021-05,Northumbria Police,Northumbria Police,-1.610635,54.967427,On or near Parking Area,E01033545,Newcastle upon Tyne 024H,Investigation complete; no suspect identified
602accd5f35225bb5b4f20987da8a351032cebea0697acad28a28c79f6227e4e,2021-05,Northumbria Police,Northumbria Police,-1.603684,54.973784,On or near ARGYLE STREET,E01033553,Newcastle upon Tyne 023H,Investigation complete; no suspect identified
6027401df625afad892b1510fc8a35ef9c60b33e70dad85b85162c44d67bd8bf,2021-05,Northumbria Police,Northumbria Police,-1.603258,55.159562,On or near FRONT STREET,E01027534,Northumberland 017C,Investigation complete; no suspect identified
5e099758c3abbb3cba8ac13d6dbd4a8167f19d2b17a90020c91d6bab55309904,2021-05,Northumbria Police,Northumbria Police,-1.588566,55.000873,On or near CLEVELAND GARDENS,E01008317,Newcastle upon Tyne 007A,Investigation complete; no suspect identified
9edb14363669673abda72ed91bc6e4b06d4fdd56022b8f50d7f4b6e23db8ac20,2021-05,Northumbria Police,Northumbria Police,-1.611537,54.971123,On or near Nightclub,E01033543,Newcastle upon Tyne 024G,Investigation complete; no suspect identified
f88994ef8a1dccd087f13f4e83fb67a9a6953a47b05f158daa53fbff633a0429,2021-05,Northumbria Police,Northumbria Police,-1.555444,54.891563,On or near STONECHAT CLOSE,E01008872,Sunderland 020F,Investigation complete; no suspect identified
a986fc04ccba007285c96ef53bc02e490da25044a08b4b598a53d470e2c74614,2021-05,Northumbria Police,Northumbria Police,-1.612329,54.971602,On or near HIGH BRIDGE,E01033543,Newcastle upon Tyne 024G,Investigation complete; no suspect identified
06da159aec34e0d7d2bfbb63307d2820555f00481089b66b0ba260f4406a1c59,2021-05,Northumbria Police,Northumbria Police,-1.469558,54.970955,On or near BIDEFORD GARDENS,E01008601,South Tyneside 012A,Investigation complete; no suspect identified
1dfb3293aa092edd5616873dd44b5e0f5ad2f66e3dd453655e2b5913c131b85e,2021-05,Northumbria Police,Northumbria Police,-1.381714,54.889941,On or near NILVERTON AVENUE,E01008740,Sunderland 022A,Investigation complete; no suspect identified
8e37e8c2ca17391b2f991f0e73116e5e07daedcce9c8f625d2a73e7178bfb3c4,2021-05,Northumbria Police,Northumbria Police,-1.516883,54.974127,On or near TWEED STREET,E01008640,South Tyneside 010B,Investigation complete; no suspect identified
de27b92c278c8135fb66ad52755b80c23be27a8bf757f71d70a485be1672ae58,2021-05,Northumbria Police,Northumbria Police,-1.614405,54.950482,On or near SALTWELL STREET,E01008171,Gateshead 008D,Suspect charged
62b9d59445c9f6d644269fd3abaf887baa35115c9d09885664cf611b6c96e101,2021-05,Northumbria Police,Northumbria Police,-1.570022,54.979296,On or near A193,E01008392,Newcastle upon Tyne 026F,Investigation complete; no suspect identified
53a31dd469d26e8a4451c59e3d1b99aec79a221d38528cad04d2db79f320deae,2021-05,Northumbria Police,Northumbria Police,-1.584226,54.976182,On or near CLIFFORD STREET,E01008304,Newcastle upon Tyne 026C,Offender given a drugs possession warning
3cf2504d25e2cffe0c95ccbdce23fe12ece378bc4ee947b9ccbae0aaef177a43,2021-05,Northumbria Police,Northumbria Police,-1.593958,55.044438,On or near GREAT LIME ROAD,E01008577,North Tyneside 004A,Investigation complete; no suspect identified
ca8fa6a5a30ec7b025e3124247264b391c978c99a053927fa7ef40df34df6f66,2021-05,Northumbria Police,Northumbria Police,-1.663133,54.984208,On or near MIMOSA PLACE,E01008346,Newcastle upon Tyne 019D,Investigation complete; no suspect identified
ddf758bbd6fd7cec7e7fc89a27306d6936a4c558ba6f777f01d5720aabb8bd4e,2021-05,Northumbria Police,Northumbria Police,-1.684007,54.938685,On or near ELSDON COURT,E01008275,Gateshead 017E,Investigation complete; no suspect identified
b66599f16c169b514cdf5837f410f12c15975dc4cbeff90c81a9d0942ecd3d86,2021-05,Northumbria Police,Northumbria Police,-1.597673,54.989131,On or near ORCHARD PLACE,E01008368,Newcastle upon Tyne 017B,Investigation complete; no suspect identified
d1f424d0bef3459df4acedf25cae33133d4c5c73b9b5de2ce8dee3a69355f5e2,2021-05,Northumbria Police,Northumbria Police,-1.625932,54.955100,On or near NORTHUMBERLAND STREET,E01008258,Gateshead 007C,Investigation complete; no suspect identified
cfe4dec51a04a4dc70b582b852039fc916879664c25f3fd7cbed22006ead0441,2021-05,Northumbria Police,Northumbria Police,-1.676987,55.160112,On or near FOURTH AVENUE,E01027461,Northumberland 016E,Investigation complete; no suspect identified
a15a129248920e624cf7923ad0a5b9c09f514188e807b1067ba86b7af86c99ba,2021-05,Northumbria Police,Northumbria Police,-1.600562,55.135606,On or near FORUM COURT,E01027520,Northumberland 021C,Investigation complete; no suspect identified
4835b1da6e0b9810230b41d7473145b166d77829f2f5eef89a1a36602ef730a4,2021-05,Northumbria Police,Northumbria Police,-1.428733,54.886595,On or near TORRENS ROAD,E01008829,Sunderland 023G,Investigation complete; no suspect identified
21f939d75740fdf1c3bbd35ec5dddbc188447a72044c7ec1fe87cb903f8b909f,2021-05,Northumbria Police,Northumbria Police,-1.590612,54.950386,On or near EDGWARE ROAD,E01008204,Gateshead 011D,Suspect charged
4252f10538baa030e22d850c1d663bc61988f2eb37cdf6ff5d401d0bd381bdfd,2021-05,Northumbria Police,Northumbria Police,-1.621709,55.005689,On or near IVY ROAD,E01008419,Newcastle upon Tyne 006E,Investigation complete; no suspect identified
2f9033ee9171f237aa6ae6014f89e5990738dc0b29fe13120529492df97ecc4a,2021-05,Northumbria Police,Northumbria Police,-1.580166,55.088271,On or near B1326,E01027409,Northumberland 029B,Suspect charged
7b4e6278e1a14bd3fb6af778cad8a8e4f019e18432db4d1e0a3ab42489ba5cf7,2021-05,Northumbria Police,Northumbria Police,-2.021543,55.547944,On or near BURNHOUSE ROAD,E01027390,Northumberland 003F,Investigation complete; no suspect identified
93e624295a87430a7ba72677a75f37293d4c7dbcd3d2f279a249eff0ce00370a,2021-05,Northumbria Police,Northumbria Police,-1.543356,54.937538,On or near HOPEDENE,E01008282,Gateshead 015F,Investigation complete; no suspect identified
1064a16e78b211224115fb5c0695f70b0359ced6aa8c0ab1ea08bdfdd81453ab,2021-05,Northumbria Police,Northumbria Police,-1.690095,55.167901,On or near Shopping Area,E01027453,Northumberland 016B,Investigation complete; no suspect identified
c976fb9f0a5a55699a5000ac57a72105e6575e1773c2d46ce9a671a1274b871d,2021-05,Northumbria Police,Northumbria Police,-1.688927,54.999059,On or near Supermarket,E01008445,Newcastle upon Tyne 031D,Investigation complete; no suspect identified
9cbb7b53937c37dff152506a832fffd79f4c486f2a10c7a75061aa44107b2070,2021-05,Northumbria Police,Northumbria Police,-1.688927,54.999059,On or near Supermarket,E01008445,Newcastle upon Tyne 031D,Investigation complete; no suspect identified
744f76ed7f326427727624c40b3b6ba15eff59f5847f6ae3554e4eecda504363,2021-05,Northumbria Police,Northumbria Police,-1.688927,54.999059,On or near Supermarket,E01008445,Newcastle upon Tyne 031D,Investigation complete; no suspect identified
6a36580c54b173bedb0446e9af815a4fb41ddda15858f9b2939d9c6bef4f8b8b,2021-05,Northumbria Police,Northumbria Police,-1.439748,54.924137,On or near ROBERTSON ROAD,E01008839,Sunderland 003D,Investigation complete; no suspect identified
72d8a961abb1407f58bf225c0823767fa268ec8ff27e8841af3d6648af40ba11,2021-05,Northumbria Police,Northumbria Police,-1.608320,54.954892,On or near SEDGEWICK PLACE,E01008169,Gateshead 008B,Investigation complete; no suspect identified
aaeb9458928624a79d142545b42cb10c83409e12b1a40d886bcf85938a77c2d1,2021-05,Northumbria Police,Northumbria Police,-1.449628,55.014199,On or near PRESTON ROAD,E01008528,North Tyneside 022C,Investigation complete; no suspect identified
af65c10e3b9acc100896e5cd50c770b85693b49fc7c68842092fe403a0862ac6,2021-05,Northumbria Police,Northumbria Police,-1.658322,54.974813,On or near COLSTON STREET,E01008332,Newcastle upon Tyne 029B,Investigation complete; no suspect identified
70926192900ee7ff26336dda9b4dc5b35356b48a24ab46e66792b0b0387e9cc8,2021-05,Northumbria Police,Northumbria Police,-1.421760,54.971870,On or near LAPWING COURT,E01008682,South Tyneside 005C,Investigation complete; no suspect identified
c5db8bb9f8365052704494afc062f86b6e81abc131fc339872555de9325c1e90,2021-05,Northumbria Police,Northumbria Police,-1.593459,54.920444,On or near TRAFFORD,E01008189,Gateshead 023A,Suspect charged
ebf2871863c37e15b6b11c7216a1bf5ae642f7804a197a8bb3a380a177f8219c,2021-05,Northumbria Police,Northumbria Police,-1.442836,55.008929,On or near SAVILLE STREET,E01008524,North Tyneside 022B,Investigation complete; no suspect identified
ea38e1c50a7044feac1c063eaa59a0f656a89ffa6645b23f9632fe78b76c9bbc,2021-05,Northumbria Police,Northumbria Police,-1.460197,54.824264,On or near LINCOLN CRESCENT,E01008748,Sunderland 035E,Investigation complete; no suspect identified
57909cf40e377542756a9bac6cee8fa5384943f2b4b6244266fe1e0ab38e539c,2021-05,Northumbria Police,Northumbria Police,-1.634340,55.012764,On or near HARBOTTLE AVENUE,E01008353,Newcastle upon Tyne 006A,Investigation complete; no suspect identified
ac71e411ede4575f67d41a9d1c0d43a05c7e2936e19ad9aa898eee5e6b6e7147,2021-05,Northumbria Police,Northumbria Police,-1.371967,54.905150,On or near WEST LAWRENCE STREET,E01008836,Sunderland 016F,Investigation complete; no suspect identified
d86f06a01ebb75882072d67eafaa2c45c0fb097fa603353797da9ff887e3330a,2021-05,Northumbria Police,Northumbria Police,-1.563067,54.983863,On or near Bus/Coach Station,E01008392,Newcastle upon Tyne 026F,Investigation complete; no suspect identified
142126045d04dfacb0ae85a245dd943e49f4c8df42f4024af232f472a62bed0c,2021-05,Northumbria Police,Northumbria Police,-1.386805,54.906817,On or near CROWTREE ROAD,E01008703,Sunderland 013B,Investigation complete; no suspect identified
343d7eb9ce061a2c7de0be274c3d920eeecb9390d962edd049a7a7e13335c4a8,2021-05,Northumbria Police,Northumbria Police,-1.549405,54.889277,On or near WREN CLOSE,E01008872,Sunderland 020F,Offender given a drugs possession warning
436fce0526f3f8e125c7889e500fcad1ad78d189ac24666203fc8c9c870222fe,2021-05,Northumbria Police,Northumbria Police,-1.628600,54.950283,On or near Parking Area,E01008259,Gateshead 007D,Investigation complete; no suspect identified
31c205de8c6c667f037559792c3ce357f3ca098a7cbb925d87356b8e86af82ad,2021-05,Northumbria Police,Northumbria Police,-1.743443,55.049311,On or near BREWERY LANE,E01027464,Northumberland 033A,Investigation complete; no suspect identified
981d4c3544ce9d0c8e72c020d5f2b52d0ba464f2d2ef5f99294657b487ebd453,2021-05,Northumbria Police,Northumbria Police,-1.444354,54.989606,On or near WINDMILL HILL,E01008667,South Tyneside 002D,Investigation complete; no suspect identified
5c5b9ec4d302badb19bd06c7afb36ea34c13350b61df4af1b9b2377b7da14dea,2021-05,Northumbria Police,Northumbria Police,-1.511953,54.963243,On or near DERWENT AVENUE,E01008644,South Tyneside 015B,Investigation complete; no suspect identified
17dc4ac233e2a2fe7f797b12e748a295fa39475d1fae1189b0edc3d8077ca4dd,2021-05,Northumbria Police,Northumbria Police,-1.880432,55.309565,On or near Parking Area,E01027373,Northumberland 007D,Investigation complete; no suspect identified
ec9c1848e90a47c8266b9b9f35c0920477117e6b57f18ff6a069b8990a6a64ef,2021-05,Northumbria Police,Northumbria Police,-1.703700,55.003148,On or near STAMFORDHAM ROAD,E01008444,Newcastle upon Tyne 031C,Investigation complete; no suspect identified
7b5cfef66683f7da505584a1050bebe32621f6f22edaa79149ba5c860d9fe77e,2021-05,Northumbria Police,Northumbria Police,-1.640908,54.977728,On or near BRIGHTON GROVE,E01033556,Newcastle upon Tyne 022H,Investigation complete; no suspect identified
7bbb7b628035a1d2f00a408c3f94eca90780c87d0df3f490acdf44f9f588a9a6,2021-05,Northumbria Police,Northumbria Police,-1.867819,55.241377,On or near RITTON BANK,E01027368,Northumberland 007B,Investigation complete; no suspect identified
66580389c4f9357318457dc2f9cd67246c95a09ae23b1d1a8b159867e0e222be,2021-05,Northumbria Police,Northumbria Police,-1.502254,54.959510,On or near Sports/Recreation Area,E01008645,South Tyneside 015C,Investigation complete; no suspect identified
51ad92c0737bace827b7e8d4e619ab50bc37d1cccd5fa395dcfea7cf69a266d5,2021-05,Northumbria Police,Northumbria Police,-1.618773,54.922871,On or near Parking Area,E01008226,Gateshead 025D,Investigation complete; no suspect identified
b510719d340a22d8b71a2e6b9334ef0e987c94d44c78ee0089b55f6d854e3872,2021-05,Northumbria Police,Northumbria Police,-1.509079,55.036298,On or near FORD CRESCENT,E01008567,North Tyneside 007D,Investigation complete; no suspect identified
21356739548e4d9d3410ea6164e6a3f0a33a8a0a833960b827c3676812d37b9e,2021-05,Northumbria Police,Northumbria Police,-1.439660,54.915834,On or near OSWALD TERRACE SOUTH,E01008693,Sunderland 008A,Offender given a caution
369f2b390783041afca6ce67817d99c52bf85d79f2d456c98d0fb2a4a651a1ff,2021-05,Northumbria Police,Northumbria Police,-1.648628,54.979296,On or near WINGROVE GARDENS,E01008455,Newcastle upon Tyne 022G,Investigation complete; no suspect identified
b30800d0e1a88c153404f93e3e3a135ec75bc81cfce3699f65bcabf7355d125c,2021-05,Northumbria Police,Northumbria Police,-1.609536,54.948669,On or near BRIGHTON ROAD,E01008254,Gateshead 010D,Investigation complete; no suspect identified
3b98e20cee8288361735133a48baf52f7db3cbf1f80c51b85aeeee9684308413,2021-05,Northumbria Police,Northumbria Police,-1.558912,55.184508,On or near CASTLE TERRACE,E01027539,Northumberland 010C,Investigation complete; no suspect identified
c1953f68c79bcb6225048499ecf6d9c3da2a9758d353951540ddee9a5400b15c,2021-05,Northumbria Police,Northumbria Police,-1.526038,55.040445,On or near ECCLESTON CLOSE,E01008565,North Tyneside 007C,Investigation complete; no suspect identified
956716174a04c0bca27eaf5b7948f67b22faed9e12a331a2449becb5051d73cd,2021-05,Northumbria Police,Northumbria Police,-1.373511,54.895120,On or near ERNEST STREET,E01008737,Sunderland 016D,Investigation complete; no suspect identified
a676df73b65d8e4c5716f6d91a5630a809bbbe0985f2f73cea39d7849ef581a3,2021-05,Northumbria Police,Northumbria Police,-1.488555,54.980634,On or near Shopping Area,E01008600,South Tyneside 007A,Investigation complete; no suspect identified
f8571838a54350942f3b9fe45c1fc1ebf3ea5a8530e85d1166db9a051a8b15a5,2021-05,Northumbria Police,Northumbria Police,-2.139616,54.982931,On or near A69,E01027491,Northumberland 035D,Investigation complete; no suspect identified
f8571838a54350942f3b9fe45c1fc1ebf3ea5a8530e85d1166db9a051a8b15a5,2021-05,Northumbria Police,Northumbria Police,-2.139616,54.982931,On or near A69,E01027491,Northumberland 035D,Investigation complete; no suspect identified
4463438bdf14b8cecd7ffce4cf7f4528fa6907e051a573d26d5626b1d6e2c1ee,2021-05,Northumbria Police,Northumbria Police,-1.423543,55.017538,On or near FRONT STREET,E01008560,North Tyneside 016B,Investigation complete; no suspect identified
13601b2d4b1c554d6a92ea5075f306517baba500e520dd90efa8db7534eb5788,2021-05,Northumbria Police,Northumbria Police,-1.433606,55.040302,On or near WINDSOR TERRACE,E01008587,North Tyneside 006C,Investigation complete; no suspect identified
467447919f980876b0e44f0386e5d6c33874ef8165e10d81c5bc2581c251645e,2021-05,Northumbria Police,Northumbria Police,-2.018389,54.975353,On or near ST HELEN'S STREET,E01027481,Northumberland 039A,Investigation complete; no suspect identified
07573fd8fc9a5f56bdbf89a5376204631e083a2aa47f772d4205c92a456b0fc0,2021-05,Northumbria Police,Northumbria Police,-1.688931,54.980215,On or near WHICKHAM VIEW,E01008415,Newcastle upon Tyne 025B,Investigation complete; no suspect identified
cc23df10c3686dcc51a62edce7364c0f7f55f777429b2137d2cecdc0275e3c16,2021-05,Northumbria Police,Northumbria Police,-1.426397,54.997251,On or near WOODBINE STREET,E01008596,South Tyneside 001B,Investigation complete; no suspect identified
c02552517dfc5feab76625a9f3daa68f04360e13846f580cbd5c54395387eeb6,2021-05,Northumbria Police,Northumbria Police,-1.680461,54.917406,On or near SANDYGATE MEWS,E01008273,Gateshead 019F,Investigation complete; no suspect identified
ad52d5bec8727f9b088e6e73f02cab3cc95164e9d155ec084c84b9a2c68aa11b,2021-05,Northumbria Police,Northumbria Police,-1.898587,54.934857,On or near NEW RIDLEY ROAD,E01027507,Northumberland 039E,Investigation complete; no suspect identified
cbdf7db32b3f3bf73a87623b8f522f0dfb3eda1e23428c1c618e9b917d046f52,2021-05,Northumbria Police,Northumbria Police,-1.641060,54.972930,On or near Supermarket,E01008331,Newcastle upon Tyne 029A,Investigation complete; no suspect identified
26c18abbde6708d8d6b12a1e34ebe9c185f85b5060cb2af381e3079d0f517139,2021-05,Northumbria Police,Northumbria Police,-1.579629,54.903107,On or near DEVON CRESCENT,E01008223,Gateshead 025B,Investigation complete; no suspect identified
9a000e9fdd3094940cf37553630f179229c0504ec769f7f67e831e241a20a89f,2021-05,Northumbria Police,Northumbria Police,-1.564727,55.139383,On or near QUEEN'S ROAD,E01027551,Northumberland 020F,Investigation complete; no suspect identified
5f9b287f15ccadb762d3822100bdc306a1381580ca98a0906a095310d19113e6,2021-05,Northumbria Police,Northumbria Police,-1.588844,55.085371,On or near Shopping Area,E01027409,Northumberland 029B,Investigation complete; no suspect identified
b96c98fb7dad3f2870f4635243de3541993ce873192bffb7be8d188a9deba564,2021-05,Northumbria Police,Northumbria Police,-1.648628,54.979296,On or near WINGROVE GARDENS,E01008455,Newcastle upon Tyne 022G,Investigation complete; no suspect identified
a997b8a75a3d7ac7c4dae1af44fcaaa9482d92210f368ffbebd9791531ec7553,2021-05,Northumbria Police,Northumbria Police,-1.600669,54.953277,On or near CAMBORNE GROVE,E01008252,Gateshead 010B,Investigation complete; no suspect identified
457be078be7b062c592bdd9ef82dd49cc1ecb42f35a2e6901d4e67ef0afcec41,2021-05,Northumbria Police,Northumbria Police,-1.385748,54.980302,On or near NORFOLK ROAD,E01008649,South Tyneside 004C,Investigation complete; no suspect identified
c0b802b12a9996e677a1abf654990a906b1bff06671ac1fcdc5022003a84a082,2021-05,Northumbria Police,Northumbria Police,-1.603407,55.005065,On or near MILL RISE,E01008424,Newcastle upon Tyne 005F,Investigation complete; no suspect identified
b7c463b275b4f256a0e623edbbb374a26cd2cf38b0ed735d18354e6a50828e38,2021-05,Northumbria Police,Northumbria Police,-1.585991,54.976188,On or near Parking Area,E01008304,Newcastle upon Tyne 026C,Investigation complete; no suspect identified
bbda1646d96d3b673d6f23592f2237a47a4b0cb98fd1759e6fd9e4fdc1eb94b8,2021-05,Northumbria Police,Northumbria Police,-1.398397,54.907558,On or near RAVENSWORH STREET,E01008705,Sunderland 013C,Investigation complete; no suspect identified
f7088204f80d771bb6c131f9fe404c8d62558d6c291e5189eb70a5fde0a96038,2021-05,Northumbria Police,Northumbria Police,-1.579629,54.903107,On or near DEVON CRESCENT,E01008223,Gateshead 025B,Suspect charged
89851ee49054002b1d4f3ca3d165b8ef73b60eb1538dfa7cb7f4df586cfdcdbf,2021-05,Northumbria Police,Northumbria Police,-1.368951,54.892581,On or near ST LEONARD STREET,E01008738,Sunderland 016E,Investigation complete; no suspect identified
89851ee49054002b1d4f3ca3d165b8ef73b60eb1538dfa7cb7f4df586cfdcdbf,2021-05,Northumbria Police,Northumbria Police,-1.368951,54.892581,On or near ST LEONARD STREET,E01008738,Sunderland 016E,Investigation complete; no suspect identified
89851ee49054002b1d4f3ca3d165b8ef73b60eb1538dfa7cb7f4df586cfdcdbf,2021-05,Northumbria Police,Northumbria Police,-1.368951,54.892581,On or near ST LEONARD STREET,E01008738,Sunderland 016E,Investigation complete; no suspect identified
a652318c4802d5d55f3d3471e2a0fa91c922865d76db26cc4fc92d5a0f6069a0,2021-05,Northumbria Police,Northumbria Police,-1.627123,54.966427,On or near Further/Higher Educational Building,E01008438,Newcastle upon Tyne 029G,Investigation complete; no suspect identified
63a88eb4a47e3234e67dcf0652944e6df0102d2e8cb6b3e3d07812e7c97733dc,2021-05,Northumbria Police,Northumbria Police,-1.437459,54.992010,On or near TUDOR ROAD,E01008667,South Tyneside 002D,Suspect charged
ebf766eeaca24857e4b594a318198351404171fa53f639e47ed834fa6ff04aae,2021-05,Northumbria Police,Northumbria Police,-1.437459,54.992010,On or near TUDOR ROAD,E01008667,South Tyneside 002D,Suspect charged
a966ae9f13df963ed943829e752713661f93a3142642e0dd4e208833f5028869,2021-05,Northumbria Police,Northumbria Police,-1.585991,54.976188,On or near Parking Area,E01008304,Newcastle upon Tyne 026C,Investigation complete; no suspect identified
0fd4c54a8c9fc1e6c49fb7aa98261f72735c7e40a9fc8bf38332b0ab7b91daf2,2021-05,Northumbria Police,Northumbria Police,-1.460650,55.008578,On or near A193,E01008530,North Tyneside 020D,Investigation complete; no suspect identified
a7d137bb7c1ce2a325505654ab62d266759a86517b1b70d674b2495cecb72e6a,2021-05,Northumbria Police,Northumbria Police,-1.529657,54.994666,On or near GRANGE VILLAS,E01008574,North Tyneside 029C,Suspect charged
4ab4f0f22e0be665ef817367a27038154b18139a4033c2c17a47060641ac1e86,2021-05,Northumbria Police,Northumbria Police,-1.580427,54.982342,On or near ROXBURGH PLACE,E01008362,Newcastle upon Tyne 018E,Investigation complete; no suspect identified
be5c867a015e05b22280da575035c2402ac55d232e79df6bacaae8e73f942029,2021-05,Northumbria Police,Northumbria Police,-1.673985,55.050780,On or near HAVANNAH CRESCENT,E01008306,Newcastle upon Tyne 001B,Investigation complete; no suspect identified
bf24174bbfaf3bac1e8355d1ecd5cff035996fa4648a46f1ca1bfd668c731993,2021-05,Northumbria Police,Northumbria Police,-1.548662,54.964094,On or near MERTON ROAD,E01008427,Newcastle upon Tyne 030C,Investigation complete; no suspect identified
9fa00957e9fcc49f2ab68d7d7ac859b506aa85d0bad23b33d74ae5bf5076403c,2021-05,Northumbria Police,Northumbria Police,-1.591486,54.999687,On or near COTSWOLD GARDENS,E01008317,Newcastle upon Tyne 007A,Investigation complete; no suspect identified
5421ab7fa80d50cfaf3e5023110f97bb7ed89a89fc4555e7d46956a0f33fb218,2021-05,Northumbria Police,Northumbria Police,-1.590280,54.949261,On or near KINGSTON ROAD,E01008204,Gateshead 011D,Investigation complete; no suspect identified
39dd7d18ac1cd9fc2d152ddad26a661c3e40b161fd47d163c19ceeb859331056,2021-05,Northumbria Police,Northumbria Police,-1.398397,54.907558,On or near RAVENSWORH STREET,E01008705,Sunderland 013C,Suspect charged
39dd7d18ac1cd9fc2d152ddad26a661c3e40b161fd47d163c19ceeb859331056,2021-05,Northumbria Police,Northumbria Police,-1.398397,54.907558,On or near RAVENSWORH STREET,E01008705,Sunderland 013C,Investigation complete; no suspect identified
9633df39500f4a04e8de925b234f93410f31d30a507d49a6867dfdfac512e309,2021-05,Northumbria Police,Northumbria Police,-1.435705,54.985577,On or near MARSHALL WALLIS ROAD,E01008664,South Tyneside 002A,Investigation complete; no suspect identified
9633df39500f4a04e8de925b234f93410f31d30a507d49a6867dfdfac512e309,2021-05,Northumbria Police,Northumbria Police,-1.435705,54.985577,On or near MARSHALL WALLIS ROAD,E01008664,South Tyneside 002A,Suspect charged
9633df39500f4a04e8de925b234f93410f31d30a507d49a6867dfdfac512e309,2021-05,Northumbria Police,Northumbria Police,-1.435705,54.985577,On or near MARSHALL WALLIS ROAD,E01008664,South Tyneside 002A,Suspect charged
11836dfa7206afa8765d7a68e8710951178ce60f857cb9b15c45848f173eaa8e,2021-05,Northumbria Police,Northumbria Police,-1.484139,55.022887,On or near HAMILTON CRESCENT,E01008490,North Tyneside 015C,Suspect charged
bdf4c1cc31b451ec9403507d650fa64be025ce14c8b0f8ff61989a80369b696d,2021-05,Northumbria Police,Northumbria Police,-1.711077,54.957741,On or near LADYWELL ROAD,E01008182,Gateshead 004C,Investigation complete; no suspect identified
84b02ff0b4819f06cd3fd7df8739f2bad7af081cb28a9bd64916c3cc41c69c21,2021-05,Northumbria Police,Northumbria Police,-1.579089,54.998261,On or near CORNEL ROAD,E01008314,Newcastle upon Tyne 012A,Investigation complete; no suspect identified
08fe1e8950949b5e71f3d41f18f54215b9f0eabfd7802070c821292fcb9150fa,2021-05,Northumbria Police,Northumbria Police,-1.637121,54.974886,On or near LONGLEY STREET,E01008398,Newcastle upon Tyne 022C,Investigation complete; no suspect identified
610a0d9c8c54c30e130b98d57410469a5b693d02a26ca1443e787a66af52f1e8,2021-05,Northumbria Police,Northumbria Police,-1.386336,54.902788,On or near Bus/Coach Station,E01008831,Sunderland 013D,Investigation complete; no suspect identified
0cb3f22af5a981ec5de99626a11ed89e5bad713eaf35f99b6d709df73d43b38c,2021-05,Northumbria Police,Northumbria Police,-1.811910,54.907175,On or near CONNOLLY TERRACE,E01008187,Gateshead 024C,Suspect charged
9a9edb60f5390a206d42d6799cdd128c4c38f6199c51d5f3a28b08cee6217467,2021-05,Northumbria Police,Northumbria Police,-1.599108,54.920310,On or near WOODFORD,E01008189,Gateshead 023A,Investigation complete; no suspect identified
ecb11199c8db4f011392d83d69ae40d0d97affc1d6fdd77bdeb3140efe0456cd,2021-05,Northumbria Police,Northumbria Police,-1.593990,54.948330,On or near LYNNHOLME GARDENS,E01008205,Gateshead 028C,Investigation complete; no suspect identified
5764d288d619e5466d84b3bf1b47370612cba5db2b851641b44bb4413783d57d,2021-05,Northumbria Police,Northumbria Police,-1.562410,54.887509,On or near DUNVEGAN,E01008176,Gateshead 026E,Offender given a drugs possession warning
379f7055a9a9b5e3e94037fd549df6d2304705a2abc487dbe4da47371e4b7785,2021-05,Northumbria Police,Northumbria Police,-1.615061,54.975034,On or near Shopping Area,E01008397,Newcastle upon Tyne 024C,Investigation complete; no suspect identified
00a3959f057fc780a1a463f263d48d8d37c3133fb333505b2f47af79d2a0eeda,2021-05,Northumbria Police,Northumbria Police,-1.597569,55.132217,On or near Parking Area,E01027516,Northumberland 021B,Investigation complete; no suspect identified
b8c70c2cb099483a1ca75f745f43e4cd7fb71237f657d7519bb7846f1df67f64,2021-05,Northumbria Police,Northumbria Police,-1.589901,54.974233,On or near Shopping Area,E01008304,Newcastle upon Tyne 026C,Investigation complete; no suspect identified
0596d17a8a6d4d167d0a9d6642ba93dae2d7baa80a3906041a725e2de23d24e3,2021-05,Northumbria Police,Northumbria Police,-1.569203,54.957986,On or near BATH ROAD,E01008215,Gateshead 003B,Investigation complete; no suspect identified
bbe52251f335c802777d05cb716d395611b5c7adf258d980823fa28d8b240265,2021-05,Northumbria Police,Northumbria Police,-1.388194,54.901603,On or near WORCESTER TERRACE,E01008831,Sunderland 013D,Investigation complete; no suspect identified
e04eec88834d5c9ccb3090f76931cc5651849c1603cab230f6c35fce00f57baf,2021-05,Northumbria Police,Northumbria Police,-1.539666,54.912164,On or near ROSSE CLOSE,E01008879,Sunderland 010D,Investigation complete; no suspect identified
e6185a81b5225bd630fe21368172d1454b90b527c3cf9c864e0bd94901e9c348,2021-05,Northumbria Police,Northumbria Police,-1.713852,54.951780,On or near BLENCATHRA WAY,E01008182,Gateshead 004C,Offender given a drugs possession warning
24eb0875e63ecfa22f473b789fa60430a431f5f153c56d42b6862ab90d2ab1d1,2021-05,Northumbria Police,Northumbria Police,-1.574914,54.934714,On or near Parking Area,E01008220,Gateshead 021B,Investigation complete; no suspect identified
f5a94f539971109f074fd247bd794e9c71fbb0bfdfca5c25d95a3d2f94e84768,2021-05,Northumbria Police,Northumbria Police,-1.394941,54.909239,On or near TRIMDON STREET,E01008700,Sunderland 013A,Investigation complete; no suspect identified
bd054beb1cff93871a98e5ba5fadd432b8f43dc9dfdbd90c3256076a39f05703,2021-05,Northumbria Police,Northumbria Police,-1.837297,54.970061,On or near REGENTS DRIVE,E01027497,Northumberland 038A,Investigation complete; no suspect identified
b6db4639271c4e63b532534a14278895c0e941c902c4bf6312ee57e47441472a,2021-05,Northumbria Police,Northumbria Police,-1.547077,55.128536,On or near TEESDALE PLACE,E01027424,Northumberland 022D,Investigation complete; no suspect identified
0835889c4f49cebeacd6d6d2f9722d24f6406092bd8a1ce0b5621f3256cd05eb,2021-05,Northumbria Police,Northumbria Police,-1.470977,55.000868,On or near ANGUS CRESCENT,E01008541,North Tyneside 027C,Investigation complete; no suspect identified
a109a8f28b9979a4c37f056c524869670d4219cf8011baef77d855fbbaa1acf6,2021-05,Northumbria Police,Northumbria Police,-1.426963,54.922370,On or near NORTH HYLTON ROAD,E01008693,Sunderland 008A,Investigation complete; no suspect identified
7be275bb120fa40ba80916df9631d94d8fd2718d3c14e84adf2b6da478e82a3b,2021-05,Northumbria Police,Northumbria Police,-1.615365,54.971045,On or near GRAINGER STREET,E01033543,Newcastle upon Tyne 024G,Investigation complete; no suspect identified
c2f3f568e93d18fa9a54602e69b5c46e055f9b062360d5f08e1f4cd53cf5b551,2021-05,Northumbria Police,Northumbria Police,-1.429003,54.997542,On or near ANDERSON STREET,E01008596,South Tyneside 001B,Investigation complete; no suspect identified
9566d358056a5cd14314b17375e36ab0facc3206000d96b4402d014164baa6fd,2021-05,Northumbria Police,Northumbria Police,-1.432104,54.958358,On or near COPLEY AVENUE,E01008689,South Tyneside 019B,Investigation complete; no suspect identified
f69d2e609769227a3cf6ba591acc1b75fdc65f5305093465a17b0d319068fa56,2021-05,Northumbria Police,Northumbria Police,-1.524050,55.180342,On or near CONISTON AVENUE,E01027543,Northumberland 009C,Investigation complete; no suspect identified
d1ebe10ac73e460ac8568097e63bdcc70da888b898d7ff04d0346b81cc61c4d2,2021-05,Northumbria Police,Northumbria Police,-1.622119,54.947082,On or near ASCOT CRESCENT,E01008259,Gateshead 007D,Investigation complete; no suspect identified
971756278f782c7a117bf85459ece4b132c9ed64703ea98d21cc5fe20fb9c39d,2021-05,Northumbria Police,Northumbria Police,-1.373260,54.881118,On or near Supermarket,E01008780,Sunderland 024D,Investigation complete; no suspect identified
1554a6405c5ce9f63e383c8e1897fb548b64948ad3db0f0f9709b6a7d6a892c0,2021-05,Northumbria Police,Northumbria Police,-1.490929,54.959715,On or near Petrol Station,E01008659,South Tyneside 017C,Investigation complete; no suspect identified
d5ead2784ba02d2bbaccd62919886421c87857887be6015f3fe2f3149f23a687,2021-05,Northumbria Police,Northumbria Police,-1.697630,54.993231,On or near Supermarket,E01008325,Newcastle upon Tyne 015B,Investigation complete; no suspect identified
331a26095fc7bbf0526ba3be0196400165214b96bc860e01fd2b2f249225427b,2021-05,Northumbria Police,Northumbria Police,-1.609527,55.009200,On or near CHRISTON CLOSE,E01008354,Newcastle upon Tyne 005B,Investigation complete; no suspect identified
1e364f889b66833d5d2afc5dfffdd7c8356caaeda9058695e0db5bc2720c83df,2021-05,Northumbria Police,Northumbria Police,-2.464962,54.968399,On or near WEST ROAD,E01027486,Northumberland 037C,Investigation complete; no suspect identified
b72fb72a441a706f6ba9690ea1207b9fdb1b8ce400c044d8796798ee481be18d,2021-05,Northumbria Police,Northumbria Police,-1.564305,54.974827,On or near CRESSWELL STREET,E01008388,Newcastle upon Tyne 028A,Investigation complete; no suspect identified
441f2b394c1011f885395b197a8fad77d2127797f9b66c2526c3ef8ff9651e96,2021-05,Northumbria Police,Northumbria Police,-1.440475,54.896436,On or near Shopping Area,E01008810,Sunderland 014A,Investigation complete; no suspect identified
fbb8756fba7ef9cf4ebd15431006b7c50b538f4266322767d850ed1b778bda7d,2021-05,Northumbria Police,Northumbria Police,-1.475420,54.997041,On or near ST LUKE'S ROAD,E01008540,North Tyneside 027B,Investigation complete; no suspect identified
81059918f71278e64e72415906b0640924836b028cb3086e70ed595179ae7f9a,2021-05,Northumbria Police,Northumbria Police,-1.564814,55.014485,On or near NORTH AVENUE,E01008473,North Tyneside 018C,Investigation complete; no suspect identified
265231698508f2cf71c95d479b5336e637ae3e3d3eafa1d7db95dc1aa4cfb9c0,2021-05,Northumbria Police,Northumbria Police,-1.689185,54.999940,On or near BUXTON GARDENS,E01008445,Newcastle upon Tyne 031D,Investigation complete; no suspect identified
367b54a360cb5a9a4c9f85087cb6b5f897d74fc3f673e5858d20e0971ad779ff,2021-05,Northumbria Police,Northumbria Police,-1.606647,54.950358,On or near WESTFIELD ROAD,E01008253,Gateshead 010C,Investigation complete; no suspect identified
55d457422a499a501b09c3f20b33cd6704ae93048fb1c8253f874be0f9cb9768,2021-05,Northumbria Police,Northumbria Police,-1.506403,55.028730,On or near BRUNSWICK SQUARE,E01008569,North Tyneside 011C,Investigation complete; no suspect identified
dabeeae0ae1f307a6f9931f6ceb8e2229da03a633f778cbefa21b4810513446c,2021-05,Northumbria Police,Northumbria Police,-1.608487,54.984296,On or near Sports/Recreation Area,E01008370,Newcastle upon Tyne 017C,Investigation complete; no suspect identified
6daf0edc841ced52c4ca0df88387aab71753c8c4d9c91d5d3fe589e1ebc6d8cb,2021-05,Northumbria Police,Northumbria Police,-1.586985,54.976757,On or near Petrol Station,E01008304,Newcastle upon Tyne 026C,Suspect charged
cb5eee1645768bff557d12a78155fb4eebc4c5d1b96f2acdfd82dc8dfbe20d41,2021-05,Northumbria Police,Northumbria Police,-1.585991,54.976188,On or near Parking Area,E01008304,Newcastle upon Tyne 026C,Suspect charged
9f8bd10370b0465c296414e7dbcb0e79e72076fddaa271ca194095d4b6397a30,2021-05,Northumbria Police,Northumbria Police,-1.585991,54.976188,On or near Parking Area,E01008304,Newcastle upon Tyne 026C,Suspect charged
9f8bd10370b0465c296414e7dbcb0e79e72076fddaa271ca194095d4b6397a30,2021-05,Northumbria Police,Northumbria Police,-1.585991,54.976188,On or near Parking Area,E01008304,Newcastle upon Tyne 026C,Suspect charged
8f37ebd82875c14b7cb5624dd68a9d9d8f0b8e252801891beec728c54d061530,2021-05,Northumbria Police,Northumbria Police,-1.608487,54.984296,On or near Sports/Recreation Area,E01008370,Newcastle upon Tyne 017C,Investigation complete; no suspect identified
877bc9343a9b55c4cf3d904ae930c865b9ae3e822e565af164d7f4f9f8049c17,2021-05,Northumbria Police,Northumbria Police,-1.625315,55.004604,On or near LINDEN AVENUE,E01008419,Newcastle upon Tyne 006E,Investigation complete; no suspect identified
a513a730f0b160f4942162f3de2042bbeb62825edda5116bc6fc454407050776,2021-05,Northumbria Police,Northumbria Police,-1.689703,55.001802,On or near TREVELYAN DRIVE,E01008456,Newcastle upon Tyne 004B,Investigation complete; no suspect identified
b461b48aaf856526baea24a1acfb58fc3e828c4de050d48a221c44f1cc651273,2021-05,Northumbria Police,Northumbria Police,-1.432787,54.879892,On or near TURNHAM ROAD,E01008824,Sunderland 023B,Investigation complete; no suspect identified
fe0e75684303a7c025fe5b6c6c92a075eea78a16792adc5085ad5db760b052f8,2021-05,Northumbria Police,Northumbria Police,-1.537005,55.172251,On or near THE PADDOCK,E01033716,Northumberland 013F,Investigation complete; no suspect identified
4109d5ef97f3dea656ef0073f2951d62690f286494d14491cd7e1651cb9c21ba,2021-05,Northumbria Police,Northumbria Police,-1.553570,55.177722,On or near ARIEL STREET,E01027533,Northumberland 013A,Offender given a caution
14d424932829a1f2728e353dec3cf8eec46cf3b9ab9716098a8cb50f1696b76b,2021-05,Northumbria Police,Northumbria Police,-1.491959,54.964760,On or near YORK AVENUE,E01008659,South Tyneside 017C,Investigation complete; no suspect identified
bd6f8a9f1594ee15ffa2f042f0e6eeccee11e10d49d5f47fd97e4b84cb81e4b1,2021-05,Northumbria Police,Northumbria Police,-1.618315,54.972879,On or near Supermarket,E01033543,Newcastle upon Tyne 024G,Investigation complete; no suspect identified
672d99de689f36f1f52dee87be5f1982698a4e014730dcea248876ef0f34c303,2021-05,Northumbria Police,Northumbria Police,-1.673349,54.946089,On or near SCHOOL LANE,E01008267,Gateshead 017A,Investigation complete; no suspect identified
37f85270d77a901c8fc673e49ea36c2b5399447859b94ac7204a16b7ed892f89,2021-05,Northumbria Police,Northumbria Police,-1.609797,55.132769,On or near NETHERDALE,E01027522,Northumberland 021E,Investigation complete; no suspect identified
4d417d76da4302897213c8e092c0f07c1058539fa09f4d7b55db0be312f151d0,2021-05,Northumbria Police,Northumbria Police,-1.608230,54.994692,On or near BAYSWATER ROAD,E01008372,Newcastle upon Tyne 013D,Investigation complete; no suspect identified
da3c49b2007120146755bd98ebe29e60e729a86a810bff7cb34f1b75edb51717,2021-05,Northumbria Police,Northumbria Police,-1.494297,55.023585,On or near Petrol Station,E01008488,North Tyneside 015A,Investigation complete; no suspect identified
a8b9dfcdf1293b775f7852b1e4eea261e788d678b41cb4d9d4d3683fd2610df2,2021-05,Northumbria Police,Northumbria Police,-1.597091,54.973862,On or near RED BARNS,E01008406,Newcastle upon Tyne 023A,Suspect charged
2796155083b4b793166c22b329a50a7f0fc37ca5da71b791c187fda3e49147b8,2021-05,Northumbria Police,Northumbria Police,-1.674806,54.993801,On or near GISHFORD WAY,E01008299,Newcastle upon Tyne 011D,Investigation complete; no suspect identified
35deca57020062bd600edb701730f37946b0cd4d4a261715eb57410bf8e8a83a,2021-05,Northumbria Police,Northumbria Police,-1.587642,54.924828,On or near GREYSTOKE GARDENS,E01008192,Gateshead 023D,Investigation complete; no suspect identified
6a9fcbb2cf44105f3f78345e17ae2d0924ef883e35f0b5994de9b34f63085582,2021-05,Northumbria Police,Northumbria Police,-1.659676,54.971689,On or near NICHOL STREET,E01008334,Newcastle upon Tyne 029D,Suspect charged
43e4f1e2bb43bb930669243c506a58bd799da8d0f754d7c2fa232c6e1a5d9265,2021-05,Northumbria Police,Northumbria Police,-1.541818,55.174219,On or near Parking Area,E01033716,Northumberland 013F,Investigation complete; no suspect identified
124dcfe3ebdb69f97acb9486d63f43e2d9746a98d57cb5542f537ce940dddda1,2021-05,Northumbria Police,Northumbria Police,-1.406417,54.980495,On or near MARSDEN ROAD,E01008636,South Tyneside 008C,Investigation complete; no suspect identified
b5d924530aad30844111d8cdf4cbf899039685a44d1e72d8e9be644d210c6b08,2021-05,Northumbria Police,Northumbria Police,-1.863087,54.965205,On or near PRINCESS WAY,E01027497,Northumberland 038A,Investigation complete; no suspect identified
58a3f70ec79daf4d307783cc3f0cc5efd72ee47709cc2dac727462379386ff7f,2021-05,Northumbria Police,Northumbria Police,-1.592971,54.979617,On or near WARWICK STREET,E01008410,Newcastle upon Tyne 023D,Investigation complete; no suspect identified
755be2e104b3280f9a55a3486d57aa0e2f1c9679717d21273e30a207207e6ad3,2021-05,Northumbria Police,Northumbria Police,-1.411045,54.902300,On or near KAYLL ROAD,E01008759,Sunderland 015C,Investigation complete; no suspect identified
a0e0544364cd9eb5be731880e67e1611b4b7a0725db3f9f9a9f25944ef832c74,2021-05,Northumbria Police,Northumbria Police,-1.590078,54.979877,On or near HOTSPUR STREET,E01008412,Newcastle upon Tyne 023E,Investigation complete; no suspect identified
6e16e86c1d17b607ea634b94e793bed84fcfb5b31cbaff04629a28eb70248b65,2021-05,Northumbria Police,Northumbria Police,-1.480204,54.954574,On or near PARKFIELD,E01008628,South Tyneside 020B,Investigation complete; no suspect identified
ba0bd3d6861f98b22f86756f9f1c217f9c312babe3c7101f2449c1a055a7ffec,2021-05,Northumbria Police,Northumbria Police,-1.686575,54.983893,On or near KENLEY ROAD,E01008345,Newcastle upon Tyne 019C,Investigation complete; no suspect identified
e33d3ac94acb6568ef9316b358fc40a49a2813fde2a97a1cdf1741454aa3c37f,2021-05,Northumbria Police,Northumbria Police,-1.441419,54.967927,On or near BIDDICK HALL DRIVE,E01008594,South Tyneside 011D,Investigation complete; no suspect identified
457faa6a037844e402af75ff4db618abdda0c46c0ef573d02bc5ca6ae39a56d5,2021-05,Northumbria Police,Northumbria Police,-1.603555,55.294172,On or near Supermarket,E01027443,Northumberland 008A,Investigation complete; no suspect identified
b2c4f295a8427d03f6eabd9a7a9a2d98408cec2fb27f2378eab4c453b06d84b0,2021-05,Northumbria Police,Northumbria Police,-1.573946,55.005648,On or near SPALDING CLOSE,E01008323,Newcastle upon Tyne 007F,Investigation complete; no suspect identified
6144c1ea4af531cdea54149387b0113cd01898743960651aa45a989213ec888d,2021-05,Northumbria Police,Northumbria Police,-1.490183,54.979176,On or near GREENBANK,E01008660,South Tyneside 007C,Investigation complete; no suspect identified
454fb9805b95e5293e2852d4763b7f64586785a685dd923263565408584e5e9b,2021-05,Northumbria Police,Northumbria Police,-1.430973,54.987612,On or near WEST GEORGE POTTS STREET,E01008664,South Tyneside 002A,Investigation complete; no suspect identified
0931d01f432a17fcb528950dae4b3584d96c4dd1ff7cc4d31919248f30b233ce,2021-05,Northumbria Police,Northumbria Police,-1.661220,54.998023,On or near HAREHILLS AVENUE,E01008377,Newcastle upon Tyne 008E,Investigation complete; no suspect identified
950b0d24ecf04cb6c56eb98b012f29a124c3a58fb0480a03f840c043e16d1289,2021-05,Northumbria Police,Northumbria Police,-1.381547,54.905936,On or near FAWCETT STREET,E01008703,Sunderland 013B,Investigation complete; no suspect identified
e1dcd0855a8e2ebae9015fb8d0079770241630a24c581ebccdebe306121b3f3a,2021-05,Northumbria Police,Northumbria Police,-1.469595,55.011978,On or near ORLANDO ROAD,E01008486,North Tyneside 020A,Offender given a caution
f3e1fc8d07d391d0340903e56915040481b8e9631590dca5e3c6734cb3dda74b,2021-05,Northumbria Police,Northumbria Police,-1.460975,55.007663,On or near LILBURN STREET,E01008482,North Tyneside 023B,Investigation complete; no suspect identified
563d417e6f8d7b08fadbb5620ef1b7daa0ca1000b18560ef943c07894aa94364,2021-05,Northumbria Police,Northumbria Police,-1.531682,54.991187,On or near CHESTNUT STREET,E01008573,North Tyneside 029B,Investigation complete; no suspect identified
c402c91a140d56999ce0494b0b142b3e38f5dc155d020f00955954cfbc576e68,2021-05,Northumbria Police,Northumbria Police,-1.617134,54.972264,On or near NEWGATE STREET,E01033543,Newcastle upon Tyne 024G,Investigation complete; no suspect identified
d4228c041385c38a74f8bbd48b09d4d876f4b4a9352a21cb4f6dbf4c504b30b7,2021-05,Northumbria Police,Northumbria Police,-1.403639,54.885324,On or near NURSERY CLOSE,E01008782,Sunderland 022C,Suspect charged
ee761463673b9a23374466388dc23544714894dd5a077a2c537a5bd70b48d1f4,2021-05,Northumbria Police,Northumbria Police,-1.685663,54.982579,On or near Petrol Station,E01008416,Newcastle upon Tyne 025C,Investigation complete; no suspect identified
eb712246f22416dfa45ae67d9a627650b86bb44e8287f9de2e53a608dc93b929,2021-05,Northumbria Police,Northumbria Police,-1.689742,55.168844,On or near Parking Area,E01027453,Northumberland 016B,Investigation complete; no suspect identified
e084bb1266569a4f6f548cff10dd3706563ada05bed3c9a078d64b05f3d0635c,2021-05,Northumbria Police,Northumbria Police,-1.565948,54.929641,On or near RYHOPE GARDENS,E01008227,Gateshead 021E,Investigation complete; no suspect identified
a2fbc61066b4062148805ec032f4b583ac32f94f5e5cf94393c5d1e6e302ec49,2021-05,Northumbria Police,Northumbria Police,-1.581997,54.942556,On or near HODKIN GARDENS,E01008201,Gateshead 011B,Investigation complete; no suspect identified
2903a67f26a25facead9991f297ab617e9e745f1d2feba7a6965c561f92d023c,2021-05,Northumbria Police,Northumbria Police,-1.411432,54.896092,On or near MOUNT ROAD,E01008760,Sunderland 018A,Investigation complete; no suspect identified
76299b773bdd23499eabd42de0215369058d861a495f05ff00e71b264cb6b1b0,2021-05,Northumbria Police,Northumbria Police,-1.684626,55.168588,On or near STAITHES LANE,E01027452,Northumberland 016A,Investigation complete; no suspect identified
f42ee2122483a3cb097c417ddd4d8a74fdaf1e15f8c0af7026630e6091f14f67,2021-05,Northumbria Police,Northumbria Police,-1.403639,54.885324,On or near NURSERY CLOSE,E01008782,Sunderland 022C,Suspect charged
d9bb33c99cbc26c39d8a119ae9fc09b1a3d3a844979944ef382b719b31c6841d,2021-05,Northumbria Police,Northumbria Police,-1.492759,54.991741,On or near CLAVERING STREET,E01008542,North Tyneside 028B,Investigation complete; no suspect identified
6f3a97d0b710301e6b7934819262beeb566bc8cec260b35afe08fc770a9f5661,2021-05,Northumbria Police,Northumbria Police,-1.586818,54.959494,On or near RENFORTH CLOSE,E01008162,Gateshead 027A,Investigation complete; no suspect identified
c2da741512e2aecb0c2ba1acd088c1052ffc954cb87bc81cc11695078230f6f6,2021-05,Northumbria Police,Northumbria Police,-1.574520,54.973533,On or near AVONDALE ROAD,E01008305,Newcastle upon Tyne 026D,Investigation complete; no suspect identified
a575f221f149f29c2b1211bd665d2ff685624cd7cd6e75ae1fcec4311b71d3bf,2021-05,Northumbria Police,Northumbria Police,-1.460975,55.007663,On or near LILBURN STREET,E01008482,North Tyneside 023B,Investigation complete; no suspect identified
48f7d5f4bf091e0c5dee03920cf04218a0224b9c2658c67960db0c872db264c1,2021-05,Northumbria Police,Northumbria Police,-1.636723,55.048455,On or near GREY STREET,E01008307,Newcastle upon Tyne 001C,Investigation complete; no suspect identified
6c6e8efffcd000be8fed64e077d0517ddb5c5defec2a65d790637d7f9ba1d0f7,2021-05,Northumbria Police,Northumbria Police,-1.560611,55.015521,On or near GRANVILLE CRESCENT,E01008473,North Tyneside 018C,Investigation complete; no suspect identified
f312dd94faa22fa6df0e0f9c3c3406d7adbd2ea1fb20817f2a5b1990c42d92ee,2021-05,Northumbria Police,Northumbria Police,-1.560837,54.974788,On or near ADA STREET,E01008388,Newcastle upon Tyne 028A,Investigation complete; no suspect identified
1653449cc0efe29b34cbbb3b44985c432609f17a8f29659190975c41497c62ca,2021-05,Northumbria Police,Northumbria Police,-1.601834,54.963372,On or near ELLISON STREET,E01008166,Gateshead 027C,Investigation complete; no suspect identified
29eaa1b282933074f71eff9f25edbcab425a6bcf93b4d1d38d46d7793be623d8,2021-05,Northumbria Police,Northumbria Police,-1.368515,54.909491,On or near HARTLEY STREET,E01008702,Sunderland 016A,Investigation complete; no suspect identified
3432455fe5a7bdddaf193bf0dccf67e7b849f77e04040ac5012dfb841ba107c5,2021-05,Northumbria Police,Northumbria Police,-1.380942,54.916861,On or near Supermarket,E01008787,Sunderland 006B,Investigation complete; no suspect identified
7beb04b9e07f4edc06c73ed62dd8b5506700282cb3f499cbd9eb48755fb542f4,2021-05,Northumbria Police,Northumbria Police,-1.576216,55.178827,On or near ELSDON DRIVE,E01027527,Northumberland 012D,Suspect charged
7beb04b9e07f4edc06c73ed62dd8b5506700282cb3f499cbd9eb48755fb542f4,2021-05,Northumbria Police,Northumbria Police,-1.576216,55.178827,On or near ELSDON DRIVE,E01027527,Northumberland 012D,Suspect charged
a99a2de8cc1553c0378f2c4fd9f398504bb5bff5d845d763f572f66763ead981,2021-05,Northumbria Police,Northumbria Police,-1.527815,55.003753,On or near BAILDON CLOSE,E01008465,North Tyneside 024D,Investigation complete; no suspect identified
25b1422c62741a2c166f1b3da7dd311fcd00f00730602288244989578f9d6152,2021-05,Northumbria Police,Northumbria Police,-1.663091,54.989276,On or near STAMFORDHAM ROAD,E01008451,Newcastle upon Tyne 016C,Investigation complete; no suspect identified
e203dc3d5dcf89cad0b8b26aa391e0bc3056b0b1174112e087f40998d389eacf,2021-05,Northumbria Police,Northumbria Police,-1.602375,54.978246,On or near NAPIER STREET,E01008407,Newcastle upon Tyne 023B,Investigation complete; no suspect identified
ad70222d93698d2c9ae5a5f6d8e75dca9bbd9d4e56dd2815d448bf1c6b5fa5cd,2021-05,Northumbria Police,Northumbria Police,-1.441049,54.970980,On or near PRIMROSE AVENUE,E01008594,South Tyneside 011D,Investigation complete; no suspect identified
0b95adc3e1f46c54480da504720560163f2db082d0c26fdeb265f0beb2c73fa6,2021-05,Northumbria Police,Northumbria Police,-1.577563,54.933690,On or near SUNDEW ROAD,E01008221,Gateshead 021C,Investigation complete; no suspect identified
de63acb09a5ee9e123b2cdd6c7fa80efc90b5b1d9fdc3156f91ef193a1bc280a,2021-05,Northumbria Police,Northumbria Police,-1.546602,55.184310,On or near Hospital,E01027549,Northumberland 013E,Investigation complete; no suspect identified
61a86825b7d73def0de8573937f45301023e255af85fdc419fb80f4a29abe34f,2021-05,Northumbria Police,Northumbria Police,-1.610793,54.999571,On or near ALBURY ROAD,E01008422,Newcastle upon Tyne 005E,Investigation complete; no suspect identified
c4e9073e214b6305c573c7c688e84679fc8f86b4e2b7df8cf387e3c097c31341,2021-05,Northumbria Police,Northumbria Police,-1.639639,54.939676,On or near WHICKHAM HIGHWAY,E01008256,Gateshead 019A,Investigation complete; no suspect identified
140781ec4939f03ffa2e86e6b662af30503cd9ca2eb240974f1b7d513512d472,2021-05,Northumbria Police,Northumbria Police,-1.656971,54.968276,On or near MARYHILL CLOSE,E01008291,Newcastle upon Tyne 027D,Investigation complete; no suspect identified
26b79f9d22444592d507a0f39862b97c915c0097d85448f2ee5d7adb528bad37,2021-05,Northumbria Police,Northumbria Police,-1.597091,54.973862,On or near RED BARNS,E01008406,Newcastle upon Tyne 023A,Investigation complete; no suspect identified
5383866aeaa59790785bd5176ba5bb43029617d9d9985fdb3921b4fc11f4a0ba,2021-05,Northumbria Police,Northumbria Police,-1.496494,54.960547,On or near MORECAMBE PARADE,E01008658,South Tyneside 015F,Investigation complete; no suspect identified
881033d34b4c7015e95137215a03e11f1d9bf96155f4626cab38aef63c8972a7,2021-05,Northumbria Police,Northumbria Police,-1.505591,55.001894,On or near WYLAM GARDENS,E01008509,North Tyneside 026B,Investigation complete; no suspect identified
1cb707193386d37f7819cbed166a58dca1651112ea2f4e20b9939c48e7525982,2021-05,Northumbria Police,Northumbria Police,-1.568239,54.973628,On or near WELBECK ROAD,E01008302,Newcastle upon Tyne 026B,Investigation complete; no suspect identified
a0564ae4886cdb43eadbf0b2dbac3d23a3ed0855c99478d961aecf0199e8b1b9,2021-05,Northumbria Police,Northumbria Police,-1.418213,54.866945,On or near PLANE TREE COURT,E01008802,Sunderland 029D,Investigation complete; no suspect identified
107377beba3a92596c08096505832ea08d7436682fe7d47b14e77e93d34201a1,2021-05,Northumbria Police,Northumbria Police,-1.496649,54.996897,On or near HAZELWOOD TERRACE,E01008542,North Tyneside 028B,Suspect charged
644c9633c9cd17e6e2d2db48571b0a2d7f0415b9b76b5158d44493b0e2d170ab,2021-05,Northumbria Police,Northumbria Police,-1.603536,54.953942,On or near RIPON STREET,E01008163,Gateshead 028A,Investigation complete; no suspect identified
2130e7cc405dc715ffcda4aa96fad09ed82d885a294354b1f4381ec9c5232e92,2021-05,Northumbria Police,Northumbria Police,-1.381547,54.905936,On or near FAWCETT STREET,E01008703,Sunderland 013B,Investigation complete; no suspect identified
5aada6b3d43992ff834435ddbd37ac1340c8a7cfa24e467a03697e5e2d9081a4,2021-05,Northumbria Police,Northumbria Police,-1.409513,54.919600,On or near FREDA STREET,E01008820,Sunderland 005F,Investigation complete; no suspect identified
ff09088c441c305b083a94c43cb67a1241371bca2cb8f87209aeebdb03ccef49,2021-05,Northumbria Police,Northumbria Police,-1.425789,54.899620,On or near HALSTEAD SQUARE,E01008812,Sunderland 012C,Investigation complete; no suspect identified
dc2dca28e94983c0224d1d3cb53c389f3756c7cb97a3c475baa07c5b59a8c5ce,2021-05,Northumbria Police,Northumbria Police,-1.378495,54.906604,On or near WEST SUNNISIDE,E01008703,Sunderland 013B,Investigation complete; no suspect identified
8dbc5ffa39870a092b74d3fa02c268054bbf0f5ed43f7fd03c7e28ce285121c7,2021-05,Northumbria Police,Northumbria Police,-1.712565,54.963567,On or near EAST VIEW,E01008177,Gateshead 005A,Investigation complete; no suspect identified
b96db99ff10064be8b9e6e04fa1bfc99cb582f95b16f1ccb8ed4a5616831ee2e,2021-05,Northumbria Police,Northumbria Police,-1.612740,54.974308,On or near Shopping Area,E01008397,Newcastle upon Tyne 024C,Investigation complete; no suspect identified
c79aa48d74cc4b52ea1f48b462ed407977401ce6fa3d13604f9bf32639e28100,2021-05,Northumbria Police,Northumbria Police,-1.462350,55.003068,On or near WATERVILLE ROAD,E01008545,North Tyneside 027E,Investigation complete; no suspect identified
147ea3877ec3d99560b0e69d5fb24db21609e1418b3b1444a15b64e7ab3ea2f4,2021-05,Northumbria Police,Northumbria Police,-1.587187,55.185407,On or near Supermarket,E01027524,Northumberland 012A,Investigation complete; no suspect identified
f28b8c80dd2ccdff63ee7dde2dd93134dcc5dfaf8017fdeafac6c38e154c0385,2021-05,Northumbria Police,Northumbria Police,-1.409116,54.894490,On or near Park/Open Space,E01008760,Sunderland 018A,Investigation complete; no suspect identified
eda6699ad71a83e594be0eca5642751a1dfaf5b0883f3365ea83dbc83495aa12,2021-05,Northumbria Police,Northumbria Police,-1.481796,55.015355,On or near PONTELAND CLOSE,E01008491,North Tyneside 015D,Suspect charged
a68911809d7cc9d878785dac851917667c5d0566f89140bf94827af87f952584,2021-05,Northumbria Police,Northumbria Police,-1.539527,55.040416,On or near KILLINGWORTH AVENUE,E01008565,North Tyneside 007C,Offender given a caution
9c2eabfc91438d4e0b955c809b85987e81bd1a86d7d61d793abe37598fd5020e,2021-05,Northumbria Police,Northumbria Police,-1.385068,54.975725,On or near LAKE AVENUE,E01008684,South Tyneside 018B,Investigation complete; no suspect identified
90764640cc5b773939f1c5b596da43313c5536c29059d23b5d36151edc06f26e,2021-05,Northumbria Police,Northumbria Police,-1.547077,55.128536,On or near TEESDALE PLACE,E01027424,Northumberland 022D,Investigation complete; no suspect identified
d5bde434defb7af8b2bf051bc00b7b266b977bda3ce3b7bc674d81ebbfcca508,2021-05,Northumbria Police,Northumbria Police,-1.596295,55.011206,On or near WEST FARM WYND,E01008513,North Tyneside 019C,Investigation complete; no suspect identified
a5fe8c35c1946c5a8caafe3977102abdd39bbb3d8d9ffca4b09b6688257aae4f,2021-05,Northumbria Police,Northumbria Police,-1.429977,54.896728,On or near HOLBORN SQUARE,E01008813,Sunderland 014C,Investigation complete; no suspect identified
0b9f49229e3be3dca0db6f7f1a5d6208d70ccf05af34a6ce34ed78a3407f77fa,2021-05,Northumbria Police,Northumbria Police,-1.532306,54.989931,On or near STATION ROAD,E01008575,North Tyneside 030E,Investigation complete; no suspect identified
4aa5ccd4b3b259c9e4bbddf63c25ce01e678f7bb095d40bdb11781eea7d61e0a,2021-05,Northumbria Police,Northumbria Police,-1.373100,54.907556,On or near DONNISON GARDENS,E01008702,Sunderland 016A,Investigation complete; no suspect identified
e593d3b1f9a8d1f906331b9cc5169439a6abbb0bd9b93df4a3b6160d2dead8e4,2021-05,Northumbria Police,Northumbria Police,-1.560678,54.947828,On or near WATERMILL LANE,E01008213,Gateshead 012B,Investigation complete; no suspect identified
a577e9e19cb635e96ecd64da3b3a7b35c802f8e34c4da03f77e6407540796773,2021-05,Northumbria Police,Northumbria Police,-1.574085,54.979211,On or near MILLERS ROAD,E01008392,Newcastle upon Tyne 026F,Investigation complete; no suspect identified
6a6cfbabb897f456117a5588a627357398cd6afa1331532e6f0d22544a75b61b,2021-05,Northumbria Police,Northumbria Police,-1.639485,54.965646,On or near CLUMBER STREET NORTH,E01008437,Newcastle upon Tyne 029F,Investigation complete; no suspect identified
68e1f46d72f7d157e8db005ad5d6091f0c3258c575240968620663c5b9b3c4dd,2021-05,Northumbria Police,Northumbria Police,-1.532724,54.900087,On or near Supermarket,E01008848,Sunderland 019C,Investigation complete; no suspect identified
74eafadd2c4fec7d9a3268a2dfd53385ae0fed69c19862e1b95e33ef8057e78e,2021-05,Northumbria Police,Northumbria Police,-1.627850,54.955367,On or near YETHOLM ROAD,E01008258,Gateshead 007C,Investigation complete; no suspect identified
d6c5cb279808c8fa295a44dc4257ddca5047552401639e0a1ec3fc631040804b,2021-05,Northumbria Police,Northumbria Police,-1.525944,55.028538,On or near Petrol Station,E01008501,North Tyneside 018D,Investigation complete; no suspect identified
bd17d7eb85bbc9c334bad75deef64f0f6ba7dca798dd6214b51dfbf5f3818038,2021-05,Northumbria Police,Northumbria Police,-1.533133,55.002209,On or near Petrol Station,E01008465,North Tyneside 024D,Investigation complete; no suspect identified
e0ed8f2dfe2c63f7cbd95729b9b9bf67c0a47d28712126fd08b01c9adf054ee1,2021-05,Northumbria Police,Northumbria Police,-1.644332,55.016307,On or near PARK AVENUE,E01008337,Newcastle upon Tyne 003B,Investigation complete; no suspect identified
2eae487ea876133f530bb343f2750e30ea1f99c23eca42c4c3c9363257386540,2021-05,Northumbria Police,Northumbria Police,-1.386805,54.906817,On or near CROWTREE ROAD,E01008703,Sunderland 013B,Investigation complete; no suspect identified
d97cc29b5767f01a538247044bed2703ef4d1760a0d0e05e363fdbc26dd044f0,2021-05,Northumbria Police,Northumbria Police,-1.468298,55.039120,On or near CAULDWELL LANE,E01008522,North Tyneside 005D,Investigation complete; no suspect identified
495aaafbc3d51d3aba7c81ddf1ac46e86b42f6f0e2be926c9cb68179bf4095dc,2021-05,Northumbria Police,Northumbria Police,-1.443865,55.041877,On or near VICTORIA MEWS,E01008588,North Tyneside 006D,Investigation complete; no suspect identified
3629b1d935dd2b4e47bd3ea7e7b73fc499f5ac6bf4b80fda70c6655ffbc790e7,2021-05,Northumbria Police,Northumbria Police,-1.752830,54.996518,On or near LANERCOST GARDENS,E01008405,Newcastle upon Tyne 014F,Investigation complete; no suspect identified
948c6cc4990c65c75c52eb1c38f77c1e66a11d57da51158cc99002324c203503,2021-05,Northumbria Police,Northumbria Police,-1.691907,55.166980,On or near Parking Area,E01027453,Northumberland 016B,Investigation complete; no suspect identified
dcd101e8b40eb50900bdb3a11b3f82c0103d4cbea6c54eb87ee9594c50f154ef,2021-05,Northumbria Police,Northumbria Police,-1.544466,54.976021,On or near LIGHTBOURNE ROAD,E01008429,Newcastle upon Tyne 028D,Investigation complete; no suspect identified
59f7e5b19b2f06984e738e1f693fdfd100642615578452f335611ea08b553713,2021-05,Northumbria Police,Northumbria Police,-1.591799,54.985760,On or near NORTHUMBERLAND GARDENS,E01008409,Newcastle upon Tyne 017D,Investigation complete; no suspect identified
198b166163e5b39b6f649afe4c653d8bc0cdf02b6ac7fafb81a901e741cb74a7,2021-05,Northumbria Police,Northumbria Police,-1.598777,55.013200,On or near BYLAND ROAD,E01008513,North Tyneside 019C,Investigation complete; no suspect identified
815064868efe3bc2a77133a609113fe1433ff7d33c681e7a5db715b25b5fdd98,2021-05,Northumbria Police,Northumbria Police,-1.598252,54.931082,On or near HUTTON TERRACE,E01008234,Gateshead 020C,Investigation complete; no suspect identified
5f6a5cf70d2ffbe4704fcdf321813c073ded14a7d893ec68f8677ccb74037be7,2021-05,Northumbria Police,Northumbria Police,-1.664657,55.002014,On or near KENTON LANE,E01008295,Newcastle upon Tyne 008A,Investigation complete; no suspect identified
b2949276d85b36820b222d8641af1294414d5f3b715795252a8008ddad96110a,2021-05,Northumbria Police,Northumbria Police,-1.685461,55.002447,On or near KIDLANDLEE PLACE,E01008456,Newcastle upon Tyne 004B,Investigation complete; no suspect identified
700bcd5cb07c3007abd2b468e92a11e11c8bc4e4bc8707127baa869c75f71e01,2021-05,Northumbria Police,Northumbria Police,-1.755060,54.922755,On or near BARKWOOD ROAD,E01008185,Gateshead 022B,Investigation complete; no suspect identified
1ac273b4d3010221f23dead95a4fb1d41ee15de376cd51a8351de9c7b18c58c9,2021-05,Northumbria Police,Northumbria Police,-1.690825,54.977847,On or near SWINLEY GARDENS,E01008415,Newcastle upon Tyne 025B,Investigation complete; no suspect identified
8ed18773d12d2a740acbf6151903798f6a079a05a546c5b14f430e2c0bf1562e,2021-05,Northumbria Police,Northumbria Police,-1.764819,55.036530,On or near Supermarket,E01033714,Northumberland 033F,Investigation complete; no suspect identified
21b233983bef22369dfb1536d38ea000434049743abe68ca9d3765eaa27a6d3f,2021-05,Northumbria Police,Northumbria Police,-1.661608,54.979782,On or near MAGNOLIA CLOSE,E01008348,Newcastle upon Tyne 019F,Investigation complete; no suspect identified
befe07c5a4c906c090fdb65168b2e08bb1eae1715cc28c5a5dbd0a4f94192edf,2021-05,Northumbria Police,Northumbria Police,-1.503952,55.010586,On or near MIDDLE ENGINE LANE,E01008468,North Tyneside 021D,Investigation complete; no suspect identified
3da324a8e059cb742d0cf6e775bc9346aa9b26d4bc58f959829a9284570662ac,2021-05,Northumbria Police,Northumbria Police,-1.401799,54.928522,On or near EYEMOUTH LANE,E01008712,Sunderland 004A,Suspect charged
23bf0b0d9be3913e79a99ea6af723b08c45b759ac27689ba021d5f54d4153141,2021-05,Northumbria Police,Northumbria Police,-1.386034,54.904180,On or near VINE PLACE,E01008703,Sunderland 013B,Investigation complete; no suspect identified
0bea713557d980b3b5209b0cfa3f73291b765ce1284e957da743ef8822180c97,2021-05,Northumbria Police,Northumbria Police,-1.401799,54.928522,On or near EYEMOUTH LANE,E01008712,Sunderland 004A,Suspect charged
e857ab4b7d80c7e99a0ed1a759b63a7e62294d89e58c80f2c932545fce251d39,2021-05,Northumbria Police,Northumbria Police,-1.691184,54.973741,On or near THORNDALE ROAD,E01033547,Newcastle upon Tyne 025E,Investigation complete; no suspect identified
c3edca43dc4aeaf7891dca862ea86b745f45a7daffe1eff8f82fb5a2aab0aeac,2021-05,Northumbria Police,Northumbria Police,-1.726334,54.955260,On or near Parking Area,E01008280,Gateshead 004E,Investigation complete; no suspect identified
c6a92d5cce6147f1ea4ce73f9f8d66efb3e8c154dd86909ba5d6fad8362fe472,2021-05,Northumbria Police,Northumbria Police,-1.490929,54.959715,On or near Petrol Station,E01008659,South Tyneside 017C,Investigation complete; no suspect identified
c3d9b5b93408fbc1817a1d34121cd1250f8195fa6ce14f7f7f48bea2982296cb,2021-05,Northumbria Police,Northumbria Police,-1.491362,54.953911,On or near DURHAM DRIVE,E01008629,South Tyneside 020C,Investigation complete; no suspect identified
a5b01b3780cb6f0d2c7fce24fb6c420eb2d2cf681264ba9573289a5c79a5289a,2021-05,Northumbria Police,Northumbria Police,-1.589740,55.213577,On or near ORCHARD VIEW,E01027445,Northumberland 008C,Investigation complete; no suspect identified
b492ce967ff9213e7d415439da17fb9a321c0302640b5959c4d655ff0605301c,2021-05,Northumbria Police,Northumbria Police,-1.373576,54.895966,On or near EDITH STREET,E01008737,Sunderland 016D,Suspect charged
6ca34b3a3ef7e681814c7e7f02b26e5e5e1675675e5d7bb605fbdf9e92722ed1,2021-05,Northumbria Police,Northumbria Police,-1.656873,54.976148,On or near WEST ROAD,E01008334,Newcastle upon Tyne 029D,Investigation complete; no suspect identified
bc6fbfd24d8d5eaccb61385b9439a91f87249349596155af347c44729a98ddf2,2021-05,Northumbria Police,Northumbria Police,-1.628600,54.950283,On or near Parking Area,E01008259,Gateshead 007D,Suspect charged
952d6b6431faed9982f5178b74cb29cb3583a26935e6615c2b37c276d8c3fb07,2021-05,Northumbria Police,Northumbria Police,-1.401799,54.928522,On or near EYEMOUTH LANE,E01008712,Sunderland 004A,Suspect charged
952d6b6431faed9982f5178b74cb29cb3583a26935e6615c2b37c276d8c3fb07,2021-05,Northumbria Police,Northumbria Police,-1.401799,54.928522,On or near EYEMOUTH LANE,E01008712,Sunderland 004A,Investigation complete; no suspect identified
952d6b6431faed9982f5178b74cb29cb3583a26935e6615c2b37c276d8c3fb07,2021-05,Northumbria Police,Northumbria Police,-1.401799,54.928522,On or near EYEMOUTH LANE,E01008712,Sunderland 004A,Suspect charged
17f9c5cb687e8a8374bae3e0618eab5782b5de914fc7f7441a64b9eebda78afc,2021-05,Northumbria Police,Northumbria Police,-1.464348,54.975120,On or near CUTHBERT COURT,E01008600,South Tyneside 007A,Investigation complete; no suspect identified
3e04a3d5fd4edd4ddae76472091a3e96a4bc0a97635862de90f505efbc48000a,2021-05,Northumbria Police,Northumbria Police,-1.710539,55.411906,On or near CLAYPORT STREET,E01027359,Northumberland 005B,Investigation complete; no suspect identified
2ec3d5c85c3e621a157da24e237f9a3f3852c6267b4c2ad75faf6e4195995f0d,2021-05,Northumbria Police,Northumbria Police,-1.751847,54.998673,On or near WESTWAY,E01008405,Newcastle upon Tyne 014F,Local resolution
e812d33982080499edfc9685ebefabe9d2ff064886e1b2c01b9a6c0e27eff7a9,2021-05,Northumbria Police,Northumbria Police,-1.655580,55.005008,On or near BALMAIN ROAD,E01008375,Newcastle upon Tyne 008C,Investigation complete; no suspect identified
01ac51e032fc72f366f03313b5c1f330fe60e5532248f3eb4a236860589ebf37,2021-05,Northumbria Police,Northumbria Police,-1.591674,54.958100,On or near SHELLEY DRIVE,E01008162,Gateshead 027A,Investigation complete; no suspect identified
090676de4e144bfccfdc0763c01561ced7f0783591f3f07130344d3fb7596e6b,2021-05,Northumbria Police,Northumbria Police,-1.739590,54.984566,On or near HARESIDE COURT,E01008404,Newcastle upon Tyne 014E,Investigation complete; no suspect identified
370ed325c940826986e164698cfe745daa2682576fa7564b7929f900ff65b53d,2021-05,Northumbria Police,Northumbria Police,-1.519086,54.912606,On or near FRONT STREET,E01008853,Sunderland 009A,Investigation complete; no suspect identified
39f72a7b0c25abf11413c4add2be3cd1dffa97635dc362229567412040a5647f,2021-05,Northumbria Police,Northumbria Police,-2.326939,54.962190,On or near Park/Open Space,E01027484,Northumberland 037A,Investigation complete; no suspect identified
01377ed3b053bd3659a88eb40fa812ab292ab34416c04b170f29e258b9a0033e,2021-05,Northumbria Police,Northumbria Police,-1.450019,55.007299,On or near WATERVILLE TERRACE,E01008544,North Tyneside 027D,Investigation complete; no suspect identified
35fbdbee0c6610676426843efc2f9e99772fe388f19b5e542e905967a8618c82,2021-05,Northumbria Police,Northumbria Police,-1.740373,54.925977,On or near A694,E01008188,Gateshead 022C,Investigation complete; no suspect identified
e9f637e063e74b688306720953494534bb64d2286a9b20ee8ecab75bc4e58f91,2021-05,Northumbria Police,Northumbria Police,-1.661869,55.004495,On or near Sports/Recreation Area,E01008295,Newcastle upon Tyne 008A,Investigation complete; no suspect identified
7cbda166b9c48b4542a8f0a96f78259d6b29a0e5b3ab015b20d37453e91f77e3,2021-05,Northumbria Police,Northumbria Police,-1.555752,54.972693,On or near GRASMERE AVENUE,E01008426,Newcastle upon Tyne 028C,Investigation complete; no suspect identified
93a6c71e101548aa817937e8ea7120eb564f6d42ec37031ae14ce75923d967ef,2021-05,Northumbria Police,Northumbria Police,-2.030608,54.877023,On or near PARK BANK,E01027506,Northumberland 039D,Investigation complete; no suspect identified
e63163b61572f24c452159acbefb1b4baea1e9d3041aa71f5b2a1dec35711095,2021-05,Northumbria Police,Northumbria Police,-1.520544,55.028769,On or near BENTON ROAD,E01032647,North Tyneside 011E,Investigation complete; no suspect identified
b2cd619116fd8218575e8bb70eabbed8a950309da13e559735a0a58a8a70f86e,2021-05,Northumbria Police,Northumbria Police,-1.432996,54.998154,On or near SMITHY STREET,E01008667,South Tyneside 002D,Investigation complete; no suspect identified
4751a26b81f2d037173b7d9360e0dae10ccd17fc57b1082c4ce6c9b9f65c5d54,2021-05,Northumbria Police,Northumbria Police,-1.510696,55.128314,On or near REGENT STREET,E01027415,Northumberland 023B,Investigation complete; no suspect identified
f205ea1fb8e47cc138a9f46268fa4569da45d840dcf81d1f9472e1664a48d38c,2021-05,Northumbria Police,Northumbria Police,-1.395604,54.902439,On or near THE ROYALTY,E01008831,Sunderland 013D,Investigation complete; no suspect identified
4c970541862b2ca1d37484a025be5642aa143825e1571d655b7abe2465afce95,2021-05,Northumbria Police,Northumbria Police,-1.539994,55.214020,On or near DALTON AVENUE,E01027451,Northumberland 008E,Suspect charged
52fd1a18ea509b25f69262d09a1dc1287960e3e888600a4e2b36569ed052e0ee,2021-05,Northumbria Police,Northumbria Police,-1.482337,54.983007,On or near SAXON WAY,E01008604,South Tyneside 007B,Investigation complete; no suspect identified
80a7a926ab798f43a2436c083d24fa5a2680d84f9366cdd159ef27b522dd0248,2021-05,Northumbria Police,Northumbria Police,-1.435921,54.883124,On or near THORPENESS ROAD,E01008823,Sunderland 023A,Investigation complete; no suspect identified
f1b441f7e70995ab43a38c2c69456d5fe56cab8d0a402b4b8ec24ee2245386fb,2021-05,Northumbria Police,Northumbria Police,-1.455622,54.919105,On or near CRICKLEWOOD ROAD,E01008695,Sunderland 008C,Investigation complete; no suspect identified
b8c40676e0db29eda98399b72054c2b282fc431f0acf588fb0bc15ed7385237b,2021-05,Northumbria Police,Northumbria Police,-1.549855,54.964961,On or near BURWOOD ROAD,E01008427,Newcastle upon Tyne 030C,Investigation complete; no suspect identified
ffee8c42754f2b23143a994f9ad9ef250c0915e504046a22bea22687b9cc1e4f,2021-05,Northumbria Police,Northumbria Police,-1.664657,55.002014,On or near KENTON LANE,E01008295,Newcastle upon Tyne 008A,Investigation complete; no suspect identified
31e415d49e9c719329d768eb5180a21ffcdd3e52be843be29a52752e0c247736,2021-05,Northumbria Police,Northumbria Police,-1.460763,55.046761,On or near Sports/Recreation Area,E01008523,North Tyneside 003B,Investigation complete; no suspect identified
c4d820e2541d60990cbd69289ac3afe0c35af62b6b86a148e2ba70a6aba446c8,2021-05,Northumbria Police,Northumbria Police,-1.668555,54.957641,On or near Shopping Area,E01008262,Gateshead 009A,Investigation complete; no suspect identified
f319ddf805b8fc792e7ecdf6fb5fe3266cf6f8a6a538ada418c4f82f6dd8e1cf,2021-05,Northumbria Police,Northumbria Police,-1.426348,54.918458,On or near HYLTON PARK ROAD,E01008693,Sunderland 008A,Investigation complete; no suspect identified
b1a5ed19ffc539ef8ffa5eb1ecdcf44a2446141d922f79ea2542744301e90986,2021-05,Northumbria Police,Northumbria Police,-1.626901,54.954951,On or near UPTON STREET,E01008258,Gateshead 007C,Investigation complete; no suspect identified
9ce5447ea517ab0ae69b0f7522291248ef32104c371fc3bbb3253378978517b5,2021-05,Northumbria Police,Northumbria Police,-1.553570,55.177722,On or near ARIEL STREET,E01027533,Northumberland 013A,Investigation complete; no suspect identified
4799a20e51c62119ed0431198c4b3ca976e0f3bb15a02260f0872fa8adf1b6d7,2021-05,Northumbria Police,Northumbria Police,-1.368646,54.893163,On or near CANON COCKIN STREET,E01008738,Sunderland 016E,Suspect charged
4799a20e51c62119ed0431198c4b3ca976e0f3bb15a02260f0872fa8adf1b6d7,2021-05,Northumbria Police,Northumbria Police,-1.368646,54.893163,On or near CANON COCKIN STREET,E01008738,Sunderland 016E,Suspect charged
6012af8560792d5db09f868ca39e5e93d60e9196291fa5b4652a71ed084f412c,2021-05,Northumbria Police,Northumbria Police,-1.610635,54.967427,On or near Parking Area,E01033545,Newcastle upon Tyne 024H,Investigation complete; no suspect identified
210d1b71e0261c509109c6c089a4bc3c1b3be01dff038d24acfd88de0153cb49,2021-05,Northumbria Police,Northumbria Police,-1.608097,54.932929,On or near BRECKENBEDS ROAD,E01008234,Gateshead 020C,Investigation complete; no suspect identified
d0940bacfa948599729c3b02635088b821e8679ae20647a4925e33d50fd64ef0,2021-05,Northumbria Police,Northumbria Police,-1.780788,54.968894,On or near MEADOWFIELD CRESCENT,E01008245,Gateshead 002F,Investigation complete; no suspect identified
5fca40165bcd550c70a179ac93351ae239d63de4ce97a8ab365963c34c275938,2021-05,Northumbria Police,Northumbria Police,-1.543724,54.881527,On or near EDDLESTONE,E01008866,Sunderland 025G,Investigation complete; no suspect identified
3ab03fe46526b28dd2b231367e9168251b397e98339ddc6a57dacda5c71a26f1,2021-05,Northumbria Police,Northumbria Police,-1.568353,55.182852,On or near Supermarket,E01027528,Northumberland 010A,Investigation complete; no suspect identified
1f7ccb20eee2848b08ebd8fdf28927389abc05c2bf26044193eaccb4d313bd56,2021-05,Northumbria Police,Northumbria Police,-1.672907,54.956350,On or near Parking Area,E01008262,Gateshead 009A,Investigation complete; no suspect identified
facaae54f1ddcf7284eb5e3c56ad40a2cee7f8e1191f6f139e01accf61ac8429,2021-05,Northumbria Police,Northumbria Police,-1.520116,55.132674,On or near POPLAR AVENUE,E01027416,Northumberland 022C,Investigation complete; no suspect identified
e0cbc02b40642858e71d875a2ebbdf2eb1850ff5f8e0b85d2c9231cc6944ac11,2021-05,Northumbria Police,Northumbria Police,-1.462350,55.003068,On or near WATERVILLE ROAD,E01008545,North Tyneside 027E,Investigation complete; no suspect identified
e2e61408783abd5f4e34f45bf64602968f8dcff108245e0d6f4f3a086f0dfeba,2021-05,Northumbria Police,Northumbria Police,-1.672907,54.956350,On or near Parking Area,E01008262,Gateshead 009A,Investigation complete; no suspect identified
bf768e80775ceaa2692af68f58119de087bfccacd0415ae4eb35a7dd9144321e,2021-05,Northumbria Police,Northumbria Police,-2.244316,55.141046,On or near Sports/Recreation Area,E01027479,Northumberland 019A,Investigation complete; no suspect identified
90ba4579c240fbda4fb33f21e41c781c9ef0d9c5ec3922387fd4f8ef3dae173c,2021-05,Northumbria Police,Northumbria Police,-1.614126,54.977988,On or near BARRAS BRIDGE,E01008397,Newcastle upon Tyne 024C,Investigation complete; no suspect identified
c3e1c95554187e7f5e546f9f482d37776a21e3a2a7e3937215e46339379b7f53,2021-05,Northumbria Police,Northumbria Police,-1.605867,54.988601,On or near HOLLY AVENUE WEST,E01008367,Newcastle upon Tyne 017A,Investigation complete; no suspect identified
839f51952210b2ad1c843e39492f7db00db853b75f0aaf0f1d9604ea7b5a6c5d,2021-05,Northumbria Police,Northumbria Police,-1.543141,55.125789,On or near TYNEDALE DRIVE,E01027425,Northumberland 025A,Investigation complete; no suspect identified
40c2ea71a565c52553cdbaf28ab3c72c5fe0bd751cf4585c634b31b539966320,2021-05,Northumbria Police,Northumbria Police,-1.526947,54.912709,On or near Petrol Station,E01008860,Sunderland 009F,Investigation complete; no suspect identified
b76106f97a9d1f37fb6b3e345f939f63ce579f3582d5fad5e193092420bd58cf,2021-05,Northumbria Police,Northumbria Police,-1.648737,54.982882,On or near MATFEN PLACE,E01008453,Newcastle upon Tyne 022E,Investigation complete; no suspect identified
aab6526c5f4c584d26a8cd828c305b73dd5e5b44ef9c2bb190fe20039bfdf39e,2021-05,Northumbria Police,Northumbria Police,-1.675442,54.922649,On or near Supermarket,E01008272,Gateshead 019E,Investigation complete; no suspect identified
4a7fc9a4d47feaae1bb0d37c5ca92eccdcfb2500574a0cef8395b056ff2ac750,2021-05,Northumbria Police,Northumbria Police,-2.009987,55.783321,On or near ST CUTHBERT'S ROAD,E01027376,Northumberland 001A,Offender given a caution
6413b60530acdab00155e8dcbd6f846789781ac2b9a2967e3093772eb4e3e814,2021-05,Northumbria Police,Northumbria Police,-1.657293,54.987418,On or near HEATHER PLACE,E01008450,Newcastle upon Tyne 016B,Investigation complete; no suspect identified
d9fb97fb8f7460165009a3f2d3af580a7fd4e2c4a8706d4e63a15e2c4859b781,2021-05,Northumbria Police,Northumbria Police,-1.445101,54.931962,On or near KINGSWAY ROAD,E01008837,Sunderland 003B,Investigation complete; no suspect identified
28e6915ac0dcde161f368fce6c0948931c768cc4a849df6c36f5995a16538925,2021-05,Northumbria Police,Northumbria Police,-1.611609,54.994406,On or near HOLMWOOD GROVE,E01008369,Newcastle upon Tyne 013B,Suspect charged
5858c487cf1fabd441bc2009feb107c52b78a9a893a2e981fd0591b6619dbb75,2021-05,Northumbria Police,Northumbria Police,-1.615435,54.971836,On or near Nightclub,E01033543,Newcastle upon Tyne 024G,Offender given a caution
414531c6cf5af291a2c5b83dde5617c60d64ee50f9b0a1837224f32ab66ccf52,2021-05,Northumbria Police,Northumbria Police,-1.411316,54.992776,On or near DARTFORD ROAD,E01008648,South Tyneside 004B,Investigation complete; no suspect identified
db6efffa86799217fbf39e1b88e37886eb98e1d4d45e4226cf5b68ac8f4af8c9,2021-05,Northumbria Police,Northumbria Police,-1.563529,54.929686,On or near MEDOMSLEY GARDENS,E01008227,Gateshead 021E,Investigation complete; no suspect identified
c08e5e4f37c612ca46246f2419ea102c111d04ac311a2340e41ffb7fa163b10a,2021-05,Northumbria Police,Northumbria Police,-1.437459,54.992010,On or near TUDOR ROAD,E01008667,South Tyneside 002D,Suspect charged
39b717383d922364e8e73f4352625c5b3a7648fdddc1c4fbfa58d3ab57701ddc,2021-05,Northumbria Police,Northumbria Police,-1.445101,54.931962,On or near KINGSWAY ROAD,E01008837,Sunderland 003B,Investigation complete; no suspect identified
3afbe1b27e21ec7ce8c651c9d528c1083e246ce4e471332be8f3387bf8d45952,2021-05,Northumbria Police,Northumbria Police,-1.606647,54.950358,On or near WESTFIELD ROAD,E01008253,Gateshead 010C,Investigation complete; no suspect identified
a9f637b5c383a12edd6a05018327afd55202d439556828c059cbaebe5bfe3148,2021-05,Northumbria Police,Northumbria Police,-1.600901,54.961383,On or near CHARLES STREET,E01008166,Gateshead 027C,Investigation complete; no suspect identified
a9f637b5c383a12edd6a05018327afd55202d439556828c059cbaebe5bfe3148,2021-05,Northumbria Police,Northumbria Police,-1.600901,54.961383,On or near CHARLES STREET,E01008166,Gateshead 027C,Local resolution
a9f637b5c383a12edd6a05018327afd55202d439556828c059cbaebe5bfe3148,2021-05,Northumbria Police,Northumbria Police,-1.600901,54.961383,On or near CHARLES STREET,E01008166,Gateshead 027C,Local resolution
d625452a2a21eb33e8c470b86fa423ef8853f52b7076737df1ebd886ecd70b53,2021-05,Northumbria Police,Northumbria Police,-1.501064,54.993806,On or near HEADLAM VIEW,E01008543,North Tyneside 028C,Investigation complete; no suspect identified
ad8d81b1a1c3393486a5226c655d6661a73580acddf7dce419887fb69dc81cf7,2021-05,Northumbria Police,Northumbria Police,-1.387027,54.893185,On or near Pedestrian Subway,E01008735,Sunderland 016B,Investigation complete; no suspect identified
88accfc6190c1ce7a9be64fbf104217a68e573eb1e65648d9c5504d2c234c5dc,2021-05,Northumbria Police,Northumbria Police,-1.617415,54.965633,On or near COOKSON'S LANE,E01033545,Newcastle upon Tyne 024H,Investigation complete; no suspect identified
5a334eed1e6db8a41908107a90fff34dac7a69290835ded8eb63b51b7d3707cb,2021-05,Northumbria Police,Northumbria Police,-1.577952,54.920391,On or near BLACK LANE,E01008224,Gateshead 025C,Investigation complete; no suspect identified
2db426f163fabee411904ae5926b492ad2521dc1955781429d067af20ef1a44b,2021-05,Northumbria Police,Northumbria Police,-1.519176,54.911618,On or near VERMONT,E01008854,Sunderland 009B,Investigation complete; no suspect identified
73ac022a5aac63480378bd89dff03896c75c51eb6e62659053c30a59695fce19,2021-05,Northumbria Police,Northumbria Police,-1.645786,54.972018,On or near DUNHOLME ROAD,E01008333,Newcastle upon Tyne 029C,Investigation complete; no suspect identified
6a01e1d025ee22b527b037ff2eb936bf1a813ef5aa39abd34224cc5fbee2d50a,2021-05,Northumbria Police,Northumbria Police,-1.692224,55.009419,On or near HAREYDENE,E01008460,Newcastle upon Tyne 004F,Investigation complete; no suspect identified
19d59bfb911d5a5dc04fbf4433fdfd7146f359fe23d09e04bbee88dd8fda8dc0,2021-05,Northumbria Police,Northumbria Police,-1.430751,54.998880,On or near Nightclub,E01008596,South Tyneside 001B,Suspect charged
c0ef8033731b1e553ee62ed5b067ca8022da5540db5a45bcf25047e5c8c256f7,2021-05,Northumbria Police,Northumbria Police,-1.518687,54.879337,On or near RIVERVIEW,E01008861,Sunderland 025B,Investigation complete; no suspect identified
39d47cd54d1170d1f6de5e348b12d19e8764882e056ceaab92f025a340f7702b,2021-05,Northumbria Police,Northumbria Police,-1.446978,54.886131,On or near GLOVER SQUARE,E01008733,Sunderland 021E,Investigation complete; no suspect identified
c417f48d24841f90754d0d941810e391038b7856e37cb2aeb4bc8014953a8f02,2021-05,Northumbria Police,Northumbria Police,-1.514873,54.993152,On or near NORTH TERRACE,E01008571,North Tyneside 028D,Investigation complete; no suspect identified
213ddcf10e57555c657e193e9ff1874e04eff9965ba4cbc214f4ef00cdc4a801,2021-05,Northumbria Police,Northumbria Police,-1.617134,54.972264,On or near NEWGATE STREET,E01033543,Newcastle upon Tyne 024G,Investigation complete; no suspect identified
0608ac4bf393245564cd3680bb8018acd357a414bcfdb2a5b2ff352a83ce084d,2021-05,Northumbria Police,Northumbria Police,-1.514873,54.993152,On or near NORTH TERRACE,E01008571,North Tyneside 028D,Investigation complete; no suspect identified
fbc90a4a2fd2d718aa823467289cd27d5aa4f1c0bd70b2287356322c101cc89f,2021-05,Northumbria Police,Northumbria Police,-1.419936,54.865273,On or near COLLEGE BURN ROAD,E01008770,Sunderland 031C,Offender given a caution
b1f3af3bc6d812b2a29885acebf88dc87b9e2e9a224509f282438d1241d10935,2021-05,Northumbria Police,Northumbria Police,-1.441003,54.976561,On or near Pedestrian Subway,E01008590,South Tyneside 011A,Investigation complete; no suspect identified
ca3000f4c8a2e91e43155e8b6d5dd5c230447f0aa6b0a021f7e0a7b130d1051a,2021-05,Northumbria Police,Northumbria Police,-1.909504,55.313696,On or near HILLSIDE ROAD,E01027369,Northumberland 007C,Investigation complete; no suspect identified
58529e51a7921983fc03a0322528708bd66712546c64f29f582c062126730dc6,2021-05,Northumbria Police,Northumbria Police,-1.387978,54.903462,On or near ALBION PLACE,E01008831,Sunderland 013D,Investigation complete; no suspect identified
00e7b7cba701c6fc81f56b82941e0059f79b0f6ccfa49e865ddfc035e1e844b6,2021-05,Northumbria Police,Northumbria Police,-1.443925,54.967444,On or near BROCKLEY AVENUE,E01008593,South Tyneside 016A,Investigation complete; no suspect identified
7936abfb3d3dc4242f934696bc1631246cb946155c9f5fa8eca2f410ae7ce84b,2021-05,Northumbria Police,Northumbria Police,-1.560100,54.969375,On or near PINNER PLACE,E01008389,Newcastle upon Tyne 028B,Investigation complete; no suspect identified
c4a63817d20b24b355c11b18a48adec8dcd0416b011a7330d52654e8fb6bd074,2021-05,Northumbria Police,Northumbria Police,-1.532724,54.900087,On or near Supermarket,E01008848,Sunderland 019C,Investigation complete; no suspect identified
97d8d604326d95246c4518f82f64891f16c5443fe8fa39f8c88b1b0083dda723,2021-05,Northumbria Police,Northumbria Police,-1.507215,55.124427,On or near OXFORD STREET,E01027414,Northumberland 023A,Investigation complete; no suspect identified
292443baefbe4c9395bb3574aa446c8f0ac9da98b4524618ae493d7a3d61b311,2021-05,Northumbria Police,Northumbria Police,-1.524624,55.072628,On or near HARTLEY STREET NORTH,E01027432,Northumberland 032A,Investigation complete; no suspect identified
2c3a6f3b4c6225625666b038d9a7fbd1e4a078a1c589274891065b0cd37c1b61,2021-05,Northumbria Police,Northumbria Police,-1.572927,55.138361,On or near Petrol Station,E01027517,Northumberland 020B,Investigation complete; no suspect identified
f7dfb3168061c0df1597d6d54f9eecec6033e28cff4b4139cba26d98bcd6a780,2021-05,Northumbria Police,Northumbria Police,-1.533072,55.076085,On or near BLACKHAUGH DRIVE,E01027433,Northumberland 032B,Investigation complete; no suspect identified
4c922fe94ac092eee644d0de602857a43e3410dc7e158735d895a808302297e7,2021-05,Northumbria Police,Northumbria Police,-1.850389,54.961002,On or near Supermarket,E01027500,Northumberland 038D,Investigation complete; no suspect identified
bb14ec8e9e0fe746f23bee1ea57813f9d932dbf15ef554dfb6e93d93ce10971d,2021-05,Northumbria Police,Northumbria Police,-1.697630,54.993231,On or near Supermarket,E01008325,Newcastle upon Tyne 015B,Investigation complete; no suspect identified
ae416381f4f991625e7d7f780dcfdcb0122be076782c8441651f2dfbcb192195,2021-05,Northumbria Police,Northumbria Police,-1.571509,54.949709,On or near PARK ROW,E01008215,Gateshead 003B,Investigation complete; no suspect identified
94b7bfd45543db72c64a71430337be5c5aadf1d29b72b60633b4d7aaa349ce22,2021-05,Northumbria Police,Northumbria Police,-1.542087,55.174031,On or near MEADOWFIELD,E01033716,Northumberland 013F,Investigation complete; no suspect identified
bffb9b62eafb02142bfa1d84d41bb689dbbab85c0820eaa06eca2c6f24c765a7,2021-05,Northumbria Police,Northumbria Police,-1.389300,54.914054,On or near Sports/Recreation Area,E01008711,Sunderland 005D,Investigation complete; no suspect identified
bd07b936bb0007574206075371811be2c7f9d03bf2f767fc3b21a5bdd087c5e3,2021-05,Northumbria Police,Northumbria Police,-1.691703,55.400861,On or near Petrol Station,E01027358,Northumberland 005A,Investigation complete; no suspect identified
77b6ca19430ea6e0a4ff10f85d4314b548fc210400340baefc9cb6902273070b,2021-05,Northumbria Police,Northumbria Police,-1.513857,54.962127,On or near BATH ROAD,E01008644,South Tyneside 015B,Investigation complete; no suspect identified
47ed26408155aab822fbf62229076361c53c0d856a8483e24e1c9492b12b0fd5,2021-05,Northumbria Police,Northumbria Police,-1.594360,55.083574,On or near MALDEN CLOSE,E01027409,Northumberland 029B,Investigation complete; no suspect identified
dd099e3b5d47055f2974dfb99646eb0b68df71aea192fa9a08f668756fdfe7e8,2021-05,Northumbria Police,Northumbria Police,-1.532469,54.989366,On or near Bus/Coach Station,E01008575,North Tyneside 030E,Investigation complete; no suspect identified
a016599490386752eaf4a31b70f1e2489a78d7af7b335826999a46cc674551be,2021-05,Northumbria Police,Northumbria Police,-1.429698,54.969499,On or near BRYDEN COURT,E01008594,South Tyneside 011D,Investigation complete; no suspect identified
028c3cbbbafb194640fcde7f7e8b285c7a6fc09f64d778429aad98cee01bd6f3,2021-05,Northumbria Police,Northumbria Police,-1.428163,54.901519,On or near HYLTON ROAD,E01008812,Sunderland 012C,Investigation complete; no suspect identified
51b23b64efbe92dcbc4152710d4d3dbc5746d17b24727a9ec1ee2d006cd3d4d7,2021-05,Northumbria Police,Northumbria Police,-1.655752,54.970249,On or near Supermarket,E01008332,Newcastle upon Tyne 029B,Investigation complete; no suspect identified
51e0fa70231ea8f0577c203ed740dd659f8681e9259010e2d61421b83347ee7d,2021-05,Northumbria Police,Northumbria Police,-1.751732,55.030017,On or near HILL PARK,E01027468,Northumberland 034B,Investigation complete; no suspect identified
2cdf250c2978a7c388015fcc354de81b33cdc58e2791455aa92c105ea640dc94,2021-05,Northumbria Police,Northumbria Police,-1.597383,54.977457,On or near PORTLAND ROAD,E01008410,Newcastle upon Tyne 023D,Investigation complete; no suspect identified
e2c72fab62af721807734be4600c2365eb79365f6f5704ce2f10f5bd544b741e,2021-05,Northumbria Police,Northumbria Police,-1.448246,54.829836,On or near LINDSAY STREET,E01008718,Sunderland 035A,Investigation complete; no suspect identified
231716bc1b998f70e2d0f2f260bd19fb31171ebbf076011dc72fcf81967aae4f,2021-05,Northumbria Police,Northumbria Police,-1.460464,54.841646,On or near Sports/Recreation Area,E01008714,Sunderland 034A,Investigation complete; no suspect identified
5e43ca0906bb0a92296161051ca36ce7ca1a0d727494e6d5cce0865ed6de7266,2021-05,Northumbria Police,Northumbria Police,-1.444391,55.044611,On or near OCEAN VIEW,E01008584,North Tyneside 006A,Investigation complete; no suspect identified
2614f172e03cc9279ce451c5c07b8a96e83e6b68cb936dde5e107a5313671bc3,2021-05,Northumbria Police,Northumbria Police,-1.588152,55.213653,On or near POTLAND VIEW,E01027445,Northumberland 008C,Suspect charged
5a1475d3837bdf4ded5e52cbe27a0927d56443faea101ac02cfd40ad4177d711,2021-05,Northumbria Police,Northumbria Police,-1.509398,54.916539,On or near PENSHER VIEW,E01008855,Sunderland 007A,Investigation complete; no suspect identified
c6bfb575f5b815d14951c78179a450c52e140ad2cc7524bafb562c531ce59aea,2021-05,Northumbria Police,Northumbria Police,-1.523118,55.068929,On or near WHITFIELD ROAD,E01027432,Northumberland 032A,Investigation complete; no suspect identified
af4687cd3d70f4122f35bc2cfb5a7ee8221ac363cd16bab43f51ae5b05855359,2021-05,Northumbria Police,Northumbria Police,-1.400331,54.896047,On or near RANSON STREET,E01008781,Sunderland 022B,Suspect charged
b6cc14f4c1a102674b2460713d7e3b87e2719a560387930ed99b46632e5a4ce4,2021-05,Northumbria Police,Northumbria Police,-1.401638,54.954069,On or near NURSERY LANE,E01008619,South Tyneside 022C,Investigation complete; no suspect identified
1a1cc36451996098e7b5f8aabef75901100279cb3a02b6d24b61be6ba404d94c,2021-05,Northumbria Police,Northumbria Police,-1.574466,55.138213,On or near WALLINGTON CLOSE,E01027517,Northumberland 020B,Investigation complete; no suspect identified
b4f87db397611cf3eb623c2fa607d9570d25988b13630c9703ef75f5324594bb,2021-05,Northumbria Police,Northumbria Police,-1.679454,55.002943,On or near HAGGERSTON CLOSE,E01008296,Newcastle upon Tyne 011A,Investigation complete; no suspect identified
0aed9b6b68001cb5c16885b6337b0a4af7ad4d74ff47ce0d36d151f64a4283c0,2021-05,Northumbria Police,Northumbria Police,-1.440185,54.981464,On or near TEMPLE STREET,E01008665,South Tyneside 002B,Investigation complete; no suspect identified
9c63df5027efef6be0ec2e3fa61cecc87324eb19e2fa97b506f000c33744262c,2021-05,Northumbria Police,Northumbria Police,-1.784215,54.935606,On or near DOBSON CLOSE,E01008196,Gateshead 024D,Investigation complete; no suspect identified
e1d0189f325854973b30ef8022da8280a6cc7033759a0030067a68f137d02161,2021-05,Northumbria Police,Northumbria Police,-1.612740,54.974308,On or near Shopping Area,E01008397,Newcastle upon Tyne 024C,Investigation complete; no suspect identified
8460fcc758da4cbb52501962d839613b128865b866f2530f9ddc681ad9fe12d8,2021-05,Northumbria Police,Northumbria Police,-1.617120,54.978617,On or near EDWARD'S WALK,E01008397,Newcastle upon Tyne 024C,Investigation complete; no suspect identified
f5439b010a0f6ca09b7cc4304d5e4838f59bf8570ca244e4ffea5bea7fc78de4,2021-05,Northumbria Police,Northumbria Police,-1.568353,55.182852,On or near Supermarket,E01027528,Northumberland 010A,Investigation complete; no suspect identified
e994f770f09075f49f277f24b5d62f5b4947bfc115845982c43d252f80c7b4d4,2021-05,Northumbria Police,Northumbria Police,-1.453728,54.820407,On or near PARK VIEW,E01008742,Sunderland 035C,Investigation complete; no suspect identified
2e49425d03ff957b0223e7a64918db10b59498cef905d09470dc7e13c9e20235,2021-05,Northumbria Police,Northumbria Police,-1.845360,54.961068,On or near Petrol Station,E01027500,Northumberland 038D,Investigation complete; no suspect identified
9f40921a23e82b37300c7e035a0c376bf962e9c42008b7a8e999c51e0a740ea3,2021-05,Northumbria Police,Northumbria Police,-1.435182,54.884684,On or near TEDDINGTON SQUARE,E01008823,Sunderland 023A,Investigation complete; no suspect identified
a69227a9a2069dca5ad21b905457a15fac3e42fd4f1d5946a24c4fe0394900e8,2021-05,Northumbria Police,Northumbria Police,-1.703700,55.003148,On or near STAMFORDHAM ROAD,E01008444,Newcastle upon Tyne 031C,Investigation complete; no suspect identified
4bb6aa730a9c221b5e3d5e0e1df8e01962a20baee2f24faf67da9eccc5fbb39e,2021-05,Northumbria Police,Northumbria Police,-1.509762,54.917439,On or near TRAFALGAR ROAD,E01008855,Sunderland 007A,Investigation complete; no suspect identified
cfdcbf0bfb19565ce618d39476484e7f930a6f0d1ddc58a97bccc9ed9c79f147,2021-05,Northumbria Police,Northumbria Police,-1.427101,55.001577,On or near ST AIDAN'S ROAD,E01008598,South Tyneside 001D,Investigation complete; no suspect identified
6dd8f08249df2c33b646dd91f809bcef1b56d9474b692e9591d70b840853a293,2021-05,Northumbria Police,Northumbria Police,-1.591407,55.012079,On or near WEST FARM AVENUE,E01032649,North Tyneside 019F,Investigation complete; no suspect identified
5abe07acb0587dad122372522c3d2ea1eb46d654d7c776020c119e2408b137d2,2021-05,Northumbria Police,Northumbria Police,-1.445442,55.044410,On or near OXFORD STREET,E01008585,North Tyneside 006B,Investigation complete; no suspect identified
566729c8a63949f5c2bdb4c324c87ed3805ec3dec698306ccb6e691f948d3837,2021-05,Northumbria Police,Northumbria Police,-1.639106,55.004466,On or near KENTON LANE,E01008356,Newcastle upon Tyne 006C,Investigation complete; no suspect identified
947f68398c5a5e6dbed97690172b87fb61a1f6977d8f221ad65d35724a3afecd,2021-05,Northumbria Police,Northumbria Police,-1.508675,55.126886,On or near HAVELOCK STREET,E01027415,Northumberland 023B,Suspect charged
fed9c572c2769680c7fa4fa031aa906e933844b5c6c5e9952274cca110e9dcf6,2021-05,Northumbria Police,Northumbria Police,-1.718710,54.976082,On or near RIVERSDALE COURT,E01008387,Newcastle upon Tyne 021G,Investigation complete; no suspect identified
098172c943b46ad0496962fd520e5076b62ef92bc9dcd505237ba84218d1400f,2021-05,Northumbria Police,Northumbria Police,-1.501072,54.859406,On or near Sports/Recreation Area,E01008797,Sunderland 030C,Investigation complete; no suspect identified
f7bc492f261d259381537353a3f1cbc3d90ef7483f766caf0a0404384aa8f85f,2021-05,Northumbria Police,Northumbria Police,-1.450084,55.004828,On or near COACH LANE,E01008545,North Tyneside 027E,Investigation complete; no suspect identified
de14f71960a2ae6da6b29d379a3f1ea8570818f7eea4fedd554716494daac74e,2021-05,Northumbria Police,Northumbria Police,-1.497619,54.864001,On or near HUNTER STREET,E01008793,Sunderland 030A,Investigation complete; no suspect identified
12b6fa76fa05d02adc230bdcc4936f29442d3a4ceb584d91c04c886e3c9b3105,2021-05,Northumbria Police,Northumbria Police,-1.572702,54.977023,On or near UNION ROAD,E01008392,Newcastle upon Tyne 026F,Suspect charged
8604f75e18597025c181af7d162886fa2ac98278a3ce783108474353d5de9b2e,2021-05,Northumbria Police,Northumbria Police,-1.653518,54.970252,On or near AXBRIDGE GARDENS,E01008335,Newcastle upon Tyne 029E,Investigation complete; no suspect identified
948d7c412cd997ed12386bfbb3ff3f4ec4be02a99ed2d558f138e73731031dfc,2021-05,Northumbria Police,Northumbria Police,-1.608836,55.003105,On or near BALMORAL AVENUE,E01008418,Newcastle upon Tyne 005C,Investigation complete; no suspect identified
ded34861871417e470d4da8851acfd8b23f9e08b057e38f21e6fd68cd1c6ac7f,2021-05,Northumbria Police,Northumbria Police,-1.561275,54.968993,On or near BIRDS NEST ROAD,E01008389,Newcastle upon Tyne 028B,Investigation complete; no suspect identified
f3ad94efd6fddaef7be1ecccaf8def530c4b7a86abf55ef3cc7aaa20991c79b2,2021-05,Northumbria Police,Northumbria Police,-1.614816,54.976112,On or near PRUDHOE PLACE,E01008397,Newcastle upon Tyne 024C,Investigation complete; no suspect identified
59667aedd6bbcf2557e6b77f64c61c19b9d24a263a1d35685daa592bd661ef80,2021-05,Northumbria Police,Northumbria Police,-1.491929,54.979498,On or near NAPIER STREET,E01008604,South Tyneside 007B,Investigation complete; no suspect identified
f19eae1240be4ee6e44acecc2d1c70975fc96dba757c11c390530a95622e1b25,2021-05,Northumbria Police,Northumbria Police,-1.693308,55.397487,On or near HAWFINCH DRIVE,E01027356,Northumberland 004A,Investigation complete; no suspect identified
665b8faee7cea5cbe78852e2dd5e2cde6ceacfdeef16204d5f9dd7ddc011a7d8,2021-05,Northumbria Police,Northumbria Police,-1.593459,54.920444,On or near TRAFFORD,E01008189,Gateshead 023A,Suspect charged
e925dd29eed723cbb30d7b00fcf3813d6b80bbd751c1d077f17f7d076a069cad,2021-05,Northumbria Police,Northumbria Police,-2.021978,55.363634,On or near HARDEN VIEW,E01027373,Northumberland 007D,Investigation complete; no suspect identified
b175d75f9ef9895ebc189a3838f7cd6ae7a90d86bf7726553d55fc12fa510569,2021-05,Northumbria Police,Northumbria Police,-1.436707,54.976487,On or near STANHOPE ROAD,E01008591,South Tyneside 011B,Investigation complete; no suspect identified
9626360525ca18c64fca8c202fdcd5b9f58f06ff482f8b138026d52a18e1093e,2021-05,Northumbria Police,Northumbria Police,-1.659928,54.969587,On or near GERALD STREET,E01008291,Newcastle upon Tyne 027D,Investigation complete; no suspect identified
4e65c09c9ec2a48c83a962bad9ade83dfd0398992d71b0e8668d6e73e3beae94,2021-05,Northumbria Police,Northumbria Police,-1.677556,54.962779,On or near RIVERSIDE WAY,E01008262,Gateshead 009A,Investigation complete; no suspect identified
28f5a067201c59fa42a40d51121bdbb39341f22ac92f32dcae170a3cd9004719,2021-05,Northumbria Police,Northumbria Police,-1.635367,55.042619,On or near MELNESS ROAD,E01008580,North Tyneside 004C,Investigation complete; no suspect identified
fecfa5d654f6a4e35d0ce1aca01329f9a2aa08be092f949dfe5ec3909f279494,2021-05,Northumbria Police,Northumbria Police,-1.584449,55.333736,On or near NORTH STREET,E01027361,Northumberland 006A,Investigation complete; no suspect identified
bdbcba743cc47a9cb26d3c42af9975730624f4440441d9adf95a622cdf979bc0,2021-05,Northumbria Police,Northumbria Police,-1.498749,55.001426,On or near CAMBERLEY ROAD,E01008508,North Tyneside 026A,Investigation complete; no suspect identified
a539ee075b7ed3250e3f64c9dbdbc4dd3d69d93b270e507c20ff883dec80fb01,2021-05,Northumbria Police,Northumbria Police,-1.468171,55.015602,On or near Supermarket,E01008526,North Tyneside 020C,Investigation complete; no suspect identified
78dcb457a364119f2df0ceee43fad772d415187ab28786f2a7195bafd2ef8b92,2021-05,Northumbria Police,Northumbria Police,-1.612740,54.974308,On or near Shopping Area,E01008397,Newcastle upon Tyne 024C,Investigation complete; no suspect identified
e31d399d98a753d3239377647899d9cdbd07783224f4f783c005d8d74da0769a,2021-05,Northumbria Police,Northumbria Police,-1.612740,54.974308,On or near Shopping Area,E01008397,Newcastle upon Tyne 024C,Investigation complete; no suspect identified
ce82484ca2751721c8749ca0ff60aba641338871b80e79706648c494503f40b6,2021-05,Northumbria Police,Northumbria Police,-1.661608,54.979782,On or near MAGNOLIA CLOSE,E01008348,Newcastle upon Tyne 019F,Investigation complete; no suspect identified
cb1e919fdd2cef742e1b78280a638a1b5f03987cb53d9c377ab4e2b55d481b36,2021-05,Northumbria Police,Northumbria Police,-1.470060,54.841283,On or near DURHAM ROAD,E01008754,Sunderland 034F,Investigation complete; no suspect identified
0edc5e67902be990b9d8400c9de8bb6c3c76015cdd093c707ac12db531b7280d,2021-05,Northumbria Police,Northumbria Police,-1.764819,55.036530,On or near Supermarket,E01033714,Northumberland 033F,Investigation complete; no suspect identified
cddcb88323118aa1713f8632696565e9d2757da6aeb2ea8275e8807e5b62292e,2021-05,Northumbria Police,Northumbria Police,-1.491133,54.991797,On or near GLADSTONE STREET,E01008542,North Tyneside 028B,Investigation complete; no suspect identified
7edebed652dfbe26268fb8206dc55b6b704ed41434f996897b75bf58b7f8dddd,2021-05,Northumbria Police,Northumbria Police,-1.613189,54.969906,On or near COLLINGWOOD STREET,E01033545,Newcastle upon Tyne 024H,Investigation complete; no suspect identified
67d9959e24b8d97877cdfce1e63cc74977e0d00ab024a2d517f72ed0dd443063,2021-05,Northumbria Police,Northumbria Police,-1.381905,54.917126,On or near Shopping Area,E01008787,Sunderland 006B,Investigation complete; no suspect identified
9428f114e30fa2e44313d1d1857bd8707f9d54aa7aa5b7c0a3916db46f31c4da,2021-05,Northumbria Police,Northumbria Police,-1.542367,55.172918,On or near GLENDALE ROAD,E01033716,Northumberland 013F,Investigation complete; no suspect identified
37b413d7283e5cf5257d6ae006721e2695d169cc38e9b86f74c058f9e7517f55,2021-05,Northumbria Police,Northumbria Police,-1.571742,55.183098,On or near Shopping Area,E01027529,Northumberland 010B,Suspect charged
3fbaa7fb243d2c2074e673f44380ebb696780a86940def75a596d9ba73add770,2021-05,Northumbria Police,Northumbria Police,-1.686492,55.168907,On or near Supermarket,E01027453,Northumberland 016B,Investigation complete; no suspect identified
69f562b7242f24af5ca87ee4bb2e4552cb0fcf705521c7eb2a1e0c0039d8b751,2021-05,Northumbria Police,Northumbria Police,-1.708202,54.975104,On or near WEDGEWOOD COTTAGES,E01008385,Newcastle upon Tyne 021E,Investigation complete; no suspect identified
d62e340058f5fe9c3396f52f06840833dba884eb7d08a1169cc36d8bcb8ee879,2021-05,Northumbria Police,Northumbria Police,-1.604153,54.962643,On or near Shopping Area,E01008168,Gateshead 027D,Investigation complete; no suspect identified
c11266f4999746316c386d135139fcfbef75002824b5ad939fc8bd2b411ad176,2021-05,Northumbria Police,Northumbria Police,-1.571823,54.896547,On or near SOUTH VIEW,E01008174,Gateshead 026C,Investigation complete; no suspect identified
f36162078c376593f4cacbc8f8f35a498f10513c8c3f1bcc2241d1600af7192e,2021-05,Northumbria Police,Northumbria Police,-1.424588,55.022099,On or near WARKWORTH TERRACE,E01008560,North Tyneside 016B,Investigation complete; no suspect identified
56ae03a5bfb531ea0b01307c7ce79cae691c6362ac31d6eff9479cd5e8df039b,2021-05,Northumbria Police,Northumbria Police,-1.542376,55.004635,On or near MULLEN ROAD,E01008532,North Tyneside 025B,Investigation complete; no suspect identified
94552618c0f767d0b7c5e58c4c5691039d9fdc3320831fb7f921a08d2e05970a,2021-05,Northumbria Police,Northumbria Police,-1.653585,55.004292,On or near MAYWOOD CLOSE,E01008375,Newcastle upon Tyne 008C,Investigation complete; no suspect identified
e2d077bfd8a38f8d5f90abf13cfa9a9308ef4ff757ecfdce1e02a1f30da2222c,2021-05,Northumbria Police,Northumbria Police,-1.575848,54.890477,On or near RADCLIFFE STREET,E01008174,Gateshead 026C,Investigation complete; no suspect identified
0ac9577a7c2b24f9e0d5a4d859de012acdd40056727d53456de09c318f55d862,2021-05,Northumbria Police,Northumbria Police,-1.527176,55.159031,On or near THE BUCCA,E01027552,Northumberland 020G,Investigation complete; no suspect identified
b0c64b01f9eb6bc7056952f8afbf3707b5f836451fbc5e44d399fc76f2de3235,2021-05,Northumbria Police,Northumbria Police,-1.475420,54.997041,On or near ST LUKE'S ROAD,E01008540,North Tyneside 027B,Suspect charged
7f1185e5b56339f2812400788c6b0e6f91d1dfb2d633bff832e182017261bf39,2021-05,Northumbria Police,Northumbria Police,-1.548435,54.974580,On or near INGRAM TERRACE,E01008429,Newcastle upon Tyne 028D,Investigation complete; no suspect identified
4facab70a1b7a9bf84601b3cc327cc68400eeab30183ea95a66f8f8294cca1fd,2021-05,Northumbria Police,Northumbria Police,-1.532408,55.002710,On or near BIRKDALE CLOSE,E01008465,North Tyneside 024D,Investigation complete; no suspect identified
f9e398af54bb9477915cbba5c0ff1300242b6be797bf9e070fdb1002687f5190,2021-05,Northumbria Police,Northumbria Police,-1.418051,54.910646,On or near VICTORY STREET,E01008762,Sunderland 012B,Investigation complete; no suspect identified
aaebe712c909816d38813c7ae60452c81dab11043d9fafcd30054710a25e5c9a,2021-05,Northumbria Police,Northumbria Police,-1.384684,54.905782,On or near Parking Area,E01008703,Sunderland 013B,Investigation complete; no suspect identified
d0c96b7f98a3b878bbb4d8ee8efb1ff0e54aee04391bff9348ebb5a85fa1cb88,2021-05,Northumbria Police,Northumbria Police,-1.418051,54.910646,On or near VICTORY STREET,E01008762,Sunderland 012B,Investigation complete; no suspect identified
4c60bfc1024263ce93bf903129b228ff3512e2914d5a8604dd378a20717666a1,2021-05,Northumbria Police,Northumbria Police,-1.602528,54.992778,On or near SYCAMORE CLOSE,E01008372,Newcastle upon Tyne 013D,Investigation complete; no suspect identified
7e7bc9d21070cb1496d98134e3df141c58b0637185c1a2e334c85cce4d73faf0,2021-05,Northumbria Police,Northumbria Police,-1.756257,55.060381,On or near Police Station,E01033714,Northumberland 033F,Suspect charged
7e7bc9d21070cb1496d98134e3df141c58b0637185c1a2e334c85cce4d73faf0,2021-05,Northumbria Police,Northumbria Police,-1.756257,55.060381,On or near Police Station,E01033714,Northumberland 033F,Suspect charged
7e7bc9d21070cb1496d98134e3df141c58b0637185c1a2e334c85cce4d73faf0,2021-05,Northumbria Police,Northumbria Police,-1.756257,55.060381,On or near Police Station,E01033714,Northumberland 033F,Suspect charged
788799a4be536e0b636b29c5fe7052b7027c88848ad1e88ad95d88191aaa4c1e,2021-05,Northumbria Police,Northumbria Police,-1.612931,54.970714,On or near GROAT MARKET,E01033543,Newcastle upon Tyne 024G,Investigation complete; no suspect identified
6ca0a8f2ac655b84e4b6bd01da0ceaa021d1e97aeaee9164baa50bb46daec182,2021-05,Northumbria Police,Northumbria Police,-1.377925,54.915273,On or near DIXON'S SQUARE,E01008791,Sunderland 006F,Investigation complete; no suspect identified
df22812ec8f384f7e5539f1ff4e891a8d1ce6f6fc3bfa4ec941ce96b056d11c6,2021-05,Northumbria Police,Northumbria Police,-1.588870,54.917616,On or near Sports/Recreation Area,E01008224,Gateshead 025C,Investigation complete; no suspect identified
5bf81a2b3ac85c80668c8ac7f83d0b7ef8c2c66bedb9794a435f477c47d95323,2021-05,Northumbria Police,Northumbria Police,-1.571742,55.183098,On or near Shopping Area,E01027529,Northumberland 010B,Suspect charged
39ecbe1e62223803dd0465b9ea80a6820c54a64cc1ffa9cc895a766cb7862278,2021-05,Northumbria Police,Northumbria Police,-1.572154,54.946305,On or near COLDWELL PARK AVENUE,E01008213,Gateshead 012B,Investigation complete; no suspect identified
f8f72f46ea2d33a9e7bead3f67131ac8689493b3e1df17fe3298d1a863f3b52a,2021-05,Northumbria Police,Northumbria Police,-1.599078,54.949965,On or near DURHAM ROAD,E01008203,Gateshead 028B,Investigation complete; no suspect identified
ac752d1ad0bd589f5af103e05f4a03d0038ecc3b357b544c8f3e758d463abc71,2021-05,Northumbria Police,Northumbria Police,-1.746875,55.056021,On or near STANNINGTON PLACE,E01027466,Northumberland 033C,Investigation complete; no suspect identified
5be6b4c8e46fe5b8b3c6eafed83a79aea1c290a03759296c23c02cb0818831ec,2021-05,Northumbria Police,Northumbria Police,-1.656820,54.989681,On or near Pedestrian Subway,E01008450,Newcastle upon Tyne 016B,Investigation complete; no suspect identified
22c85ec90075c5678f70cbb4c9489794e6feba33cf81e617a4a484f2892dc869,2021-05,Northumbria Police,Northumbria Police,-1.512453,55.126991,On or near Parking Area,E01027415,Northumberland 023B,Suspect charged
d25ab2e58058b418a3e972cb1c2b7ac2a94840c805c9697d6423499267e2e5bc,2021-05,Northumbria Police,Northumbria Police,-1.571742,55.183098,On or near Shopping Area,E01027529,Northumberland 010B,Investigation complete; no suspect identified
545ee520cf8fb2620803ab7fd5c57a25b0097a7e6090d09875b18f48d9f22854,2021-05,Northumbria Police,Northumbria Police,-1.398162,54.898255,On or near DURHAM ROAD,E01008830,Sunderland 018B,Investigation complete; no suspect identified
1b22e415067e2f24644e62cea69a89c84353d8341ea8c4858341f6725612b36a,2021-05,Northumbria Police,Northumbria Police,-1.397092,54.898870,On or near EVELYN STREET,E01008830,Sunderland 018B,Investigation complete; no suspect identified
335785ff5f3c2bc9f4bd047546d5784958ace2cf1ffbb96bad77ea9792ad9b6e,2021-05,Northumbria Police,Northumbria Police,-1.398162,54.898255,On or near DURHAM ROAD,E01008830,Sunderland 018B,Investigation complete; no suspect identified
4fef08a19c45147089f1ab9fdef90e5fe40578885967f240d9c17aa09b9e129b,2021-05,Northumbria Police,Northumbria Police,-1.706406,54.983592,On or near CLAREMONT AVENUE,E01008384,Newcastle upon Tyne 021D,Investigation complete; no suspect identified
1ed5f952c28bd2e71f4f3489bdb634767f89c327a65ae17ea62f930e8da3b75d,2021-05,Northumbria Police,Northumbria Police,-1.393801,54.891692,On or near BAINBRIDGE HOLME CLOSE,E01008783,Sunderland 022D,Investigation complete; no suspect identified
afc5191a8a8a1a74dfb42b51fe8c5eca8ba6edd142b03727d0758d57ccb84b76,2021-05,Northumbria Police,Northumbria Police,-1.579847,54.895649,On or near BEACONSFIELD TERRACE,E01008175,Gateshead 026D,Investigation complete; no suspect identified
035c6fb35f898f929f2b4532eba262ad2ef3e394f36b5ea575a32668d533b722,2021-05,Northumbria Police,Northumbria Police,-1.546324,54.985913,On or near WARREN AVENUE,E01008435,Newcastle upon Tyne 020E,Investigation complete; no suspect identified
f727e546e38654d8a9d954bb34dc289536d7545bd4405cedffcb9336d5e71e95,2021-05,Northumbria Police,Northumbria Police,-1.665073,54.991456,On or near MORWICK PLACE,E01008297,Newcastle upon Tyne 011B,Investigation complete; no suspect identified
a7ab704dccdc0d1caec61e42c193ae34fc5f184f5f6932442897deba023a5c7d,2021-05,Northumbria Police,Northumbria Police,-1.563128,55.022854,On or near MOWBRAY ROAD,E01008470,North Tyneside 014A,Investigation complete; no suspect identified
0d3f0739fd2bd3bea6c36c429603405ecd8be9469f3314a18041b4e60daf49a0,2021-05,Northumbria Police,Northumbria Police,-1.652290,55.181063,On or near DARK LANE,E01027462,Northumberland 011B,Investigation complete; no suspect identified
fea1153b8124adceb7614bccc262f03babd886b2fcb949ceca0f36e4df2addef,2021-05,Northumbria Police,Northumbria Police,-1.980690,54.944629,On or near THE LONGRIGGS,E01027504,Northumberland 039C,Investigation complete; no suspect identified
461d5c72b9b87d11959d198d3a70476c741dbf18b1569132f00f32e828aca950,2021-05,Northumbria Police,Northumbria Police,-1.481466,54.992403,On or near INGOE STREET,E01008540,North Tyneside 027B,Investigation complete; no suspect identified
b29f00c1c8cb2a7c28deb8bb8e40c178354126797b01994e183dc8cdb2a75b8a,2021-05,Northumbria Police,Northumbria Police,-1.472753,55.010850,On or near GLENDOWER AVENUE,E01008492,North Tyneside 023E,Investigation complete; no suspect identified
ea0783a55c051c9962559d3013abec23c6f2794d688de5f16f6aac398d5cce2e,2021-05,Northumbria Police,Northumbria Police,-1.615365,54.971045,On or near GRAINGER STREET,E01033543,Newcastle upon Tyne 024G,Investigation complete; no suspect identified
3c7d713c36e53efb70be3184d4dc3893ecda4591885e3a9a373515ec822a509c,2021-05,Northumbria Police,Northumbria Police,-1.663336,54.993527,On or near CROSSBROOK ROAD,E01008300,Newcastle upon Tyne 016A,Suspect charged
17884a51ccdc3c9d6e93e44380a75fba774f0cdbb535033d5161df95c1641d13,2021-05,Northumbria Police,Northumbria Police,-2.252962,55.143922,On or near Petrol Station,E01027479,Northumberland 019A,Investigation complete; no suspect identified
00ccf1c76db419da774881d6b3a354bff2f5037f00d914a3844092db5e87f322,2021-05,Northumbria Police,Northumbria Police,-1.392284,54.899233,On or near ABBOTSFORD GROVE,E01008835,Sunderland 022G,Investigation complete; no suspect identified
7d6a3d18f287339d273eb81dbbc91bb3ac0be90acb1c330ac9ec2f205de6649e,2021-05,Northumbria Police,Northumbria Police,-1.656253,55.014077,On or near WITTON COURT,E01008338,Newcastle upon Tyne 003C,Investigation complete; no suspect identified
96c0e70346ecf7d031741c53d41c181159115a2dfbcc7044ac469edfb83811e5,2021-05,Northumbria Police,Northumbria Police,-1.387978,54.903462,On or near ALBION PLACE,E01008831,Sunderland 013D,Suspect charged
7dc56f2b18b356669a0f0dd650970277b1ee38ce44120ffc36e03bd6f7143b5b,2021-05,Northumbria Police,Northumbria Police,-1.525984,54.994606,On or near ALNWICK STREET,E01008572,North Tyneside 029A,Investigation complete; no suspect identified
ac3d6abc9bf4577dc5351970795b877c8659709b55e2e812689c7bad128e7fa0,2021-05,Northumbria Police,Northumbria Police,-1.402670,54.927609,On or near EMSWORTH ROAD,E01008712,Sunderland 004A,Investigation complete; no suspect identified
d986d760f2d96f22d5df485407e5980cf032523c0dafdf9e94ef3b605e0a93f7,2021-05,Northumbria Police,Northumbria Police,-1.652347,54.990081,On or near PONTELAND ROAD,E01008380,Newcastle upon Tyne 008G,Investigation complete; no suspect identified
b6fcf37a064fb98098e723ce9c7a0860f2d0b55019d5e0138f4d0d439fe9b076,2021-05,Northumbria Police,Northumbria Police,-1.612329,54.971602,On or near HIGH BRIDGE,E01033543,Newcastle upon Tyne 024G,Investigation complete; no suspect identified
91168dcf60cd48d32eb72b217df44e5add371390cb4486d7503cefb62f6cae66,2021-05,Northumbria Police,Northumbria Police,-1.688583,54.970769,On or near SHAFTO STREET,E01033547,Newcastle upon Tyne 025E,Suspect charged
3e8c573b1c68d0e56e44934415b2bc130dff9e2b4b94923207150b50baed4702,2021-05,Northumbria Police,Northumbria Police,-1.609740,54.969527,On or near SIDE,E01033543,Newcastle upon Tyne 024G,Investigation complete; no suspect identified
83e64117719002e49161bb6b23b879917b47a0fb8354025adcb8e5ac8135c30f,2021-05,Northumbria Police,Northumbria Police,-1.698251,55.010486,On or near LOWBIGGIN,E01008460,Newcastle upon Tyne 004F,Investigation complete; no suspect identified
8d636b7b348100f6a6c4287db7bc8dac29002a27e580da34d8712411c62676dc,2021-05,Northumbria Police,Northumbria Police,-1.514702,54.908760,On or near INDUSTRIAL ROAD,E01008853,Sunderland 009A,Investigation complete; no suspect identified
bab7f36d4a5dedcf39420bd5784853840b6dec5d68cdcc25d01777fa158cab6c,2021-05,Northumbria Police,Northumbria Police,-1.614472,54.971249,On or near BIGG MARKET,E01033543,Newcastle upon Tyne 024G,Investigation complete; no suspect identified
b75196c9c4b36f6f6f9f76553c19bd48f692f88eda86c49a2cdfd516fba6b9ec,2021-05,Northumbria Police,Northumbria Police,-2.015275,55.768971,On or near WEST END PLACE,E01027387,Northumberland 001D,Offender given a caution
f18e56e002495dc05f607a376031cab64479367994301c6a4d98abf44e0b46a5,2021-05,Northumbria Police,Northumbria Police,-2.010529,55.779844,On or near NORTH ROAD,E01027376,Northumberland 001A,Investigation complete; no suspect identified
edc094ae3dd45b67321ab5f86f4d345bc236f044403cade9d6c744043cd92541,2021-05,Northumbria Police,Northumbria Police,-1.608599,54.972785,On or near CARLIOL SQUARE,E01033543,Newcastle upon Tyne 024G,Investigation complete; no suspect identified
9fc5c34e9c7f3ffbe6a9beee9acd8c7a5e3ea28913b518e20e640834e5651669,2021-05,Northumbria Police,Northumbria Police,-1.688583,54.970769,On or near SHAFTO STREET,E01033547,Newcastle upon Tyne 025E,Suspect charged
92be3e84bfbfdf6ad8fa3bc66e2034fdfe29cd8032bd1e6ced7b81c63ec72432,2021-05,Northumbria Police,Northumbria Police,-1.429203,54.957015,On or near RAEBURN ROAD,E01008689,South Tyneside 019B,Suspect charged
1626cb336f5a5e6935ea7e795278414708f66c273f8ce7fb864726b2997522ec,2021-05,Northumbria Police,Northumbria Police,-1.620821,54.968906,On or near FORTH PLACE,E01033545,Newcastle upon Tyne 024H,Investigation complete; no suspect identified
bcb6ec7e1ca988b58c3e58b99944b1053b182751a45a4afb3b8d6c2feb7e34eb,2021-05,Northumbria Police,Northumbria Police,-1.582889,54.931785,On or near SEASCALE PLACE,E01008221,Gateshead 021C,Investigation complete; no suspect identified
fd6a0fb8ab1c200b4521d298fcb6abc6044ae0818d59480e2867d51552fe7320,2021-05,Northumbria Police,Northumbria Police,-1.688583,54.970769,On or near SHAFTO STREET,E01033547,Newcastle upon Tyne 025E,Suspect charged
fb22276da9b26fb5a5221af237e8f02505a3c309c052cacd96f908589e13ce69,2021-05,Northumbria Police,Northumbria Police,-1.549855,54.964961,On or near BURWOOD ROAD,E01008427,Newcastle upon Tyne 030C,Investigation complete; no suspect identified
50f726318c803f6ab942caba0489354ba3fbafc317055116c002c92f21c44466,2021-05,Northumbria Police,Northumbria Police,-1.531508,54.906795,On or near WINDLASS LANE,E01008880,Sunderland 010E,Investigation complete; no suspect identified
46c62e98085d7ba29d4a6d3e5c64c211916e971a8546a08d0079986fa54f6221,2021-05,Northumbria Police,Northumbria Police,-1.601352,54.958464,On or near HIGH WEST STREET,E01008166,Gateshead 027C,Suspect charged
8b76fa1158bdaef7acf47786b98023d98c1292c48490202eea02084059b090d9,2021-05,Northumbria Police,Northumbria Police,-1.443255,54.976409,On or near HUDSON STREET,E01008671,South Tyneside 012C,Investigation complete; no suspect identified
f2da947aa8487c9e687dea9a144bd0e1563c843d2a76590c45ef34fff7b664b1,2021-05,Northumbria Police,Northumbria Police,-1.782853,54.953792,On or near HEATHFIELD FARM,E01008195,Gateshead 002A,Investigation complete; no suspect identified
2f98c9c4e88c44ee9376be8be2c39d27f4deaafda6c3a294aa670f86b819324d,2021-05,Northumbria Police,Northumbria Police,-1.561299,54.975418,On or near ALFRED STREET,E01008391,Newcastle upon Tyne 026E,Investigation complete; no suspect identified
21f949f4982967e70038436a92a47762be3b0bfa79555365d0c987e1036c2e88,2021-05,Northumbria Police,Northumbria Police,-1.565220,55.179193,On or near MILBURN ROAD,E01027528,Northumberland 010A,Investigation complete; no suspect identified
ec7712cbb12bcfe06b6ae0be4a8c49823dbe586754cf43f2b280407101bac55a,2021-05,Northumbria Police,Northumbria Police,-1.492335,54.867952,On or near THE COVE,E01008793,Sunderland 030A,Investigation complete; no suspect identified
57e8e04b187aa694b22e8332e1ff93758b3ebb664c666315e5407102c1698a8c,2021-05,Northumbria Police,Northumbria Police,-1.539885,55.174373,On or near OAKVILLE,E01033716,Northumberland 013F,Investigation complete; no suspect identified
d5b7760ea65d96be055794eb242f529d2a20c311416f7eb8b198ec079f95ac65,2021-05,Northumbria Police,Northumbria Police,-1.600688,55.132407,On or near DEANERY STREET,E01027523,Northumberland 021F,Investigation complete; no suspect identified
bf130704b2f28d6b9470c167763a71041492e5fbcdc05c129e3617e09b2ff144,2021-05,Northumbria Police,Northumbria Police,-1.462486,54.948395,On or near Parking Area,E01008613,South Tyneside 021D,Investigation complete; no suspect identified
a17b8363aad45c90e6e7966b6f78fe5cf15c2cca28e3a202864b2f845bac8a49,2021-05,Northumbria Police,Northumbria Police,-1.539885,55.174373,On or near OAKVILLE,E01033716,Northumberland 013F,Investigation complete; no suspect identified
5a3684d8defc3e125227c1bea57adfb592a38214b201c1e990430158603e9530,2021-05,Northumbria Police,Northumbria Police,-1.600688,55.132407,On or near DEANERY STREET,E01027523,Northumberland 021F,Investigation complete; no suspect identified
6ce5734b57c64f351007de656c2af2f7415871ad6931c9be6d1400bb9e93e9e6,2021-05,Northumbria Police,Northumbria Police,-1.435251,54.974530,On or near EGERTON ROAD,E01008592,South Tyneside 011C,Offender given a caution
de6e48c89c575e2f1d83ea5a7913043ed2286d910df2d3fd08fbf541a040360e,2021-05,Northumbria Police,Northumbria Police,-1.450618,54.974906,On or near ELSWICK WAY,E01008672,South Tyneside 012D,Investigation complete; no suspect identified
5a7f983b22b9b5d07f6aed4fd010afd5a7423cf70b9e96bafd64f42be174bb68,2021-05,Northumbria Police,Northumbria Police,-1.735495,54.991728,On or near VILLAGE FARM,E01008402,Newcastle upon Tyne 014C,Investigation complete; no suspect identified
6278dbbbb1fbf249eadb2853de9eeb194793bb92b068db61155c4e2f5638227f,2021-05,Northumbria Police,Northumbria Police,-1.437317,54.977550,On or near REVESBY STREET,E01008591,South Tyneside 011B,Investigation complete; no suspect identified
f6f7fb875342e54b8287c1d378704de584cc78b5110df202543f7f82d5777bf8,2021-05,Northumbria Police,Northumbria Police,-1.502727,55.112116,On or near TRIDENT DRIVE,E01027441,Northumberland 023D,Investigation complete; no suspect identified
44be107c37cbf7ad120f5fdd6151655a76b950005f8174672cca4d2280e81579,2021-05,Northumbria Police,Northumbria Police,-1.507448,54.915264,On or near MARLBOROUGH ROAD,E01008854,Sunderland 009B,Investigation complete; no suspect identified
b1553713ff9517d31a3c065d44483a018cd075c8d1eec42d8d186ec34e24e4c7,2021-05,Northumbria Police,Northumbria Police,-1.619580,54.968021,On or near Police Station,E01033545,Newcastle upon Tyne 024H,Investigation complete; no suspect identified
0cf9e188521732b248ccd38aed01539706113c4e7d649dd9428954cde5b27c74,2021-05,Northumbria Police,Northumbria Police,-1.619580,54.968021,On or near Police Station,E01033545,Newcastle upon Tyne 024H,Investigation complete; no suspect identified
7ac8ac24924d776da582b6c2c162f0529752371d09f5a3f36cbe5de7fd4da682,2021-05,Northumbria Police,Northumbria Police,-1.437975,54.980779,On or near WHARFEDALE DRIVE,E01008665,South Tyneside 002B,Investigation complete; no suspect identified
214227b4ffb126418b6584d4aa3791ba3448bc2e5dc59bd7330525090d26963e,2021-05,Northumbria Police,Northumbria Police,-1.615486,54.948490,On or near BRUNEL STREET,E01008254,Gateshead 010D,Investigation complete; no suspect identified
8b33116bc4ed59bf13e2dc1f67ca7cee5a08d89f699c143c0770743dc57ded3f,2021-05,Northumbria Police,Northumbria Police,-1.503952,55.010586,On or near MIDDLE ENGINE LANE,E01008468,North Tyneside 021D,Suspect charged
cf779ad5fc2469f41d186a438da3c820b3fdcb806261cbcf8449c5b3f13c743a,2021-05,Northumbria Police,Northumbria Police,-1.507007,54.916943,On or near SULGRAVE ROAD,E01008855,Sunderland 007A,Investigation complete; no suspect identified
e428a7e10564248e7ff38044a8e7db813c0ae66fa4dcb31d0bc780a0fa5afa11,2021-05,Northumbria Police,Northumbria Police,-1.591407,55.012079,On or near WEST FARM AVENUE,E01032649,North Tyneside 019F,Investigation complete; no suspect identified
f2b8e32e431174acdc8236e9d8b3a05c36eb4b76e7b652e4fb391e0a19fb3f36,2021-05,Northumbria Police,Northumbria Police,-1.506464,54.966429,On or near ARLINGTON ROAD,E01008645,South Tyneside 015C,Investigation complete; no suspect identified
90e5db7b4613b79eb8692817ed369bdaa3e742f4596e02aff783b24efd15a758,2021-05,Northumbria Police,Northumbria Police,-1.484083,54.847886,On or near OTTERBURN CRESCENT,E01008753,Sunderland 033D,Investigation complete; no suspect identified
de4de5ae887d18ae847212912486537b137f18056fb62cfc2cfe0cc302f1f540,2021-05,Northumbria Police,Northumbria Police,-1.678767,54.924446,On or near PRINN PLACE,E01008274,Gateshead 019G,Investigation complete; no suspect identified
b6213a21425b45b5ff5d8b4b063e64c84585a1fbe3211ee2720b8071a2c99aff,2021-05,Northumbria Police,Northumbria Police,-1.755821,54.995599,On or near Parking Area,E01008405,Newcastle upon Tyne 014F,Investigation complete; no suspect identified
0144f6fc896aab87955144b5fb8969c809995313884e62f7f640295f76280299,2021-05,Northumbria Police,Northumbria Police,-1.574085,54.979211,On or near MILLERS ROAD,E01008392,Newcastle upon Tyne 026F,Suspect charged
0144f6fc896aab87955144b5fb8969c809995313884e62f7f640295f76280299,2021-05,Northumbria Police,Northumbria Police,-1.574085,54.979211,On or near MILLERS ROAD,E01008392,Newcastle upon Tyne 026F,Suspect charged
208fe5ecee56f099061e9bcf21d1c296362ed3c937d51bb574787c297e8f9fbc,2021-05,Northumbria Police,Northumbria Police,-1.560156,55.178510,On or near HAWTHORN ROAD,E01027546,Northumberland 010E,Investigation complete; no suspect identified
acaa91d05e4b043b54933e22330eb4e010c43df905f882ea497b5e9bcb7718f9,2021-05,Northumbria Police,Northumbria Police,-1.398826,54.899742,On or near BEACHCROSS ROAD,E01008832,Sunderland 018C,Investigation complete; no suspect identified
01f8f885765e395905a88bf609fa86f88bd36bae8664179ae70a262a24e5f95c,2021-05,Northumbria Police,Northumbria Police,-1.611537,54.971123,On or near Nightclub,E01033543,Newcastle upon Tyne 024G,Investigation complete; no suspect identified
e27a0d35bc93695e0d6088f5b78f5e8aa66f627da9b6a43013d40daf7fa77fe4,2021-05,Northumbria Police,Northumbria Police,-1.445541,55.042891,On or near YORK ROAD,E01008584,North Tyneside 006A,Investigation complete; no suspect identified
ad906233679bb798c827c25a2ccad09ea629fc7372169b9f277430414835692e,2021-05,Northumbria Police,Northumbria Police,-1.468302,55.010463,On or near BALKWELL GREEN,E01008486,North Tyneside 020A,Suspect charged
ad906233679bb798c827c25a2ccad09ea629fc7372169b9f277430414835692e,2021-05,Northumbria Police,Northumbria Police,-1.468302,55.010463,On or near BALKWELL GREEN,E01008486,North Tyneside 020A,Suspect charged
e4924f2dc6162e267741d6143d50dcd03ef28eebc0194f98dfbba49ea8a15e2e,2021-05,Northumbria Police,Northumbria Police,-1.533737,55.110549,On or near ST BEDES ROAD,E01027427,Northumberland 025C,Investigation complete; no suspect identified
fd506ad3f019aedf1d5fddcfa3aef821f7018c232efcfcb127d1d5d5f316d4f8,2021-05,Northumbria Police,Northumbria Police,-1.494409,54.998523,On or near Supermarket,E01008510,North Tyneside 026C,Investigation complete; no suspect identified
8a1edd7b6056f02d6144dd588847c912b8c94480ae44cb205e7c6e9b8060fb79,2021-05,Northumbria Police,Northumbria Police,-1.501359,54.976266,On or near FROBISHER STREET,E01008654,South Tyneside 009D,Investigation complete; no suspect identified
86a9330fabf8dc3632b381f7a8dbe7b28080e1ace34d5605bc9f9931e5449f90,2021-05,Northumbria Police,Northumbria Police,-1.576004,54.989866,On or near STANMORE ROAD,E01008364,Newcastle upon Tyne 018F,Offender given a caution
540c36b78c68fbce6983adcd14298703adb3fc5ee6b7acf0ddc863b7085b009f,2021-05,Northumbria Police,Northumbria Police,-1.601626,55.159548,On or near THE SQUARE,E01027534,Northumberland 017C,Investigation complete; no suspect identified
a8c7f0d149675533ab87e88d7c99d7a07779a68ff15658d7da0b82dde93c0ec7,2021-05,Northumbria Police,Northumbria Police,-1.617134,54.972264,On or near NEWGATE STREET,E01033543,Newcastle upon Tyne 024G,Investigation complete; no suspect identified
d02dad523a8a1ef392235f7fc9eb79204174cc568f2490da6fe130c69d309e8d,2021-05,Northumbria Police,Northumbria Police,-1.436245,54.960444,On or near RAPHAEL AVENUE,E01008689,South Tyneside 019B,Investigation complete; no suspect identified
5e51e898f09b4090b6eb5d368e43ace7b46a2472e7cb049ce9c3207d0adac3ca,2021-05,Northumbria Police,Northumbria Police,-1.484009,54.846367,On or near SHERBURN GROVE,E01008754,Sunderland 034F,Investigation complete; no suspect identified
8675d031a801262b7ea2a9caff07509956b2de23d8d3125eb76d1bcfffdce5d4,2021-05,Northumbria Police,Northumbria Police,-1.381905,54.917126,On or near Shopping Area,E01008787,Sunderland 006B,Investigation complete; no suspect identified
8e90a2d98a1a998539b00e6c79010518c8d1bacd57028475b4c322d9b998189f,2021-05,Northumbria Police,Northumbria Police,-1.440257,54.971732,On or near LUCOCK STREET,E01008594,South Tyneside 011D,Investigation complete; no suspect identified
7a53b2d7d8740d77984d130473ba98301cee1f07ae888a8bf1a68e28db8e0f75,2021-05,Northumbria Police,Northumbria Police,-1.809477,54.917056,On or near Sports/Recreation Area,E01008183,Gateshead 024A,Investigation complete; no suspect identified
6eb60129922778b7a239ddae4036900dbebc28feaa0d53df896a1040bee3c762,2021-05,Northumbria Police,Northumbria Police,-1.576476,54.895961,On or near HOLYOAKE GARDENS,E01008175,Gateshead 026D,Investigation complete; no suspect identified
bed199a6e95ad0d6271362b8e20384c1a0a8264be8e1dc652a8588f473897a8c,2021-05,Northumbria Police,Northumbria Police,-1.468302,55.010463,On or near BALKWELL GREEN,E01008486,North Tyneside 020A,Suspect charged
69d53e4280373b669d1d0061a9c7dda991398dbe677cb251d13e89bb9f5b2b54,2021-05,Northumbria Police,Northumbria Police,-1.583941,54.953859,On or near LUMLEY GARDENS,E01008164,Gateshead 027B,Investigation complete; no suspect identified
9e73837c7e2028f6ad7d547265a95bb3f3368fa4a84ffd9d55c4c04f17f899d5,2021-05,Northumbria Police,Northumbria Police,-1.421760,54.971870,On or near LAPWING COURT,E01008682,South Tyneside 005C,Investigation complete; no suspect identified
1726d80f0a6404bcade3fe564c125db102d4ac154efc67833aa280b21e9e2df8,2021-05,Northumbria Police,Northumbria Police,-1.578405,55.035192,On or near CONISTON CLOSE,E01008477,North Tyneside 008C,Investigation complete; no suspect identified
756f22bc81222293f41ffd0b689942dbb0bc5d6e5e1adc884a7e37dd03ba4b2f,2021-05,Northumbria Police,Northumbria Police,-1.506697,55.109221,On or near TERN CLOSE,E01027440,Northumberland 026D,Investigation complete; no suspect identified
0e20a90cdc2fb74e23c9f0406f1a081c14fc115aa662ce83d6e2c150d984d216,2021-05,Northumbria Police,Northumbria Police,-1.576233,54.880450,On or near Petrol Station,E01008173,Gateshead 026B,Investigation complete; no suspect identified
af76719beea3e155aa47300d274afadf0525ef42fa39af3fbc979a78fe8d9f56,2021-05,Northumbria Police,Northumbria Police,-1.576233,54.880450,On or near Petrol Station,E01008173,Gateshead 026B,Investigation complete; no suspect identified
3ba9b4359c1a367beff64cb38428b5b2917d0249089c26cfb7c08d6bee09a002,2021-05,Northumbria Police,Northumbria Police,-1.449322,55.005696,On or near SPENCER STREET,E01008544,North Tyneside 027D,Investigation complete; no suspect identified
5bd9beec0a5f4c2d0f93c5a1a31a6f597b87f6fed1205edffd1df38db9c1a675,2021-05,Northumbria Police,Northumbria Police,-1.452770,54.969488,On or near Supermarket,E01008669,South Tyneside 012B,Investigation complete; no suspect identified
64a186b0659aaddf27185d4591a98a92ac3e5309ff1959175166fdc918c7ba49,2021-05,Northumbria Police,Northumbria Police,-1.639337,54.952463,On or near Supermarket,E01008210,Gateshead 007B,Investigation complete; no suspect identified
01ef22578b95a28c41eb05a73730146e86c798a6ad469a662533f638282dc0ed,2021-05,Northumbria Police,Northumbria Police,-1.426180,55.016804,On or near NEWCASTLE TERRACE,E01008558,North Tyneside 016A,Investigation complete; no suspect identified
c7c094104e1de84487a9f69fd7b808718a092f43364bca2ccdae87068ca32062,2021-05,Northumbria Police,Northumbria Police,-2.023512,55.763642,On or near Petrol Station,E01027387,Northumberland 001D,Investigation complete; no suspect identified
4b2f33e89c16c11debec30996d5d162cf9f058d9d97a004f0d106d06fb0c9662,2021-05,Northumbria Police,Northumbria Police,-1.484909,54.956661,On or near Parking Area,E01008629,South Tyneside 020C,Investigation complete; no suspect identified
8868a58fb0ad22e499c91bffbf50647900abfc1c1141a2889aa1f3b45a88b575,2021-05,Northumbria Police,Northumbria Police,-1.586053,54.947306,On or near CARR HILL ROAD,E01008204,Gateshead 011D,Investigation complete; no suspect identified
7a5eab61104204b2909fc3d663ebfa1be7de42eb7543a577aa4b86977a9d484e,2021-05,Northumbria Police,Northumbria Police,-1.611983,54.973470,On or near HOOD STREET,E01033543,Newcastle upon Tyne 024G,Investigation complete; no suspect identified
6e71ed429f291eb15b971efaf32618eb7870ccd7a4081d7f49bd025e2226bb1f,2021-05,Northumbria Police,Northumbria Police,-1.584094,54.931465,On or near TORVER PLACE,E01008221,Gateshead 021C,Suspect charged
6e71ed429f291eb15b971efaf32618eb7870ccd7a4081d7f49bd025e2226bb1f,2021-05,Northumbria Police,Northumbria Police,-1.584094,54.931465,On or near TORVER PLACE,E01008221,Gateshead 021C,Investigation complete; no suspect identified
a55694ae4319580a871a455af2254548a47b089adc7e337f3a23e671b94b601c,2021-05,Northumbria Police,Northumbria Police,-1.385155,54.906557,On or near Supermarket,E01008703,Sunderland 013B,Investigation complete; no suspect identified
eb6b1c58f3b64bc248b467a82bbd7d42904564c3c9213d078b047d663e474cb3,2021-05,Northumbria Police,Northumbria Police,-1.520121,55.007838,On or near BEXLEY GARDENS,E01008462,North Tyneside 024A,Investigation complete; no suspect identified
430ed8fdfb46b016434ac17b1ee5c83d4d34310cfbd034c0200d0fd85ddf0c45,2021-05,Northumbria Police,Northumbria Police,-1.587341,54.922176,On or near IVANHOE VIEW,E01008190,Gateshead 023B,Investigation complete; no suspect identified
05c811d0e7d87d8e9426c966a4a0068d9600edec526824793ba5257d5f78e1b7,2021-05,Northumbria Police,Northumbria Police,-1.599912,55.133213,On or near GLEBE ROAD,E01027523,Northumberland 021F,Investigation complete; no suspect identified
a2949478e1be0decf5b772afc725dfb874435e5b281f4f28b1c5a956fd73826c,2021-05,Northumbria Police,Northumbria Police,-2.016557,55.784102,On or near Petrol Station,E01027378,Northumberland 002A,Investigation complete; no suspect identified
f574a3909bfe5473ba28fb7b5786a709ab74a57284792a53454a92e1474e660f,2021-05,Northumbria Police,Northumbria Police,-1.568190,54.976755,On or near TUNSTALL AVENUE,E01008392,Newcastle upon Tyne 026F,Investigation complete; no suspect identified
d9078a8a53641d7ddabb10dfd3eb942ea4c4ddc5c4d0f5f73353e12e7062fbfa,2021-05,Northumbria Police,Northumbria Police,-1.534665,55.127779,On or near LANGLEY AVENUE,E01027392,Northumberland 022A,Investigation complete; no suspect identified
261880b70bc6560d01d2d5d56bccc6ab23d9479b3ef81138b23d13e281e148ee,2021-05,Northumbria Police,Northumbria Police,-1.475420,54.997041,On or near ST LUKE'S ROAD,E01008540,North Tyneside 027B,Suspect charged
261880b70bc6560d01d2d5d56bccc6ab23d9479b3ef81138b23d13e281e148ee,2021-05,Northumbria Police,Northumbria Police,-1.475420,54.997041,On or near ST LUKE'S ROAD,E01008540,North Tyneside 027B,Suspect charged
9edf3849f37c0983db93fb54832dec8ce2191a879df5650a180c4056e0b1ad11,2021-05,Northumbria Police,Northumbria Police,-1.606910,54.969787,On or near PILGRIM STREET,E01033553,Newcastle upon Tyne 023H,Investigation complete; no suspect identified
210998d9ec9325223082dc8a601079f0a835da7da9b0808aa160e430f5c7798d,2021-05,Northumbria Police,Northumbria Police,-1.503952,55.010586,On or near MIDDLE ENGINE LANE,E01008468,North Tyneside 021D,Investigation complete; no suspect identified
b2607f75f601fd8358926106d909488cf8b3b89783edff1c1d5fcc7c85bc8d7b,2021-05,Northumbria Police,Northumbria Police,-1.463046,55.009424,On or near CHIRTON LANE,E01008482,North Tyneside 023B,Investigation complete; no suspect identified
1ae4dd059a2fbb3d406286655eb1441e3cb34fb472bb082feb933252180314bf,2021-05,Northumbria Police,Northumbria Police,-1.616522,55.008647,On or near BATH TERRACE,E01008354,Newcastle upon Tyne 005B,Investigation complete; no suspect identified
c73b9cf7b8ae1ce6755c7acab70ca9616c8c146a2157c169d2c05f17a24d390d,2021-05,Northumbria Police,Northumbria Police,-1.368061,54.864781,On or near Hospital,E01008768,Sunderland 028D,Investigation complete; no suspect identified
dd5a14b06f39ec6f6913672a5d752cb9937b6781ce83bee271652b5a47fd166f,2021-05,Northumbria Police,Northumbria Police,-1.653961,54.986024,On or near KINGSWAY,E01008450,Newcastle upon Tyne 016B,Investigation complete; no suspect identified
7c4158e8059f93234e4ea9ecd18f0b53fd5b8cec6817f23254fc22b97bae6a4d,2021-05,Northumbria Police,Northumbria Police,-1.601804,54.961701,On or near JACKSON STREET,E01008166,Gateshead 027C,Suspect charged
80f0ff6340ac2954a7cd4309e7ed799b9342703af705be264776c34ea5ba3932,2021-05,Northumbria Police,Northumbria Police,-1.598252,54.931082,On or near HUTTON TERRACE,E01008234,Gateshead 020C,Investigation complete; no suspect identified
a38d69864954089901c459df2d3d13d8507f56663d0deec4725f6b655623bcef,2021-05,Northumbria Police,Northumbria Police,-1.547029,55.172917,On or near SALISBURY CLOSE,E01033716,Northumberland 013F,Investigation complete; no suspect identified
b8116b36fa413b0b085bc341f79dfd9e87f58c1f1a8dacdbf8050897ab2707a0,2021-05,Northumbria Police,Northumbria Police,-1.601804,54.961701,On or near JACKSON STREET,E01008166,Gateshead 027C,Suspect charged
b8116b36fa413b0b085bc341f79dfd9e87f58c1f1a8dacdbf8050897ab2707a0,2021-05,Northumbria Police,Northumbria Police,-1.601804,54.961701,On or near JACKSON STREET,E01008166,Gateshead 027C,Suspect charged
4afb8f2392b27eb1b9b5aed5758d583bee8efe56a18aa7ff461b49509dc3dd36,2021-05,Northumbria Police,Northumbria Police,-1.459735,55.026654,On or near SIDLAW AVENUE,E01008556,North Tyneside 013C,Investigation complete; no suspect identified
cf28188fde91954c040ec382db03eeeb97a76c2dd45ac4701749f2af5cbd910f,2021-05,Northumbria Police,Northumbria Police,-1.647873,55.013765,On or near BRUNTON GROVE,E01008338,Newcastle upon Tyne 003C,Investigation complete; no suspect identified
118d7cf2a0ba0fca64eb71a837988fcffea3921f0d9e16d9c4f333440f3e05f9,2021-05,Northumbria Police,Northumbria Police,-1.647873,55.013765,On or near BRUNTON GROVE,E01008338,Newcastle upon Tyne 003C,Investigation complete; no suspect identified
e7843dedf16918f8a4fd69077792c30f4e72e2e827673b368e9d7ac522725888,2021-05,Northumbria Police,Northumbria Police,-1.431829,54.918098,On or near Supermarket,E01008693,Sunderland 008A,Investigation complete; no suspect identified
e232b9cc7a28fbdb37002238f0ae6f5b0db76b4bc2511a6bd08745c2e90904b8,2021-05,Northumbria Police,Northumbria Police,-1.580821,55.173964,On or near OATFIELD CLOSE,E01027526,Northumberland 012C,Suspect charged
b480056dac13ea07700c019264bad74310f67b91c93f521eacd49a303429ce1f,2021-05,Northumbria Police,Northumbria Police,-1.534365,54.898368,On or near Parking Area,E01008848,Sunderland 019C,Investigation complete; no suspect identified
4f2eddf01e8751e31d44b43189b30de7274435bc416184b205d1183a65f4eccd,2021-05,Northumbria Police,Northumbria Police,-1.558986,54.965480,On or near ELSTOB PLACE,E01008390,Newcastle upon Tyne 030A,Investigation complete; no suspect identified
d09ba51d4c81fcc54a7b41b3120f00f2bfd81853630adb371b7fc96a052be9aa,2021-05,Northumbria Police,Northumbria Police,-1.463046,55.009424,On or near CHIRTON LANE,E01008482,North Tyneside 023B,Investigation complete; no suspect identified
1fab725814e005aaaf2a8bebadffb768189c982a29a5052e948fd6e8e3c7ec77,2021-05,Northumbria Police,Northumbria Police,-1.380942,54.916861,On or near Supermarket,E01008787,Sunderland 006B,Investigation complete; no suspect identified
c90e8c9f3c372f9efe969a06c44ac86989560458a4c5b34e9ec851d69206e6fd,2021-05,Northumbria Police,Northumbria Police,-1.503557,54.905669,On or near BARMSTON WAY,E01008855,Sunderland 007A,Investigation complete; no suspect identified
b23d5035e65f1943be35d0f17d979342b1d0d5076fea86330b3e2af90a82d6b5,2021-05,Northumbria Police,Northumbria Police,-1.393701,54.904542,On or near WHARNCLIFFE STREET,E01008705,Sunderland 013C,Investigation complete; no suspect identified
9efae6fab57b535a258129ab48f4ba49618f3d484ba199d969cffae0033f1e10,2021-05,Northumbria Police,Northumbria Police,-1.455706,54.829519,On or near HEATHER DRIVE,E01008718,Sunderland 035A,Investigation complete; no suspect identified
c9b0d84aad484df0545e97977945b2bfcbe4d9d55b60bf2f504f49eda82239b7,2021-05,Northumbria Police,Northumbria Police,-1.744657,55.050320,On or near MERTON ROAD,E01027466,Northumberland 033C,Investigation complete; no suspect identified
2c26cfa8dc22d417e47280e3c17bea344a3edd3d977dedf33d6d04bea8e55bb8,2021-05,Northumbria Police,Northumbria Police,-1.497241,54.896944,On or near FRENSHAM,E01008850,Sunderland 017D,Investigation complete; no suspect identified
a625b90d263010e3c2eb1d728f47335aca2dace6d719f62e74b891b5e10744e9,2021-05,Northumbria Police,Northumbria Police,-1.610881,54.992131,On or near LAVENDER GARDENS,E01008373,Newcastle upon Tyne 013E,Investigation complete; no suspect identified
bcaeb2bd4df0ac171c9cd09fa60eb3da2fe6db274da51f396b635f614a189c5b,2021-05,Northumbria Police,Northumbria Police,-1.478489,54.982119,On or near PRIORY ROAD,E01008600,South Tyneside 007A,Investigation complete; no suspect identified
99fc800b1bea2280721aae0951b28012eae0fc02a614dafe96bacfd1b2016467,2021-05,Northumbria Police,Northumbria Police,-1.562045,54.984416,On or near Supermarket,E01008392,Newcastle upon Tyne 026F,Investigation complete; no suspect identified
067a8270c0108b41da33accbe0b5fac5bc19f28d189ab9874b308d753d204b53,2021-05,Northumbria Police,Northumbria Police,-1.562045,54.984416,On or near Supermarket,E01008392,Newcastle upon Tyne 026F,Investigation complete; no suspect identified
ce17c10cfa6d03bdbd6823ac7a847fcfc4e64bc8990deef3a5ea1745fe45cb03,2021-05,Northumbria Police,Northumbria Police,-1.650000,54.950841,On or near A1,E01008208,Gateshead 013C,Investigation complete; no suspect identified
61523c88e6bc0123acb77703abcefbca8d012f058ee9f80355788aae3869dcc7,2021-05,Northumbria Police,Northumbria Police,-1.916019,55.310070,On or near CRAGSIDE COURT,E01027369,Northumberland 007C,Investigation complete; no suspect identified
1badc9bdeed9e9827b57654ae9640cbe266f924db0246e314ba7fe3aeccd21db,2021-05,Northumbria Police,Northumbria Police,-1.528937,55.116174,On or near THROPTON AVENUE,E01027428,Northumberland 025D,Investigation complete; no suspect identified
098662abfa92a366db3d1678db24574c93b1755a1735b6381f30b80b172e5e2b,2021-05,Northumbria Police,Northumbria Police,-1.616721,54.974644,On or near Shopping Area,E01008397,Newcastle upon Tyne 024C,Investigation complete; no suspect identified
268efc74734aec7e5ed22e72fb3cd6b7d1c7218c0ae87d041246359860019d90,2021-05,Northumbria Police,Northumbria Police,-1.610635,54.967427,On or near Parking Area,E01033545,Newcastle upon Tyne 024H,Investigation complete; no suspect identified
c2b13b4287fb06e0833251af175c6350a0a6f5645083479ec730956f8c4f9481,2021-05,Northumbria Police,Northumbria Police,-1.637121,54.974886,On or near LONGLEY STREET,E01008398,Newcastle upon Tyne 022C,Investigation complete; no suspect identified
c924bd5614132d3f0f654b797f4043b9e3590b596be8847df09007e875afdae9,2021-05,Northumbria Police,Northumbria Police,-1.696347,54.991376,On or near BROKENHEUGH,E01008325,Newcastle upon Tyne 015B,Investigation complete; no suspect identified
fbc0a5b4be4294e16008cc9f7bdee0d573e574943a0bf0a0f8a586e97382fde5,2021-05,Northumbria Police,Northumbria Police,-1.430751,54.998880,On or near Nightclub,E01008596,South Tyneside 001B,Investigation complete; no suspect identified
1c34cd3675b2cf490d4591f352cadadd1dbdb17583ee0fd9ee8c2eb0e7fc7d49,2021-05,Northumbria Police,Northumbria Police,-1.995130,55.758010,On or near MIDDLE STREET,E01027389,Northumberland 001F,Investigation complete; no suspect identified
781f8c13b2346e9cb7f7013d985063a66ed25a1d8f0f5e419c5229c19c580163,2021-05,Northumbria Police,Northumbria Police,-1.657674,55.008734,On or near BELLINGHAM COURT,E01008339,Newcastle upon Tyne 003D,Investigation complete; no suspect identified
574b07e22d03602985dfb2a6ab4d0fd2bfd851c3cebe35b3d75472ce3ddcb6ea,2021-05,Northumbria Police,Northumbria Police,-1.494588,55.001651,On or near PEMBROKE GARDENS,E01008508,North Tyneside 026A,Investigation complete; no suspect identified
3646287d682c167ca93e64cfe32f215ab418e3ed68cb29ad6b84f8884a4b2aff,2021-05,Northumbria Police,Northumbria Police,-1.612740,54.974308,On or near Shopping Area,E01008397,Newcastle upon Tyne 024C,Investigation complete; no suspect identified
a0fe5930946995017a21d38d1c331339b9db2c9c50a2abd775bd551652a2e96c,2021-05,Northumbria Police,Northumbria Police,-1.508675,55.126886,On or near HAVELOCK STREET,E01027415,Northumberland 023B,Investigation complete; no suspect identified
49a0704489640adc7a9bc47bb07ebbfd01518da6d95a8feb79c6f72e3b45a260,2021-05,Northumbria Police,Northumbria Police,-1.680813,54.971549,On or near HAIG CRESCENT,E01033547,Newcastle upon Tyne 025E,Investigation complete; no suspect identified
4565e7f62ec56ec30547b043df757cf8f2e878166d5bc932306a6ffdda914a23,2021-05,Northumbria Police,Northumbria Police,-1.617297,54.971528,On or near CLAYTON STREET,E01033543,Newcastle upon Tyne 024G,Investigation complete; no suspect identified
653614b4085a4b46c1ff9473b84731a608160b0d10335c3b7b7a2da2c9be5f26,2021-05,Northumbria Police,Northumbria Police,-1.675920,55.160073,On or near SEVENTH AVENUE,E01027461,Northumberland 016E,Investigation complete; no suspect identified
fcf13c6c5c7ed3ecd9a6e7abe583d4f71b357fdc6b56db15d0c4a0080a4ca020,2021-05,Northumbria Police,Northumbria Police,-1.617099,54.975966,On or near MORDEN STREET,E01008397,Newcastle upon Tyne 024C,Investigation complete; no suspect identified
97463e20cba1150c1e31d30f8dbf38b274d98929ffe0da0baa9a6adea974fd43,2021-05,Northumbria Police,Northumbria Police,-1.525191,54.992986,On or near WESTMORELAND STREET,E01008572,North Tyneside 029A,Investigation complete; no suspect identified
897adfb58687c01f5d475443b048ea06c8ba1b14e5943732f10fc90bdd7aee07,2021-05,Northumbria Police,Northumbria Police,-1.675292,54.974302,On or near SHAFTO COURT,E01033547,Newcastle upon Tyne 025E,Investigation complete; no suspect identified
cda7d29cc1bcab667a374c8ed30c28bd03d5fda1c73fe482d89643e08566d412,2021-05,Northumbria Police,Northumbria Police,-1.721327,54.959122,On or near DENTON VIEW,E01008180,Gateshead 004B,Investigation complete; no suspect identified
6403535adee9c71585c946e51efa8f1a5ce0fc015d113b8b0c0003b946f58882,2021-05,Northumbria Police,Northumbria Police,-1.602381,54.934888,On or near ONSLOW GARDENS,E01008239,Gateshead 020D,Investigation complete; no suspect identified
88094a199dfa5ab0f052758fe0cae080a7f2b7a86e57f3f93cab7fdf40601b40,2021-05,Northumbria Police,Northumbria Police,-1.648737,54.982882,On or near MATFEN PLACE,E01008453,Newcastle upon Tyne 022E,Investigation complete; no suspect identified
8bb0b53bc2bd05e85f0938d0c3ee153d617ebd8b9695e631ae0556f3dbc62747,2021-05,Northumbria Police,Northumbria Police,-1.532418,54.991046,On or near SYCAMORE STREET,E01008573,North Tyneside 029B,Investigation complete; no suspect identified
bf0807ab9ffd7ec98171c85d9301b696d43ece34759baeecda74d5cd90d8d601,2021-05,Northumbria Police,Northumbria Police,-1.532724,54.900096,On or near Shopping Area,E01008848,Sunderland 019C,Investigation complete; no suspect identified
b39e923de6150be3335d6232f949f76d181e26d61c960977531ce4df582606f0,2021-05,Northumbria Police,Northumbria Police,-1.381452,54.909072,On or near BRIDGE CRESCENT,E01008703,Sunderland 013B,Investigation complete; no suspect identified
6cd6fe69b1494f264d2f77b6494ef8dee6b11a8cd1f4b879786f779754f2ee32,2021-05,Northumbria Police,Northumbria Police,-1.650478,54.974961,On or near Petrol Station,E01008333,Newcastle upon Tyne 029C,Investigation complete; no suspect identified
cf07a28436356427c5677d2c45060306f752c1b10a5d8a64d6600f9ebce5a8c0,2021-05,Northumbria Police,Northumbria Police,-1.595404,54.989375,On or near COLLINGWOOD TERRACE,E01008368,Newcastle upon Tyne 017B,Local resolution
7679ae860d0ff20e695794b8f5d8e4bbaa6124b0eca9dd5b970ba36bf2b06a75,2021-05,Northumbria Police,Northumbria Police,-1.382695,54.912439,On or near BARCLAY STREET,E01008791,Sunderland 006F,Investigation complete; no suspect identified
a9f637b5c383a12edd6a05018327afd55202d439556828c059cbaebe5bfe3148,2021-05,Northumbria Police,Northumbria Police,-1.600901,54.961383,On or near CHARLES STREET,E01008166,Gateshead 027C,Local resolution
2c9559b2fc2b3b6b56a6301b900617c0e0a12407da5c94be0272a3e1bee2a454,2021-05,Northumbria Police,Northumbria Police,-1.507066,55.010356,On or near BEWICK PARK,E01008468,North Tyneside 021D,Investigation complete; no suspect identified
495e9294ef30b01aafc1406a168029113869c8a46b61b119eb2ed23cd7d63681,2021-05,Northumbria Police,Northumbria Police,-1.505697,54.967791,On or near PENRITH ROAD,E01008656,South Tyneside 015E,Investigation complete; no suspect identified
1cd3bb558e147f348a3a4efdcb045f0799bcf92237a631ae9ba3da3f98c66f2b,2021-05,Northumbria Police,Northumbria Police,-1.559271,54.929482,On or near WALLACE GARDENS,E01008227,Gateshead 021E,Investigation complete; no suspect identified
fa1beed7dcd13129353e067b4f882cf668faad96fc63280080fd7fccda9762f7,2021-05,Northumbria Police,Northumbria Police,-1.584710,54.977693,On or near HEATON PARK ROAD,E01008304,Newcastle upon Tyne 026C,Suspect charged
fa1beed7dcd13129353e067b4f882cf668faad96fc63280080fd7fccda9762f7,2021-05,Northumbria Police,Northumbria Police,-1.584710,54.977693,On or near HEATON PARK ROAD,E01008304,Newcastle upon Tyne 026C,Suspect charged
2e56152435cebb2ed7f5446789646ed3e73fa2f85f7dc5982cc8d99cdd3882fd,2021-05,Northumbria Police,Northumbria Police,-1.584710,54.977693,On or near HEATON PARK ROAD,E01008304,Newcastle upon Tyne 026C,Suspect charged
1fa2ac692ea42bcdbcff5b8c18ab9cffed75c6e42286869025b08f530d4b4087,2021-05,Northumbria Police,Northumbria Police,-1.743879,54.983272,On or near CONSTON CLOSE,E01008400,Newcastle upon Tyne 014A,Investigation complete; no suspect identified
95a1b4218e6125f9c9ca7fc63e04474f02924816deed999cbe9b0ac6a763f8f8,2021-05,Northumbria Police,Northumbria Police,-1.584710,54.977693,On or near HEATON PARK ROAD,E01008304,Newcastle upon Tyne 026C,Suspect charged
ae172589abb30b4f2dd65bec095ee7762b3a00561383e8e74053e539ec0370e4,2021-05,Northumbria Police,Northumbria Police,-1.584710,54.977693,On or near HEATON PARK ROAD,E01008304,Newcastle upon Tyne 026C,Suspect charged
1b98a56678e675af1a9e3a4d8400716fa295e109a9e72abadc38ec467475a637,2021-05,Northumbria Police,Northumbria Police,-1.462758,54.970117,On or near HENDERSON ROAD,E01008601,South Tyneside 012A,Investigation complete; no suspect identified
b360d322de47653f4b4eb6a4de9af1f07730001d4f0caf352f9e18176aab18f3,2021-05,Northumbria Police,Northumbria Police,-1.462758,54.970117,On or near HENDERSON ROAD,E01008601,South Tyneside 012A,Investigation complete; no suspect identified
de3eeb9aae5d190feb0c9b758fb2d1f730cbff163beae5637e807eaf63cb4605,2021-05,Northumbria Police,Northumbria Police,-1.588152,55.213653,On or near POTLAND VIEW,E01027445,Northumberland 008C,Suspect charged
1d5818e944802da97fc6533fed8db66b17a9bee51772fb74ff34fb47b579285c,2021-05,Northumbria Police,Northumbria Police,-1.593162,54.949882,On or near CARIS STREET,E01008203,Gateshead 028B,Offender given a caution
a0e9b97dd0e65fc60e6cd32c9d15f6f54f135b304789241d81032192b8140064,2021-05,Northumbria Police,Northumbria Police,-1.600592,54.980002,On or near PORTLAND ROAD,E01008407,Newcastle upon Tyne 023B,Suspect charged
858c4fc58777cecbed8e4ae4494d48e4985746f1b597b873b72367e3823201ff,2021-05,Northumbria Police,Northumbria Police,-1.588152,55.213653,On or near POTLAND VIEW,E01027445,Northumberland 008C,Suspect charged
37aeb2d10998d4c1205ce055926ed217ead9fdbcf001c343a0f3cffca077bc1a,2021-05,Northumbria Police,Northumbria Police,-1.617134,54.972264,On or near NEWGATE STREET,E01033543,Newcastle upon Tyne 024G,Suspect charged
2a20435ec18205add781184476b815697029723e721077f53c06d16591619303,2021-05,Northumbria Police,Northumbria Police,-1.369326,54.869532,On or near DWYER CRESCENT,E01008769,Sunderland 028E,Offender given a caution
10b3d281b13bc5010b0e76986d34e79adae97e4ab032dd9f6981532017e869fd,2021-05,Northumbria Police,Northumbria Police,-1.426717,54.902303,On or near FRIAR SQUARE,E01008812,Sunderland 012C,Investigation complete; no suspect identified
c959a7a26ca6cd2aac4dd4dd59a607eb7d82010e429057b75fec303a352b1578,2021-05,Northumbria Police,Northumbria Police,-1.998445,55.753805,On or near HIGHCLIFFE,E01027389,Northumberland 001F,Investigation complete; no suspect identified
97b183c86dd26343da37b90355ee730b5ef8bb9fb59f9e742ea036cce09a90dc,2021-05,Northumbria Police,Northumbria Police,-1.639485,54.965646,On or near CLUMBER STREET NORTH,E01008437,Newcastle upon Tyne 029F,Investigation complete; no suspect identified
e2b0822177e6efe04a03400b8b0209d8b5913cb514731044f7c5a572ac1d1754,2021-05,Northumbria Police,Northumbria Police,-1.653360,54.990489,On or near MOORHEAD MEWS,E01008380,Newcastle upon Tyne 008G,Investigation complete; no suspect identified
072649c637bd58a9ee4e149161aa745309666a6bcc7b09ab1bafdc9038624d95,2021-05,Northumbria Police,Northumbria Police,-1.392284,54.899233,On or near ABBOTSFORD GROVE,E01008835,Sunderland 022G,Investigation complete; no suspect identified
0a3990a7c8288ab2cd2b5cd513e246cb246f349dd4f142e80ca2fda44ef759d7,2021-05,Northumbria Police,Northumbria Police,-1.565415,54.928426,On or near BRANDON GARDENS,E01008227,Gateshead 021E,Investigation complete; no suspect identified
c2ef21c9a247dd807656157f6b2523369078bf88785ae9a26c31d4d7594894d5,2021-05,Northumbria Police,Northumbria Police,-1.544721,54.938271,On or near HARTBURN,E01008282,Gateshead 015F,Investigation complete; no suspect identified
07ba0fb4387e3eca033dcbbc812d28c662fc75ac55d38a43b2f86a745041370a,2021-05,Northumbria Police,Northumbria Police,-1.460975,55.007663,On or near LILBURN STREET,E01008482,North Tyneside 023B,Investigation complete; no suspect identified
9a6ffa113b081d22c30a6f4dcfb12d7a47bd32fca7e801b823ca1660acf03070,2021-05,Northumbria Police,Northumbria Police,-1.574348,54.945450,On or near RECTORY ROAD,E01008228,Gateshead 012D,Investigation complete; no suspect identified
5f5ae7b57ddabce7d752f29d8796e7675d0086307df5c5ef2071e6f7584cd40b,2021-05,Northumbria Police,Northumbria Police,-1.578611,55.317874,On or near A1068,E01027362,Northumberland 006B,Investigation complete; no suspect identified
a727caf2c0729671e5b90847931a24fc52271539654ae919db0f6754448e256a,2021-05,Northumbria Police,Northumbria Police,-1.652029,55.005231,On or near HALEWOOD AVENUE,E01008376,Newcastle upon Tyne 008D,Investigation complete; no suspect identified
fee97be7849e7d89f8927ebb53d8b8df091a92a6e44df7242bfcd721aae3a513,2021-05,Northumbria Police,Northumbria Police,-1.395604,54.902439,On or near THE ROYALTY,E01008831,Sunderland 013D,Investigation complete; no suspect identified
5cd838a5a73f8995f415d80d6afceb001c2042657ce44e426de2dcb482f7931c,2021-05,Northumbria Police,Northumbria Police,-1.446046,55.004037,On or near TENNYSON TERRACE,E01008544,North Tyneside 027D,Investigation complete; no suspect identified
4804cc14ee01ac02c2dde36e774d693680858e9572d7172782b5354c9d73b88e,2021-05,Northumbria Police,Northumbria Police,-1.557813,54.964236,On or near CLIPSTONE AVENUE,E01008390,Newcastle upon Tyne 030A,Investigation complete; no suspect identified
43672c45eb0babbdbc1cf8297709de62beeb22fbc56838a5152e18bd554467a3,2021-05,Northumbria Police,Northumbria Police,-1.604667,54.953281,On or near ALEXANDRA ROAD,E01008163,Gateshead 028A,Suspect charged
1ea8aa14021a4881342e1e4b76244e63318fb7dc38e22bd783dacbf30a4bffa6,2021-05,Northumbria Police,Northumbria Police,-1.616754,54.985868,On or near Park/Open Space,E01008397,Newcastle upon Tyne 024C,Investigation complete; no suspect identified
bdce3db2aae97e17a661e00209f411d382c9f3b0a8ee89272cf8b900250332fb,2021-05,Northumbria Police,Northumbria Police,-1.463160,54.968141,On or near PEEL GARDENS,E01008670,South Tyneside 014D,Investigation complete; no suspect identified
33546bcbb11c6cc81f5d7267fdd0b440824cda1db3247188c80a76b92add1656,2021-05,Northumbria Police,Northumbria Police,-1.372546,54.893022,On or near PERCY TERRACE,E01008737,Sunderland 016D,Investigation complete; no suspect identified
835620e3a5a566e0e2cae1055b8e52f93294dc39a82dd08933036cadfcce16a9,2021-05,Northumbria Police,Northumbria Police,-1.403375,54.970649,On or near OAK AVENUE,E01008625,South Tyneside 013C,Investigation complete; no suspect identified
953a5b26e94563032e7b416441a58dceaed8d3cdbeaf5634282873863b70efe7,2021-05,Northumbria Police,Northumbria Police,-1.376962,54.900854,On or near PEEL STREET,E01008834,Sunderland 013E,Investigation complete; no suspect identified
75cd9b356b37c8151db94f39d5baeaa2cde3ab4dd985ad46c66e16761116eee8,2021-05,Northumbria Police,Northumbria Police,-1.617454,54.946789,On or near WETHERBY GROVE,E01008257,Gateshead 008E,Investigation complete; no suspect identified
d745b934af1b894ba4a489506fb00d8870115921dc65acb68ddc30e479828738,2021-05,Northumbria Police,Northumbria Police,-1.642474,55.005455,On or near KENTON CRESCENT,E01008374,Newcastle upon Tyne 008B,Investigation complete; no suspect identified
79c29ceb044812e3a08556030fd7bd103d1e26d1aee4265464c90932b5ddbfaf,2021-05,Northumbria Police,Northumbria Police,-1.421376,54.919163,On or near HYLTON PARK ROAD,E01008820,Sunderland 005F,Investigation complete; no suspect identified
4d8e28c4d993680573f40a942e1059c826503f6e640cf051faa36dbd915b5dc0,2021-05,Northumbria Police,Northumbria Police,-1.603974,54.950682,On or near WESTFIELD TERRACE,E01008252,Gateshead 010B,Investigation complete; no suspect identified
a1f82ea92903b91c6fbf40fdd00b8cce445591d331fbea5d674dbb631e7b2728,2021-05,Northumbria Police,Northumbria Police,-1.487485,54.981276,On or near MONKTON ROAD,E01008604,South Tyneside 007B,Investigation complete; no suspect identified
ac4e4c8a350170b617274294e236a7d5f726a0dd072a430093a42534dff93aa7,2021-05,Northumbria Police,Northumbria Police,-1.434990,54.899538,On or near PALGROVE ROAD,E01008813,Sunderland 014C,Investigation complete; no suspect identified
e06208fe94cec48de9cdb2a847a3e503f146d74ddc72ba057edd34bad5f2f159,2021-05,Northumbria Police,Northumbria Police,-1.653871,55.177985,On or near STANTON DRIVE,E01027463,Northumberland 011C,Investigation complete; no suspect identified
2217d91018a2512cfd88fe432da6ec8fe5b467df3841c8e245ac46fe5080524e,2021-05,Northumbria Police,Northumbria Police,-1.468184,54.976853,On or near ABBOTSWAY,E01008600,South Tyneside 007A,Investigation complete; no suspect identified
573d2db8d4aa97dc16547a7c99068e31f38fb1c7064c0aa94180873bc86c5e3e,2021-05,Northumbria Police,Northumbria Police,-1.626652,54.951481,On or near WOOLER CRESCENT,E01008259,Gateshead 007D,Investigation complete; no suspect identified
8785fd0e273864cc2035dd92d33e2b43191e9395bbbd394940b2d70336a6f65d,2021-05,Northumbria Police,Northumbria Police,-1.372918,54.951337,On or near CENTRAL AVENUE,E01008687,South Tyneside 018E,Investigation complete; no suspect identified
a07f044c4eb76896ec505e6fb217cc6cdf1fa5f6659c5523a91416fe31f86c26,2021-05,Northumbria Police,Northumbria Police,-1.576183,54.952098,On or near Sports/Recreation Area,E01008212,Gateshead 012A,Investigation complete; no suspect identified
afe09cbb3900bfbf9c8598caffe9e438681837a01b1f1c517c18fac14024bf81,2021-05,Northumbria Police,Northumbria Police,-1.609932,54.993206,On or near BRENTWOOD AVENUE,E01008373,Newcastle upon Tyne 013E,Investigation complete; no suspect identified
465cf5c6508d52205dcbe236baeb799c415ecb564c875252a6ee2224a992a794,2021-05,Northumbria Police,Northumbria Police,-1.567750,54.880869,On or near BEDFORD AVENUE,E01008173,Gateshead 026B,Investigation complete; no suspect identified
dba21e8dde22b56a0ec479db00007e0f89ba2b3c596005ec78db36bfbd8cf883,2021-05,Northumbria Police,Northumbria Police,-1.527815,55.003753,On or near BAILDON CLOSE,E01008465,North Tyneside 024D,Investigation complete; no suspect identified
8e3e508acbeb8dc1696b9c53273e1ca2c0d4abe1391629c186504c1faf56339c,2021-05,Northumbria Police,Northumbria Police,-1.379016,54.872709,On or near BARTON PARK,E01008767,Sunderland 031B,Investigation complete; no suspect identified
f2fb0c8ad4d4b80a3338b8106d3d0d8decf1d00a44819ec51478ad12337ac5ac,2021-05,Northumbria Police,Northumbria Police,-1.380861,54.904881,On or near Further/Higher Educational Building,E01008703,Sunderland 013B,Investigation complete; no suspect identified
ec2596cb16a2b1c3e1f0ff916ee11fbaf355567e7180e6214075783716351973,2021-05,Northumbria Police,Northumbria Police,-1.428396,54.991851,On or near ROBINSON STREET,E01008668,South Tyneside 002E,Investigation complete; no suspect identified
fcbe91179f0af1929456cbbe97f5d1cdd80787712c8b54afc87d865d96a71633,2021-05,Northumbria Police,Northumbria Police,-1.566870,55.183494,On or near WOODHORN ROAD,E01027528,Northumberland 010A,Suspect charged
51a54df7d9c09425ad115d79d1ea1972276483eb4e7ca03698efdf5ef367b5be,2021-05,Northumbria Police,Northumbria Police,-1.434741,54.902888,On or near POOLE ROAD,E01033076,Sunderland 012F,Investigation complete; no suspect identified
386fa81025c1c4c25b4e5f15f3bbf847c164188b284183e9d7cb053dd2a9c1bd,2021-05,Northumbria Police,Northumbria Police,-1.756234,54.976351,On or near PETH LANE,E01008249,Gateshead 001D,Investigation complete; no suspect identified
25c1ff3f095d850ec32e278f5f9280f82491d0e2d0599c802fa3f6d92b733554,2021-05,Northumbria Police,Northumbria Police,-1.537075,55.004687,On or near ROSE GARDENS,E01008464,North Tyneside 024C,Investigation complete; no suspect identified
2328c4663834ec5fd1207461c241a4402fd6f6062ed0e7e74d0c496e9d55f2ba,2021-05,Northumbria Police,Northumbria Police,-1.366152,54.923911,On or near ROKER TERRACE,E01008789,Sunderland 006D,Investigation complete; no suspect identified
d73fbf11cf9c561a51ed8c2e2c2de40bf344b52a0e98334aeb66306193c6daa0,2021-05,Northumbria Police,Northumbria Police,-1.566870,55.183494,On or near WOODHORN ROAD,E01027528,Northumberland 010A,Suspect charged
128882e9dea5c7d662abf49ea91e57a18e4502836221ba1e93940bf973a39d01,2021-05,Northumbria Police,Northumbria Police,-1.629495,54.951400,On or near A1114,E01008259,Gateshead 007D,Investigation complete; no suspect identified
3ecc1cf3e9fb9745e640fb05e8d68e846c63fcfa82bf22f9a314ae8276fa3c0e,2021-05,Northumbria Police,Northumbria Police,-1.834058,54.963605,On or near HORSLEY VIEW,E01027498,Northumberland 038B,Investigation complete; no suspect identified
7d833da6e554b2ce7972d6b33277eb9cb53b0c779705e631aea7b072a01f0f60,2021-05,Northumbria Police,Northumbria Police,-1.756252,54.970825,On or near THE CRESCENT,E01008247,Gateshead 001B,Investigation complete; no suspect identified
ce403556af4bd9aed24f80fcac7191af4ed6b2615816cc80192bad91c1d0080d,2021-05,Northumbria Police,Northumbria Police,-1.755060,54.922755,On or near BARKWOOD ROAD,E01008185,Gateshead 022B,Investigation complete; no suspect identified
0946f50d0ec5e5ea47c2a8e9dbf5e4580a291806451ce3c7bb26145ff2b790eb,2021-05,Northumbria Police,Northumbria Police,-1.399129,54.907615,On or near LIME STREET,E01008705,Sunderland 013C,Investigation complete; no suspect identified
90834a5de0cd1d879c73fddb2a626314d8d450adf7e6dc24a7d0dc523f13c637,2021-05,Northumbria Police,Northumbria Police,-1.588589,54.932883,On or near WHINLATTER GARDENS,E01008221,Gateshead 021C,Suspect charged
90834a5de0cd1d879c73fddb2a626314d8d450adf7e6dc24a7d0dc523f13c637,2021-05,Northumbria Police,Northumbria Police,-1.588589,54.932883,On or near WHINLATTER GARDENS,E01008221,Gateshead 021C,Suspect charged
e61a9c418841f62bdcde99b36c0d631cf25852a2c2d503624ef85a92e9a1ab9e,2021-05,Northumbria Police,Northumbria Police,-1.432356,54.872817,On or near AVONMOUTH ROAD,E01008773,Sunderland 026A,Investigation complete; no suspect identified
5822dbd74afcf0de3197d4434b13b01d3b1e4175fa7f6bdd88ca6ab7afadd505,2021-05,Northumbria Police,Northumbria Police,-1.380861,54.904881,On or near Further/Higher Educational Building,E01008703,Sunderland 013B,Investigation complete; no suspect identified
e43c39471d0ec53ae95cfbf1594431080e1f3e369bba24298e1a6904d258a480,2021-05,Northumbria Police,Northumbria Police,-1.518698,55.031385,On or near CLOVERFIELD,E01032647,North Tyneside 011E,Investigation complete; no suspect identified
2195c4f9c67b45e0e65603a280dbbbe57995104a40fdbc4a265ed3534ab3072c,2021-05,Northumbria Police,Northumbria Police,-1.713461,54.986952,On or near COBALT CLOSE,E01008381,Newcastle upon Tyne 021A,Investigation complete; no suspect identified
84575162d24a0327ffd2044d33118f54e12608f849a2750ba56c719e1816a93e,2021-05,Northumbria Police,Northumbria Police,-1.709751,54.977058,On or near ROKEBY STREET,E01008385,Newcastle upon Tyne 021E,Investigation complete; no suspect identified
cbd4b2d598b9794531586773dc240e7ef47317752ca086d14df78a80ace823b1,2021-05,Northumbria Police,Northumbria Police,-1.830450,55.596502,On or near CRAGVIEW ROAD,E01027374,Northumberland 003A,Investigation complete; no suspect identified
c1bef3fe74d292b05c10f7873ae62f90f161f5289b246dd1d8a67e3c26f8ded7,2021-05,Northumbria Police,Northumbria Police,-1.405275,54.862039,On or near HALL FARM ROAD,E01008771,Sunderland 031D,Investigation complete; no suspect identified
7f178ad9d36dddf41d06676087ae2b8bf35dbd8d0feb723820c82072f57c9509,2021-05,Northumbria Police,Northumbria Police,-1.484586,55.008717,On or near BARMOUTH ROAD,E01008481,North Tyneside 023A,Investigation complete; no suspect identified
dc15f8a6e303dbe16acfa8428be96edf42dd6a9a814f955418f7abec35e42d58,2021-05,Northumbria Police,Northumbria Police,-1.405275,54.862039,On or near HALL FARM ROAD,E01008771,Sunderland 031D,Investigation complete; no suspect identified
5264ecacf800468b3c8351f4607395c1ebe0a576e59081a8ca3fcb565ca5be16,2021-05,Northumbria Police,Northumbria Police,-1.503952,55.010586,On or near MIDDLE ENGINE LANE,E01008468,North Tyneside 021D,Investigation complete; no suspect identified
690c0f1c6b8bc2f09df7df794ce895c075cdb5dcf2a1703917786479e36ef4c0,2021-05,Northumbria Police,Northumbria Police,-1.429730,54.958383,On or near SUTHERLAND COURT,E01008689,South Tyneside 019B,Investigation complete; no suspect identified
e1ec7116c7f8065697f245c1cfd8e89d7423adcfa8c1779420140e672c135bc4,2021-05,Northumbria Police,Northumbria Police,-1.568190,54.976755,On or near TUNSTALL AVENUE,E01008392,Newcastle upon Tyne 026F,Investigation complete; no suspect identified
9f7ccda59076cf3022ff7aeb8549d59d3abb52bafa57063edbd2dc0d86345984,2021-05,Northumbria Police,Northumbria Police,-1.665432,54.997091,On or near WILBURY PLACE,E01008297,Newcastle upon Tyne 011B,Investigation complete; no suspect identified
1b38b3ef163ac262fb2bc885d2d769abcdf3c004f786c33851b916d4a74d3d58,2021-05,Northumbria Police,Northumbria Police,-1.580808,54.975775,On or near A193,E01008304,Newcastle upon Tyne 026C,Investigation complete; no suspect identified
2c60fabf37650f79462bf5ef475d53d2429a0a70c49c55169c84fd6c3b8a82bb,2021-05,Northumbria Police,Northumbria Police,-1.488979,54.976799,On or near CROFT TERRACE,E01008661,South Tyneside 007D,Investigation complete; no suspect identified
4a6e3ab9e1ae647b2a7171b1837f63d0c2f49abea25e1d9e77a5edebe66aeba2,2021-05,Northumbria Police,Northumbria Police,-1.560231,55.170252,On or near B1334,E01027537,Northumberland 014B,Investigation complete; no suspect identified
7021aed5060e95903b560328fa2e93b0f3ada3b36af6d532be234a5143c6117d,2021-05,Northumbria Police,Northumbria Police,-1.621934,54.968460,On or near WESTMORLAND ROAD,E01033545,Newcastle upon Tyne 024H,Investigation complete; no suspect identified
12e7759b75cfc1eb20576240e19e69eb1c8b8bbee792037be7fce8e59d876adb,2021-05,Northumbria Police,Northumbria Police,-1.464562,55.035311,On or near APPLETREE GARDENS,E01008556,North Tyneside 013C,Investigation complete; no suspect identified
68436c02d2b2e7b63729e2af7067e749e50ac01401ddf93107be3d61692547db,2021-05,Northumbria Police,Northumbria Police,-1.596276,55.039575,On or near SANDY LANE,E01008577,North Tyneside 004A,Investigation complete; no suspect identified
a3cdfe75d2eab20d10b4d653fa3aeacf18b21e459de228a024f4b39caf6c98e0,2021-05,Northumbria Police,Northumbria Police,-1.595556,54.930713,On or near LYNDHURST CRESCENT,E01008193,Gateshead 020A,Investigation complete; no suspect identified
b56ef47711a77eeacb4267a87acf6c1ad7cd46f273621515ea99c2d1b280fdf4,2021-05,Northumbria Police,Northumbria Police,-1.409258,54.972151,On or near Supermarket,E01008634,South Tyneside 008B,Investigation complete; no suspect identified
941c53b21ab3f1b18072bc843f72a560f1dd4b6d8a30446e35a3fd393d50b788,2021-05,Northumbria Police,Northumbria Police,-1.582736,55.009848,On or near KNOWLE PLACE,E01032650,North Tyneside 019G,Investigation complete; no suspect identified
0abbb69e437f86a7acfd6bfedcc937ad6dc88359b08a508a0b7ae80e5e861e0e,2021-05,Northumbria Police,Northumbria Police,-1.459336,54.836285,On or near MEADOW CLOSE,E01008716,Sunderland 034C,Investigation complete; no suspect identified
c194a3c169a79fc0d3cd0a07ddc9d23a51499b1912a4d773c06f616b4e19170b,2021-05,Northumbria Police,Northumbria Police,-1.370327,54.916285,On or near Petrol Station,E01008791,Sunderland 006F,Investigation complete; no suspect identified
284bb513cbcb8e625e4f21d6feb76053b1facc6dae49e06976d0fdc207f1069c,2021-05,Northumbria Police,Northumbria Police,-1.484586,55.008717,On or near BARMOUTH ROAD,E01008481,North Tyneside 023A,Investigation complete; no suspect identified
f3d304137be7eb6a003faed4bbaf92371af8c687a2b2a8b931f16df80bd72e94,2021-05,Northumbria Police,Northumbria Police,-1.451856,54.949372,On or near RUSKIN DRIVE,E01008610,South Tyneside 021A,Investigation complete; no suspect identified
4ec03611f213e4d3759e4a91192d033781814d2b4ff75187f4439be18a582b51,2021-05,Northumbria Police,Northumbria Police,-1.765272,54.993910,On or near VALESIDE,E01008403,Newcastle upon Tyne 014D,Investigation complete; no suspect identified
1a166cc505e7e2d9fd2198d9d4a43c4fd6b04a0b8ee7069d992de7e3210c82b5,2021-05,Northumbria Police,Northumbria Police,-1.380861,54.904881,On or near Further/Higher Educational Building,E01008703,Sunderland 013B,Suspect charged
dddac75a60b06a19f2d1d6874dad18adf1944157ed5538e790992e17a7587360,2021-05,Northumbria Police,Northumbria Police,-1.554117,55.025760,On or near GREAT LIME ROAD,E01008500,North Tyneside 012A,Investigation complete; no suspect identified
f46709434adda422470985e90321742194e59de76e2d8790ab027a153af16b1f,2021-05,Northumbria Police,Northumbria Police,-1.579624,54.981477,On or near CHELTENHAM TERRACE,E01008362,Newcastle upon Tyne 018E,Investigation complete; no suspect identified
aa1ea8c2a0e43469dbd4bc993f0a68a76688aa84aebada89763b119b306d9cfc,2021-05,Northumbria Police,Northumbria Police,-1.612740,54.974308,On or near Shopping Area,E01008397,Newcastle upon Tyne 024C,Investigation complete; no suspect identified
19f65e4ee73495d3b0868c218f7312efc699ff606e202d0b4221c63d31bc0889,2021-05,Northumbria Police,Northumbria Police,-1.557276,54.980445,On or near SCROGG ROAD,E01008391,Newcastle upon Tyne 026E,Investigation complete; no suspect identified
de699ffe6ef5a8ac8ed6ef6eae2e39c75986d61a7cce7351002a895c95c45a9f,2021-05,Northumbria Police,Northumbria Police,-1.409008,54.971108,On or near WILLOW GROVE,E01033074,South Tyneside 013E,Investigation complete; no suspect identified
1e923f8dd3ecee2c1e219421e06fe1328440c23a505be1d2f5c2b923fa64aeb4,2021-05,Northumbria Police,Northumbria Police,-1.560946,55.173741,On or near Supermarket,E01027532,Northumberland 014A,Suspect charged
bb4a4f2b0c2ee328c646db55a01b37049b28c9f0a12bc64a4a66511dc853a745,2021-05,Northumbria Police,Northumbria Police,-1.458584,54.815729,On or near ESKDALE STREET,E01008743,Sunderland 036A,Investigation complete; no suspect identified
7223c8b6c8227f7fa8f3f11ccb70461fbf2597e3603298dcb0a38364b37066ce,2021-05,Northumbria Police,Northumbria Police,-1.853371,54.961149,On or near WEST ROAD,E01027500,Northumberland 038D,Investigation complete; no suspect identified
32dba1b7aa7ea0a269be82a0abf7ff8381984f47327ba0cc590ac07af30eb6ae,2021-05,Northumbria Police,Northumbria Police,-1.642390,54.948006,On or near CYPRESS CRESCENT,E01008211,Gateshead 013D,Investigation complete; no suspect identified
c8012053b2a5911838fb43e33960cd588e3e3e455da9027e11338949fd26bb48,2021-05,Northumbria Police,Northumbria Police,-1.512805,54.896657,On or near NELSON STREET,E01008851,Sunderland 017E,Investigation complete; no suspect identified
67ab78e49018858041dd60d64b7bde2b72ecffa5292350b52acd41afdff49b0d,2021-05,Northumbria Police,Northumbria Police,-1.532724,54.900096,On or near Shopping Area,E01008848,Sunderland 019C,Investigation complete; no suspect identified
a8fe70aac4a1191516e5e15ccd4be64a26cbd57e37de0b47c83dbe63706769c6,2021-05,Northumbria Police,Northumbria Police,-1.565415,54.928426,On or near BRANDON GARDENS,E01008227,Gateshead 021E,Investigation complete; no suspect identified
1d3d684553cc6f4a37ac232cc162bcf1ebe8470d3f1a7c26baa100ccfb787c74,2021-05,Northumbria Police,Northumbria Police,-1.474127,55.039738,On or near WESTFIELD AVENUE,E01008522,North Tyneside 005D,Investigation complete; no suspect identified
bac4822c93a14b4b75fa4ae119567d531715b7ca3d00788f5d26212bb0512f5a,2021-05,Northumbria Police,Northumbria Police,-1.598252,54.956127,On or near CAMILLA STREET,E01008163,Gateshead 028A,Investigation complete; no suspect identified
e62535b37cfc567ca924e8ce71632c754588686c5ced8daef06cf4ccee49d710,2021-05,Northumbria Police,Northumbria Police,-1.468298,55.039120,On or near CAULDWELL LANE,E01008522,North Tyneside 005D,Investigation complete; no suspect identified
8b635622f1225cc9540e53c2a3a391775707fa65b9ee1c90a56155bbe1840b93,2021-05,Northumbria Police,Northumbria Police,-1.483422,54.866728,On or near DEVON STREET,E01032483,Sunderland 032F,Investigation complete; no suspect identified
8924165f28bbc23cd555b2a6190832b87024360bbf2074cc3f67fac33c30dbbf,2021-05,Northumbria Police,Northumbria Police,-1.517862,54.978480,On or near OLWEN DRIVE,E01008639,South Tyneside 009A,Investigation complete; no suspect identified
05d3ccee466ec360816ea9a0c351f10b1f62c43fe5d6ee1f533169e11dfe2439,2021-05,Northumbria Police,Northumbria Police,-1.465855,55.040448,On or near FRONT STREET,E01008553,North Tyneside 009B,Investigation complete; no suspect identified
d19362bc5e1039ae26e665d70138c10aeb8fe9a977f69dae845086c46fc6ce36,2021-05,Northumbria Police,Northumbria Police,-1.617120,54.978617,On or near EDWARD'S WALK,E01008397,Newcastle upon Tyne 024C,Suspect charged
c09af796a9388ac82cd36da8e22b41360083ca6efd9b7c6b4ce533ff3821d289,2021-05,Northumbria Police,Northumbria Police,-1.549855,54.964961,On or near BURWOOD ROAD,E01008427,Newcastle upon Tyne 030C,Investigation complete; no suspect identified
7120f4f98aa294dce5d93afb7c706eec165f1e5f27ee95e49ff6c7699956af9b,2021-05,Northumbria Police,Northumbria Police,-1.649171,54.977950,On or near HADRIAN ROAD,E01008455,Newcastle upon Tyne 022G,Investigation complete; no suspect identified
cbcc6b5bc10604ad8750f9df2a9612fe9344c19d2dd5398fb24a637746f211ef,2021-05,Northumbria Police,Northumbria Police,-1.560946,55.173741,On or near Supermarket,E01027532,Northumberland 014A,Suspect charged
189f866e205856842a43abcc31d8ca56c678c196522c00c463c8371e17998369,2021-05,Northumbria Police,Northumbria Police,-1.564686,54.993044,On or near BENFIELD ROAD,E01008363,Newcastle upon Tyne 012E,Investigation complete; no suspect identified
51b878a7cef8dc8594ef2e35637f111bc94b4aa7be21411efe8b147600f8903c,2021-05,Northumbria Police,Northumbria Police,-1.586985,54.976757,On or near Petrol Station,E01008304,Newcastle upon Tyne 026C,Investigation complete; no suspect identified
f302f278e5ad634336dc632522f313d3300113b685c15fc2449ef02ef898017f,2021-05,Northumbria Police,Northumbria Police,-1.554117,55.025760,On or near GREAT LIME ROAD,E01008500,North Tyneside 012A,Investigation complete; no suspect identified
91f2839adc74c2d850b3ca4e7c4e86ad8360438d9e24e54c09ca9525e1c912f8,2021-05,Northumbria Police,Northumbria Police,-1.468298,55.039120,On or near CAULDWELL LANE,E01008522,North Tyneside 005D,Investigation complete; no suspect identified
eade55fdbd6a7d8b736bcfde4005e164d4fc3d6f6e4eb50dddfc9dcf8b54c916,2021-05,Northumbria Police,Northumbria Police,-1.409965,54.925003,On or near CHESTNUT CRESCENT,E01008817,Sunderland 004B,Investigation complete; no suspect identified
b23e18536b5e81dc6a683eb1bf1d230460f6080d417cb2c04e50458bdb0592e6,2021-05,Northumbria Police,Northumbria Police,-1.468532,54.955189,On or near SHIPTON CLOSE,E01008612,South Tyneside 021C,Investigation complete; no suspect identified
87f1024721ac95154dbdfc21c3bc18a541168d5ea5e532f5184a0b7bc202d891,2021-05,Northumbria Police,Northumbria Police,-1.492278,54.981521,On or near GRANGE PLACE,E01008604,South Tyneside 007B,Investigation complete; no suspect identified
23672ee2e1c8572a011be6135db0ccca48baa3806f39a18bdfa3f76099a9d315,2021-05,Northumbria Police,Northumbria Police,-1.437261,54.974881,On or near BURNHAM STREET,E01008591,South Tyneside 011B,Investigation complete; no suspect identified
404cfdcf7459086d8fc31fea7378a4788907ad23b58d0c66ed0801b57e9b8ddf,2021-05,Northumbria Police,Northumbria Police,-1.429170,54.884377,On or near TAUNTON SQUARE,E01008829,Sunderland 023G,Investigation complete; no suspect identified
83472eac0803ee1878725859067acd414a3b1e7799496d50cbe16636caa4d73d,2021-05,Northumbria Police,Northumbria Police,-1.476451,54.844411,On or near Parking Area,E01008754,Sunderland 034F,Investigation complete; no suspect identified
a118b7eeaec095b569685efc6cc8e48d3cc93e5f69f9e785f3c19f015199e0fc,2021-05,Northumbria Police,Northumbria Police,-1.730525,55.489910,On or near A1,E01027365,Northumberland 007A,Suspect charged
fe096100e0cafbc66edb325aa1b8be0ecf8cc5463ade49ec3ec4919c58bb0148,2021-05,Northumbria Police,Northumbria Police,-1.682550,54.953365,On or near NAPIER ROAD,E01008262,Gateshead 009A,Suspect charged
769ee4d093b63a7ce22de8c0ea96717422dc49b6e585dd78b397c7671005dd72,2021-05,Northumbria Police,Northumbria Police,-1.540497,54.896729,On or near WITTON COURT,E01008867,Sunderland 020A,Investigation complete; no suspect identified
50fe00574742fa7814e2ba5b3dc0164a581fb36835a34df77519cbae9fcde2d9,2021-05,Northumbria Police,Northumbria Police,-1.429730,54.958383,On or near SUTHERLAND COURT,E01008689,South Tyneside 019B,Investigation complete; no suspect identified
50fe00574742fa7814e2ba5b3dc0164a581fb36835a34df77519cbae9fcde2d9,2021-05,Northumbria Police,Northumbria Police,-1.429730,54.958383,On or near SUTHERLAND COURT,E01008689,South Tyneside 019B,Suspect charged
dc3f028023f3d130fc4966b8072754ef0c35e8dcb80baa62000a9e2f7ebd1e5b,2021-05,Northumbria Police,Northumbria Police,-1.591397,55.008431,On or near LEALHOLM ROAD,E01008321,Newcastle upon Tyne 007D,Investigation complete; no suspect identified
4306fd12c0b3a732e8d78ffb2a590673812772becb505a43847346499ac44f84,2021-05,Northumbria Police,Northumbria Police,-1.665432,54.997091,On or near WILBURY PLACE,E01008297,Newcastle upon Tyne 011B,Suspect charged
4306fd12c0b3a732e8d78ffb2a590673812772becb505a43847346499ac44f84,2021-05,Northumbria Police,Northumbria Police,-1.665432,54.997091,On or near WILBURY PLACE,E01008297,Newcastle upon Tyne 011B,Suspect charged
69425cef154de3830351bb15b48a02a6708b42f140a9e7129d3e261d24673e21,2021-05,Northumbria Police,Northumbria Police,-1.459245,55.002578,On or near EPSOM CLOSE,E01008545,North Tyneside 027E,Suspect charged
ca1b2d6d9ba40ca8ce6a047d6a222190972d9ba115cbf94984fa2323bae07707,2021-05,Northumbria Police,Northumbria Police,-1.722124,55.270965,On or near A1,E01027450,Northumberland 015C,Offender given a caution
0702d7161b0443678fc0aed7efc72d6fdc4999b6f008c4607d96d1ab2263a94f,2021-05,Northumbria Police,Northumbria Police,-1.566448,54.967313,On or near CHATSWORTH GARDENS,E01008301,Newcastle upon Tyne 026A,Investigation complete; no suspect identified
f7afa7885bd180f4ea716a339561748aa69238e2f2b20b13c292c0291ba32590,2021-05,Northumbria Police,Northumbria Police,-1.428593,54.927321,On or near RETFORD ROAD,E01008822,Sunderland 004E,Investigation complete; no suspect identified
6463118ca56fd80bb8be21b3e142c5e1c20a5911a08003f37224f7ba487ca3f7,2021-05,Northumbria Police,Northumbria Police,-1.580821,55.173964,On or near OATFIELD CLOSE,E01027526,Northumberland 012C,Investigation complete; no suspect identified
8cdbd4fe081efda438b8a09ea87cc864b9dd8678d489eb82b0c452fdcb84a237,2021-05,Northumbria Police,Northumbria Police,-1.432104,54.958358,On or near COPLEY AVENUE,E01008689,South Tyneside 019B,Investigation complete; no suspect identified
f451f04218184344922603d248726010402e0645637c43f9e57e9af465413dfe,2021-05,Northumbria Police,Northumbria Police,-1.429277,54.999179,On or near Nightclub,E01008596,South Tyneside 001B,Investigation complete; no suspect identified
838d5e20dd3a9fdf4df3c5454314edceed00fedfa8a14f8e7c977c79746efe19,2021-05,Northumbria Police,Northumbria Police,-1.538026,54.955940,On or near DENE GARDENS,E01008243,Gateshead 003C,Investigation complete; no suspect identified
d1799b6d089fa177063d8df75232db638e0224ddcafebb2d51e084bbde333284,2021-05,Northumbria Police,Northumbria Police,-1.648951,55.008556,On or near COLGROVE WAY,E01008340,Newcastle upon Tyne 003E,Investigation complete; no suspect identified
460fad36b5fc051360366c4ec88de2d3fb3b0e6df1b6d548ebe7420b52506086,2021-05,Northumbria Police,Northumbria Police,-1.380861,54.904881,On or near Further/Higher Educational Building,E01008703,Sunderland 013B,Suspect charged
cba627e04d9889f52f88e8fee0dcfd8305df58b6530ea5237e8954f0e976af4e,2021-05,Northumbria Police,Northumbria Police,-1.436163,54.997477,On or near EAST STREET,E01008667,South Tyneside 002D,Investigation complete; no suspect identified
6bc15f552a3b9b4a79070082a17c44e20b62c7e916472aeb990acbaf3f28f5dc,2021-05,Northumbria Police,Northumbria Police,-2.016767,55.755062,On or near ETAL ROAD,E01027386,Northumberland 002E,Investigation complete; no suspect identified
1ca5973b09afb135093663a0f73d52474445ee8fbf93b57786c56d0391168893,2021-05,Northumbria Police,Northumbria Police,-1.511471,54.996598,On or near BISHOPS CLOSE,E01008571,North Tyneside 028D,Investigation complete; no suspect identified
7fae507b550071ba912a316330cd903d74c5081ff9de29b96040ff14219c3baa,2021-05,Northumbria Police,Northumbria Police,-1.512342,54.916974,On or near GAYTON ROAD,E01008855,Sunderland 007A,Suspect charged
7fae507b550071ba912a316330cd903d74c5081ff9de29b96040ff14219c3baa,2021-05,Northumbria Police,Northumbria Police,-1.512342,54.916974,On or near GAYTON ROAD,E01008855,Sunderland 007A,Suspect charged
59d739b1445e7511c577a35e261fa7580433ee15f7aacaee4b99456ffdc394c5,2021-05,Northumbria Police,Northumbria Police,-1.521865,54.912437,On or near Supermarket,E01008853,Sunderland 009A,Investigation complete; no suspect identified
f9378120f56ba0ccbdb73fac79fa00db2c37797b5ea21eeef79c8ed438d84379,2021-05,Northumbria Police,Northumbria Police,-1.620821,54.968906,On or near FORTH PLACE,E01033545,Newcastle upon Tyne 024H,Investigation complete; no suspect identified
03389c7f2afa849570947aa4fa275845c37d8be0ffe28ebdb19409fc575a6a82,2021-05,Northumbria Police,Northumbria Police,-1.551891,54.878817,On or near WELLHOPE,E01008864,Sunderland 025E,Investigation complete; no suspect identified
6ee1b8c938d59f963501352331c2eb4a2316d36136a974059eb15889f9c2755a,2021-05,Northumbria Police,Northumbria Police,-1.612329,54.971602,On or near HIGH BRIDGE,E01033543,Newcastle upon Tyne 024G,Investigation complete; no suspect identified
760efe3039b1216082a683cdefef6b4a16ad84446812695f8524cc8fef05a78c,2021-05,Northumbria Police,Northumbria Police,-1.448887,55.010026,On or near BEDFORD STREET,E01008524,North Tyneside 022B,Suspect charged
f872cf09862e4d2bc57ba538759fcabc66dd54b4786cd7e5941ab6837d7f4d7d,2021-05,Northumbria Police,Northumbria Police,-1.472027,54.970912,On or near PORLOCK ROAD,E01008601,South Tyneside 012A,Investigation complete; no suspect identified
60f4f6072a3cc804881a2a1f69bcad8834fcb4ece7bf3e6fc2186bb02cc030c3,2021-05,Northumbria Police,Northumbria Police,-1.619128,55.014164,On or near HAREWOOD ROAD,E01008358,Newcastle upon Tyne 002E,Investigation complete; no suspect identified
015b2411aa27fba9fe521dfc24e1c5c49e84b474742e15f91938a95e8f4e053e,2021-05,Northumbria Police,Northumbria Police,-1.448887,55.010026,On or near BEDFORD STREET,E01008524,North Tyneside 022B,Suspect charged
74362eb269ac6615ceeba79cf97a5964cfa153ca8df4180a25580a81fbb58ccb,2021-05,Northumbria Police,Northumbria Police,-1.603959,54.949064,On or near BRINKBURN AVENUE,E01008251,Gateshead 010A,Offender given a caution
59d3000e9e534e5dbfa8b89fa0e669ec2fd6b6b25561a2ec9a63ae70da8752c0,2021-05,Northumbria Police,Northumbria Police,-1.571144,54.948800,On or near COLDWELL STREET,E01008215,Gateshead 003B,Offender given a drugs possession warning
92725340a75d24ecc90f986c3d3106a684cbf22b8390763bae4af213a5597db8,2021-05,Northumbria Police,Northumbria Police,-1.481631,54.991766,On or near BARRASFORD STREET,E01008540,North Tyneside 027B,Investigation complete; no suspect identified
7d2ffbf267bb9488ebdf3e286bf816ef6367095b5ae91af42a9deb3740448ef0,2021-05,Northumbria Police,Northumbria Police,-1.493695,54.999320,On or near REDCAR ROAD,E01008510,North Tyneside 026C,Investigation complete; no suspect identified
d9b98e39bef3db975809d1bd8996730aeae6af67948677e45327434d5bcfafa5,2021-05,Northumbria Police,Northumbria Police,-1.500710,55.032400,On or near MATFEN AVENUE,E01008568,North Tyneside 011B,Investigation complete; no suspect identified
304cc05f490d277040a3258a5eb3281175865dd77a2d1389b0eaef396f8e647e,2021-05,Northumbria Police,Northumbria Police,-1.533133,55.002209,On or near Petrol Station,E01008465,North Tyneside 024D,Investigation complete; no suspect identified
de00271bd4e523792edfa9df7cd738c2a69b2887ca4c94b0f1ac01c507a56d80,2021-05,Northumbria Police,Northumbria Police,-1.617452,54.950248,On or near NEWTON STREET,E01008170,Gateshead 008C,Investigation complete; no suspect identified
72fb7f07bb9f06c531f4f95310a596bc3b1aa6bcbae1cc9c815571cf2158b148,2021-05,Northumbria Police,Northumbria Police,-1.538026,54.955940,On or near DENE GARDENS,E01008243,Gateshead 003C,Investigation complete; no suspect identified
5a6086508fd7a4c86b54e953de4733103f46392a8ba68146a9fa14f3f4c53b1f,2021-05,Northumbria Police,Northumbria Police,-1.566870,55.183494,On or near WOODHORN ROAD,E01027528,Northumberland 010A,Investigation complete; no suspect identified
56dfc138ff093a93fb33fe54eab81c8fe820e91bcd773b1a345d972e44576a1b,2021-05,Northumbria Police,Northumbria Police,-1.658267,54.981274,On or near LOTUS PLACE,E01008346,Newcastle upon Tyne 019D,Investigation complete; no suspect identified
11d04936f28932bd9c21eea6c0d5f88648b4035d343004b00edd32bf05696511,2021-05,Northumbria Police,Northumbria Police,-1.594252,54.979621,On or near NEWINGTON ROAD,E01008410,Newcastle upon Tyne 023D,Investigation complete; no suspect identified
13ae9542ea2599edd8d5ccade0ab712d95c5032531bd8de6a7ebbb1953814c81,2021-05,Northumbria Police,Northumbria Police,-1.604581,54.982675,On or near OSBORNE TERRACE,E01008370,Newcastle upon Tyne 017C,Investigation complete; no suspect identified
ec37e68f1a048195c2b2b3dd440842e20d66e234b897e7ad59aff1d4635f2992,2021-05,Northumbria Police,Northumbria Police,-1.451591,55.010173,On or near ASHFIELD GROVE,E01008524,North Tyneside 022B,Investigation complete; no suspect identified
ade83bc9ce7fc3a848db8742eabcb8e4d32b9afd9399000f107dbd7e17093601,2021-05,Northumbria Police,Northumbria Police,-1.648737,54.982882,On or near MATFEN PLACE,E01008453,Newcastle upon Tyne 022E,Investigation complete; no suspect identified
8e9fb0341babf78c5a4e1d81b16e75e59347cfc14c31a1aa6d05aa277b2b6776,2021-05,Northumbria Police,Northumbria Police,-1.610719,54.947414,On or near RAWLING ROAD,E01008255,Gateshead 010E,Investigation complete; no suspect identified
1dd8a72b5e0c762b3a2ef9b1911e04c71fe610b14fdd6e637a7a0ebc732ffc71,2021-05,Northumbria Police,Northumbria Police,-1.620230,54.971959,On or near Parking Area,E01033543,Newcastle upon Tyne 024G,Investigation complete; no suspect identified
f9c0438cc75c95f7338ff83ff5168e1f92beb9f2950ea5a400d341c23b6d1f6a,2021-05,Northumbria Police,Northumbria Police,-1.723202,54.999905,On or near LOTUS CLOSE,E01008443,Newcastle upon Tyne 014G,Investigation complete; no suspect identified
38defacb934094630b409e950cc945de4a88887ae5c19553650338246a1af2e2,2021-05,Northumbria Police,Northumbria Police,-1.704690,55.030100,On or near Sports/Recreation Area,E01008458,Newcastle upon Tyne 004D,Investigation complete; no suspect identified
c6c712953df42fcc18578230ae0632dd098252b33e80d397b16ec401413c560e,2021-05,Northumbria Police,Northumbria Police,-1.596729,54.924148,On or near DORCHESTER GARDENS,E01008194,Gateshead 020B,Investigation complete; no suspect identified
165ae7e3194519692cfec94a207b21412d5cb7720d8d426cd5bf70ad495baeb9,2021-05,Northumbria Police,Northumbria Police,-1.452014,54.922818,On or near Supermarket,E01008694,Sunderland 008B,Investigation complete; no suspect identified
8ceb152c9cbdb20ed4f51d58e061fe03f168a3cf76b7bd2ed4c59496140d5e0b,2021-05,Northumbria Police,Northumbria Police,-1.437502,54.892728,On or near Petrol Station,E01008731,Sunderland 021C,Investigation complete; no suspect identified
c0eea52763fe47ec863f325838e8b0925de6941a15d679418cf53a1876cd119d,2021-05,Northumbria Police,Northumbria Police,-1.674603,55.159962,On or near ELEVENTH AVENUE,E01027461,Northumberland 016E,Investigation complete; no suspect identified
c0eea52763fe47ec863f325838e8b0925de6941a15d679418cf53a1876cd119d,2021-05,Northumbria Police,Northumbria Police,-1.674603,55.159962,On or near ELEVENTH AVENUE,E01027461,Northumberland 016E,Investigation complete; no suspect identified
c0eea52763fe47ec863f325838e8b0925de6941a15d679418cf53a1876cd119d,2021-05,Northumbria Police,Northumbria Police,-1.674603,55.159962,On or near ELEVENTH AVENUE,E01027461,Northumberland 016E,Investigation complete; no suspect identified
c0eea52763fe47ec863f325838e8b0925de6941a15d679418cf53a1876cd119d,2021-05,Northumbria Police,Northumbria Police,-1.674603,55.159962,On or near ELEVENTH AVENUE,E01027461,Northumberland 016E,Investigation complete; no suspect identified
c0eea52763fe47ec863f325838e8b0925de6941a15d679418cf53a1876cd119d,2021-05,Northumbria Police,Northumbria Police,-1.674603,55.159962,On or near ELEVENTH AVENUE,E01027461,Northumberland 016E,Suspect charged
c0eea52763fe47ec863f325838e8b0925de6941a15d679418cf53a1876cd119d,2021-05,Northumbria Police,Northumbria Police,-1.674603,55.159962,On or near ELEVENTH AVENUE,E01027461,Northumberland 016E,Suspect charged
c0eea52763fe47ec863f325838e8b0925de6941a15d679418cf53a1876cd119d,2021-05,Northumbria Police,Northumbria Police,-1.674603,55.159962,On or near ELEVENTH AVENUE,E01027461,Northumberland 016E,Suspect charged
c0eea52763fe47ec863f325838e8b0925de6941a15d679418cf53a1876cd119d,2021-05,Northumbria Police,Northumbria Police,-1.674603,55.159962,On or near ELEVENTH AVENUE,E01027461,Northumberland 016E,Suspect charged
56c926de9184e0c26bb94f6831912f0b9a7b8b8e4c5b056d23f81028c3bf9c7d,2021-05,Northumbria Police,Northumbria Police,-1.630058,54.975117,On or near AVOLON PLACE,E01008399,Newcastle upon Tyne 024D,Investigation complete; no suspect identified
2862867751eb80e8769bc6220506f3e1d7c45b352a7cda81d1ffc35a9e953908,2021-05,Northumbria Police,Northumbria Police,-1.517086,55.027542,On or near WEST STREET,E01008570,North Tyneside 011D,Offender given a caution
2862867751eb80e8769bc6220506f3e1d7c45b352a7cda81d1ffc35a9e953908,2021-05,Northumbria Police,Northumbria Police,-1.517086,55.027542,On or near WEST STREET,E01008570,North Tyneside 011D,Investigation complete; no suspect identified
1f1b5bbbdaafde73cc5f9dffe395ba21bcb35acc1f773ef52b32e439bcc0ab9c,2021-05,Northumbria Police,Northumbria Police,-1.429991,54.902417,On or near FLODDEN ROAD,E01008812,Sunderland 012C,Investigation complete; no suspect identified
36510918c2bb461ca1afdb0fea894523e44f5e0c6d997aadfb33c9ff2af442d7,2021-05,Northumbria Police,Northumbria Police,-1.629303,54.984145,On or near SHERATON STREET,E01033556,Newcastle upon Tyne 022H,Investigation complete; no suspect identified
6bf48984f475600111900e2a93c2a83240f5f05ea0b0d4a21053e1f1da391a57,2021-05,Northumbria Police,Northumbria Police,-1.379635,54.928806,On or near LAWS STREET,E01008727,Sunderland 002C,Offender given a caution
67507e3be8a5637bb7633439cfba812bfacf1cdc12d78bbebffba1f582632a2b,2021-05,Northumbria Police,Northumbria Police,-1.580268,54.945130,On or near IONA ROAD,E01008202,Gateshead 011C,Offender given a caution
ed963c1f44ebeb9f3af0952cc90db9a9612ad612e89d148ae5ff5bdfecd413d2,2021-05,Northumbria Police,Northumbria Police,-1.569916,54.926285,On or near SPRINGWELL ROAD,E01008218,Gateshead 021A,Investigation complete; no suspect identified
ed963c1f44ebeb9f3af0952cc90db9a9612ad612e89d148ae5ff5bdfecd413d2,2021-05,Northumbria Police,Northumbria Police,-1.569916,54.926285,On or near SPRINGWELL ROAD,E01008218,Gateshead 021A,Suspect charged
a99081ccb9afae812a8b0b614d64801e3d5cce935fb3b1e76b145a4f8e8a6959,2021-05,Northumbria Police,Northumbria Police,-1.688182,55.006318,On or near Parking Area,E01008457,Newcastle upon Tyne 004C,Suspect charged
2097f90511b59a8c74c8f5aee575d3a0e042f5d1327ec801093d2e4cb9c02d09,2021-05,Northumbria Police,Northumbria Police,-1.436190,54.924130,On or near RIBBLE ROAD,E01008842,Sunderland 004F,Investigation complete; no suspect identified
2097f90511b59a8c74c8f5aee575d3a0e042f5d1327ec801093d2e4cb9c02d09,2021-05,Northumbria Police,Northumbria Police,-1.436190,54.924130,On or near RIBBLE ROAD,E01008842,Sunderland 004F,Investigation complete; no suspect identified
2097f90511b59a8c74c8f5aee575d3a0e042f5d1327ec801093d2e4cb9c02d09,2021-05,Northumbria Police,Northumbria Police,-1.436190,54.924130,On or near RIBBLE ROAD,E01008842,Sunderland 004F,Investigation complete; no suspect identified
2097f90511b59a8c74c8f5aee575d3a0e042f5d1327ec801093d2e4cb9c02d09,2021-05,Northumbria Police,Northumbria Police,-1.436190,54.924130,On or near RIBBLE ROAD,E01008842,Sunderland 004F,Investigation complete; no suspect identified
73895aedc36e5a939c7883e74c141de1c4e7b6d16ecb0b0d987b836f5af15c69,2021-05,Northumbria Police,Northumbria Police,-1.442030,54.977949,On or near WHITEHEAD STREET,E01008671,South Tyneside 012C,Investigation complete; no suspect identified
ada19db736c4e6b883df8f1a2b8bc635fa92a46eaf0efd7c1c8a4caabf19eff5,2021-05,Northumbria Police,Northumbria Police,-1.610818,54.976009,On or near NORTH STREET,E01008397,Newcastle upon Tyne 024C,Offender given a caution
ad4c727ffa08a9396613c8651c80f9518688cabf54ff75e16fc8e30f109e6f58,2021-05,Northumbria Police,Northumbria Police,-1.386405,54.928975,On or near STATION ROAD,E01008713,Sunderland 001A,Suspect charged
ad4c727ffa08a9396613c8651c80f9518688cabf54ff75e16fc8e30f109e6f58,2021-05,Northumbria Police,Northumbria Police,-1.386405,54.928975,On or near STATION ROAD,E01008713,Sunderland 001A,Suspect charged
e7d6a76c765e3859e854846f1a9437825d088325a1be14454e4b2d27d3cf63df,2021-05,Northumbria Police,Northumbria Police,-1.615435,54.971836,On or near Nightclub,E01033543,Newcastle upon Tyne 024G,Investigation complete; no suspect identified
77166f6ce42a796b2b8e9b9875b17b5b64f5984480ba26ec27291cae3a9cd404,2021-05,Northumbria Police,Northumbria Police,-1.440961,54.926686,On or near RAVENNA ROAD,E01008841,Sunderland 003F,Investigation complete; no suspect identified
2397d3e471a6670874124db826c2a09c8a10242f1479babaad8d83368996fc60,2021-05,Northumbria Police,Northumbria Police,-1.444202,55.045842,On or near Nightclub,E01008584,North Tyneside 006A,Investigation complete; no suspect identified
f6c34a5ee18289eb3791bd739d4b93ef696b8bd42b81a8817600fc093deb6711,2021-05,Northumbria Police,Northumbria Police,-1.456954,55.024018,On or near Supermarket,E01008557,North Tyneside 013D,Investigation complete; no suspect identified
23ffd243d94799b7bed4c1beff1fcf5391bb9ebb116b82e65481c2fb5c602357,2021-05,Northumbria Police,Northumbria Police,-1.443865,55.041877,On or near VICTORIA MEWS,E01008588,North Tyneside 006D,Investigation complete; no suspect identified
f9a9a0d03e83fa7648368b3727b1bf3ad1ffadbaf15f1ae097d5f40aea45ba04,2021-05,Northumbria Police,Northumbria Police,-1.458472,54.919424,On or near CARDIFF SQUARE,E01008695,Sunderland 008C,Investigation complete; no suspect identified
92f4c195103cbb920c6330f70945941681fd6390a16d455cb270c47c87b96563,2021-05,Northumbria Police,Northumbria Police,-1.489888,54.955613,On or near HEREFORD WAY,E01008627,South Tyneside 020A,Investigation complete; no suspect identified
24119b96441d3b5d4605e172939674b67f08f027a1abb88de1d530fdf0925a78,2021-05,Northumbria Police,Northumbria Police,-1.378711,54.897645,On or near MOWBRAY CLOSE,E01008735,Sunderland 016B,Investigation complete; no suspect identified
62864d33f55236944e2f0f6479effb0c34aa03e465140a1a8e85d5cb9a1f4fc4,2021-05,Northumbria Police,Northumbria Police,-1.504000,54.875962,On or near STATION ROAD,E01008799,Sunderland 025A,Investigation complete; no suspect identified
f8863f00158c84d5f65f4a0d856873ac426e1e0b22648db7a26cda9720dce261,2021-05,Northumbria Police,Northumbria Police,-1.504000,54.875962,On or near STATION ROAD,E01008799,Sunderland 025A,Investigation complete; no suspect identified
b4475f0e7eaf7bc921aabd0cdad5bb59a323c1428a4002949cb36f6950d6492f,2021-05,Northumbria Police,Northumbria Police,-1.435705,54.985577,On or near MARSHALL WALLIS ROAD,E01008664,South Tyneside 002A,Suspect charged
878f74f772d5212fb007297749ec86a3ca3dfa50c5a3b2990bbace3b5a61d90d,2021-05,Northumbria Police,Northumbria Police,-1.510541,54.894357,On or near HILLTHORNE CLOSE,E01008851,Sunderland 017E,Suspect charged
061012a51b1169c309da7d45568345210787507c69e00852c3254dfae195aa06,2021-05,Northumbria Police,Northumbria Police,-1.589058,54.941987,On or near OLD DURHAM ROAD,E01008236,Gateshead 016C,Investigation complete; no suspect identified
fb8caf0b3db8ad7d70eb5391f4d50a67bc98ae5279513c9e785383d9de3c2d74,2021-05,Northumbria Police,Northumbria Police,-1.434218,54.905645,On or near POLTON SQUARE,E01033076,Sunderland 012F,Investigation complete; no suspect identified
5954eabd12f6aa419df8c23d3e924cca4c9306f74abd830c6c3a8b1db3652a7e,2021-05,Northumbria Police,Northumbria Police,-1.440961,54.926686,On or near RAVENNA ROAD,E01008841,Sunderland 003F,Investigation complete; no suspect identified
975d1803650bff79af56cfb1b1f1b692098f18330fec6488343d49f36ec9fd8d,2021-05,Northumbria Police,Northumbria Police,-2.101383,54.971934,On or near BACK ROW,E01027476,Northumberland 035A,Investigation complete; no suspect identified
0a582f1a0bb567c2e07faa3625cd579661cc67f8f97ee5c221b6b6e6674b5540,2021-05,Northumbria Police,Northumbria Police,-1.401552,54.974540,On or near EAST CLOSE,E01008633,South Tyneside 008A,Investigation complete; no suspect identified
2ac84e0e6fe9545b27be3a9bb7bbb3b0ff840c81b59d9106e20fcbdc003c4f43,2021-05,Northumbria Police,Northumbria Police,-1.440185,54.981464,On or near TEMPLE STREET,E01008665,South Tyneside 002B,Investigation complete; no suspect identified
989a5e1c059077c8a75d2a83b536f024d3885985de85d1c7dccc39faf0a3bb48,2021-05,Northumbria Police,Northumbria Police,-1.636010,55.011439,On or near CRASTER SQUARE,E01008353,Newcastle upon Tyne 006A,Investigation complete; no suspect identified
378c9d38f5be1c5c731f6ada9898fc13a70893e21b77d068dea11bcf4a8e30cb,2021-05,Northumbria Police,Northumbria Police,-1.385956,54.903119,On or near OLIVE STREET,E01008831,Sunderland 013D,Investigation complete; no suspect identified
9c030f55bd312cd1315d3215b69b641014a72a3cb4a5f01dae0bfa409de05feb,2021-05,Northumbria Police,Northumbria Police,-1.447484,55.008618,On or near Supermarket,E01008524,North Tyneside 022B,Investigation complete; no suspect identified
0ac877782abc53b928eda45751d064f142ce6df2e05489c4add0f9b63d1eb872,2021-05,Northumbria Police,Northumbria Police,-1.626652,54.951481,On or near WOOLER CRESCENT,E01008259,Gateshead 007D,Investigation complete; no suspect identified
6190adaf5d9e0c1eff640e18fea92e26ff34c847b2b1c311e5bc91f91558ff43,2021-05,Northumbria Police,Northumbria Police,-1.753755,54.993501,On or near MOUNT PLEASANT COURT,E01008401,Newcastle upon Tyne 014B,Investigation complete; no suspect identified
6190adaf5d9e0c1eff640e18fea92e26ff34c847b2b1c311e5bc91f91558ff43,2021-05,Northumbria Police,Northumbria Police,-1.753755,54.993501,On or near MOUNT PLEASANT COURT,E01008401,Newcastle upon Tyne 014B,Investigation complete; no suspect identified
6190adaf5d9e0c1eff640e18fea92e26ff34c847b2b1c311e5bc91f91558ff43,2021-05,Northumbria Police,Northumbria Police,-1.753755,54.993501,On or near MOUNT PLEASANT COURT,E01008401,Newcastle upon Tyne 014B,Investigation complete; no suspect identified
d7d3e570b35b0b0db5f40ee6dd1ee0a880b6e9d2c761a0c92a383bbe019ca361,2021-05,Northumbria Police,Northumbria Police,-1.617205,55.238845,On or near DE MERLEY GARDENS,E01027474,Northumberland 008F,Investigation complete; no suspect identified
ba229f0109bf22d0dea08fce8aaaa7f4d8efcb1d45b8b9ff916b96126a9249bc,2021-05,Northumbria Police,Northumbria Police,-1.577059,54.981675,On or near FIRST AVENUE,E01008362,Newcastle upon Tyne 018E,Investigation complete; no suspect identified
b5e7668008bc35f5d1125d09e49b99a2ce84acbbf45ac8122fed0434c2ec5799,2021-05,Northumbria Police,Northumbria Police,-1.626652,54.951481,On or near WOOLER CRESCENT,E01008259,Gateshead 007D,Investigation complete; no suspect identified
93cd3b0a06570d1cab0d6da6fa50a2fa23ad306b43b8ce9b1116865b15e90f3b,2021-05,Northumbria Police,Northumbria Police,-1.416269,54.985296,On or near LAVINGTON ROAD,E01008674,South Tyneside 006C,Suspect charged
a1551b9463b0473747748ddfe9385d0dab463f94591e1b63aed7ed46fee9ecd6,2021-05,Northumbria Police,Northumbria Police,-2.018389,54.975353,On or near ST HELEN'S STREET,E01027481,Northumberland 039A,Investigation complete; no suspect identified
e9a0cad3fa52fcafdd64c2d1ef01d8ed4743fd3f65bf841916a6c488dfe3deb0,2021-05,Northumbria Police,Northumbria Police,-1.575267,55.093717,On or near KENDAL DRIVE,E01027399,Northumberland 028D,Investigation complete; no suspect identified
bc7c9c995c7b4405872a7f564695cd228684412b534146a3b6cf582f609d46fb,2021-05,Northumbria Police,Northumbria Police,-1.677916,54.999740,On or near STONEFOLD CLOSE,E01008298,Newcastle upon Tyne 011C,Offender given a caution
5b3b1ba739ffa5ee686b7eb7f26bb57fcc7f41d2c6cb1b9a7b7b9fb503fae848,2021-05,Northumbria Police,Northumbria Police,-1.618837,54.970526,On or near CLAYTON STREET WEST,E01033543,Newcastle upon Tyne 024G,Investigation complete; no suspect identified
80d72a0be46563d5f45ff9bcc8eed913a08accdeff1276c73f02ceb7c917e072,2021-05,Northumbria Police,Northumbria Police,-1.463703,55.041050,On or near CHAPEL LANE,E01008520,North Tyneside 003A,Investigation complete; no suspect identified
51daf2c8b42506720977fcfcca26b3bbe26f7f24478aa2e1e10a5682d40effb8,2021-05,Northumbria Police,Northumbria Police,-1.661168,55.013479,On or near Supermarket,E01008295,Newcastle upon Tyne 008A,Investigation complete; no suspect identified
f36fe3c44fca53bb8d4ed8d8d063fc70a8cfa9b8c8cbbc0bed6d934937bf6799,2021-05,Northumbria Police,Northumbria Police,-1.582344,55.104732,On or near Sports/Recreation Area,E01027398,Northumberland 029A,Investigation complete; no suspect identified
f36fe3c44fca53bb8d4ed8d8d063fc70a8cfa9b8c8cbbc0bed6d934937bf6799,2021-05,Northumbria Police,Northumbria Police,-1.582344,55.104732,On or near Sports/Recreation Area,E01027398,Northumberland 029A,Suspect charged
e7cf023fce24efa1be4aaba51365482b384c889c7c2fd29171b5b5540088ae82,2021-05,Northumbria Police,Northumbria Police,-1.530134,55.106339,On or near COTTINGWOOD GREEN,E01027426,Northumberland 025B,Investigation complete; no suspect identified
a70b2d5a9caf3a6ae9443cf3e1f3bf16bc0463bc2dcd04846d43213b33c42ffb,2021-05,Northumbria Police,Northumbria Police,-1.657917,54.983825,On or near FENHAM HALL DRIVE,E01008346,Newcastle upon Tyne 019D,Investigation complete; no suspect identified
bcda166d05d58d72810e5e9a9920fad03cc15b78717d7d7f4a67f1f550d34f91,2021-05,Northumbria Police,Northumbria Police,-1.549855,54.964961,On or near BURWOOD ROAD,E01008427,Newcastle upon Tyne 030C,Investigation complete; no suspect identified
6223b1141991104d2a97d31818aa69b926c3e34f37e63d2de118cac91e15081f,2021-05,Northumbria Police,Northumbria Police,-1.407365,54.972385,On or near Supermarket,E01008634,South Tyneside 008B,Investigation complete; no suspect identified
7c47929ec5171b2c42cb5a24c8322083b22edb2ed3b8336b5d4897507a6a87cb,2021-05,Northumbria Police,Northumbria Police,-1.743883,55.049078,On or near Supermarket,E01027464,Northumberland 033A,Investigation complete; no suspect identified
54729564ffa6db5d6f9e9db03aba51657369e12776a53479da9e2934bc2cf71c,2021-05,Northumbria Police,Northumbria Police,-1.670837,54.991831,On or near LINDFIELD AVENUE,E01008299,Newcastle upon Tyne 011D,Investigation complete; no suspect identified
19be33452ecb66815d5bfa444d791e12d55b5a837d8686cdd329b4c0ca5e1b66,2021-05,Northumbria Police,Northumbria Police,-1.819745,54.958319,On or near B6395,E01008200,Gateshead 002E,Investigation complete; no suspect identified
0e8a47044b5697bc54510ff562aad144af5580d83f7514724d911074a2c45a04,2021-05,Northumbria Police,Northumbria Police,-1.568747,54.974358,On or near DUNMORLIE STREET,E01008302,Newcastle upon Tyne 026B,Investigation complete; no suspect identified
032569950741286f35fecec8654a9292ea9a0d2164bc077a30095eed427145e7,2021-05,Northumbria Police,Northumbria Police,-1.599928,55.152030,On or near EASTGATE,E01027531,Northumberland 017B,Investigation complete; no suspect identified
8288cb1461b8b7e2419ffc2a4448f5e4014ae1a070329484c08c569fcb4beba4,2021-05,Northumbria Police,Northumbria Police,-1.599390,55.291822,On or near HEDGEHOPE CRESCENT,E01027443,Northumberland 008A,Suspect charged
3924f315aaf1018f79220650ae625f71e780159444607720beee4ce3c70581af,2021-05,Northumbria Police,Northumbria Police,-1.752306,54.997730,On or near ALSTON GARDENS,E01008405,Newcastle upon Tyne 014F,Investigation complete; no suspect identified
85ea3f3ca358c0404e897fe5bf688aef9aaa1bddace2ca857d8fc062bf9e493a,2021-05,Northumbria Police,Northumbria Police,-1.530603,54.916183,On or near Supermarket,E01008860,Sunderland 009F,Investigation complete; no suspect identified
84f89580639ba1081b843f5cfda6a404cfefff4f3940cb6b0859f06aa82972ba,2021-05,Northumbria Police,Northumbria Police,-1.445541,55.042891,On or near YORK ROAD,E01008584,North Tyneside 006A,Investigation complete; no suspect identified
28ab48850d1b692099aaff4f400f4264ebb82728239b19a1343961daf2658bde,2021-05,Northumbria Police,Northumbria Police,-1.611154,54.975165,On or near LISLE STREET,E01008397,Newcastle upon Tyne 024C,Investigation complete; no suspect identified
f366ece04e10bec32ca211d41376dfe4e77af1429362ddda341f12d7bcb5ac07,2021-05,Northumbria Police,Northumbria Police,-1.477301,54.996591,On or near ST STEPHEN'S WAY,E01008540,North Tyneside 027B,Investigation complete; no suspect identified
e431387fafab0efdcdbab4c29f9d826a17a141e8488492edbd3ffa4cdfdca7b4,2021-05,Northumbria Police,Northumbria Police,-1.399645,54.902325,On or near CHESTER ROAD,E01008830,Sunderland 018B,Investigation complete; no suspect identified
c35d69e68d729542f321e693472420bb267c3e90364e30e6263aad8994aec12b,2021-05,Northumbria Police,Northumbria Police,-1.370164,54.903802,On or near HENDON ROAD,E01008836,Sunderland 016F,Investigation complete; no suspect identified
c42fd2627ea3907378cd6543aa362369e257f2bcd7613e82c62bd46699bf216c,2021-05,Northumbria Police,Northumbria Police,-1.619408,54.966322,On or near Pedestrian Subway,E01033545,Newcastle upon Tyne 024H,Suspect charged
c62d38df07addc260959ed00f1a7e2e4d3ff859f6a156938395cf9cc7a39bad5,2021-05,Northumbria Police,Northumbria Police,-1.430672,54.996723,On or near FOWLER STREET,E01008596,South Tyneside 001B,Investigation complete; no suspect identified
c04e7b9069ccbab542f57444a6b43af7914a9030038dfeb1185aeb877db96161,2021-05,Northumbria Police,Northumbria Police,-1.712341,54.955587,On or near LIME STREET,E01008182,Gateshead 004C,Investigation complete; no suspect identified
4858c39053d69d81c85a30043ac2f6687df7f643fb12f03460071c20c1208db9,2021-05,Northumbria Police,Northumbria Police,-1.586451,54.973970,On or near ALBION ROW,E01008304,Newcastle upon Tyne 026C,Suspect charged
62aed003980f2316e3f73fadc68ce380fca35ca0ff861292c5b52e7e8ba5393d,2021-05,Northumbria Police,Northumbria Police,-1.382352,54.914424,On or near NORTH BRIDGE STREET,E01008791,Sunderland 006F,Offender given a caution
f47d872a881ec6d46b8c90c5e29b73db6e4e6ae6f3e8a267b7d977d24cc566df,2021-05,Northumbria Police,Northumbria Police,-1.620742,55.000546,On or near THE POPLARS,E01008420,Newcastle upon Tyne 005D,Investigation complete; no suspect identified
aa560d47b0d628c052a716d9b9f7ae098ee1da61e35bd48bdcfcdbd44d8a5e86,2021-05,Northumbria Police,Northumbria Police,-1.596957,54.976314,On or near BERMONDSEY STREET,E01008406,Newcastle upon Tyne 023A,Investigation complete; no suspect identified
1da72ebc720a546c78d1b4efb76186b09d234f3f36a1c0d21afad3878126bf04,2021-05,Northumbria Police,Northumbria Police,-1.737770,54.985623,On or near SPENCER COURT,E01008404,Newcastle upon Tyne 014E,Investigation complete; no suspect identified
b6be4a1a6de154418b64756d2ebe3a2194592b5025c30ea75f0c09c4519c444c,2021-05,Northumbria Police,Northumbria Police,-1.492759,54.991741,On or near CLAVERING STREET,E01008542,North Tyneside 028B,Suspect charged
bc9f11531587b08f51020715f088277aac6001a0316fc225b8e04ab7a9214348,2021-05,Northumbria Police,Northumbria Police,-1.536850,55.212669,On or near Supermarket,E01027451,Northumberland 008E,Suspect charged
268c7075e3656fd87abab32f77a3b9913a603896836c0eeafeaaecdc39a33406,2021-05,Northumbria Police,Northumbria Police,-1.612740,54.974308,On or near Shopping Area,E01008397,Newcastle upon Tyne 024C,Suspect charged
48afb9780eec17edea748a8ae6987ac724eaed48b58cca71de7ee871a96d167c,2021-05,Northumbria Police,Northumbria Police,-1.606039,54.985393,On or near ESLINGTON TERRACE,E01008370,Newcastle upon Tyne 017C,Investigation complete; no suspect identified
996c9a4a0639b0881018b97c00aacca410358347c95ac7fd8c96444634ade6c2,2021-05,Northumbria Police,Northumbria Police,-1.609455,54.971583,On or near Pedestrian Subway,E01033543,Newcastle upon Tyne 024G,Investigation complete; no suspect identified
841fbea7e61684949121ab84b34c0d94e901a0d81ada7db174ff86b67c202afb,2021-05,Northumbria Police,Northumbria Police,-1.567854,54.948339,On or near CROWHALL LANE,E01008216,Gateshead 012C,Suspect charged
e75e6e863383139ba4515bb49c813d49836b992675890c62248fa3e2a259b5e4,2021-05,Northumbria Police,Northumbria Police,-1.677951,54.923141,On or near CORONATION AVENUE,E01008274,Gateshead 019G,Investigation complete; no suspect identified
3a084fe0bc065e18ec99fee39d3ebd1fddffec4fe5b1d95683eda364edec5b25,2021-05,Northumbria Police,Northumbria Police,-1.437459,54.992010,On or near TUDOR ROAD,E01008667,South Tyneside 002D,Investigation complete; no suspect identified
48b69048048a6660b7714db3cbaac3193c6136f5ea2fd603a8ad00503f79656b,2021-05,Northumbria Police,Northumbria Police,-1.580812,54.979935,On or near NORTH VIEW,E01008303,Newcastle upon Tyne 018A,Investigation complete; no suspect identified
5c3b8d4caee142a1afdbae20f9b9ecdc574714f1583930ce89dff21c9188a63a,2021-05,Northumbria Police,Northumbria Police,-1.588952,54.947819,On or near ROMFORD PLACE,E01008204,Gateshead 011D,Investigation complete; no suspect identified
17c3a1fc2d19944a4db91c587412ee3ac8ba39a9d7898f044ce19f1177fd4569,2021-05,Northumbria Police,Northumbria Police,-1.519300,54.902551,On or near LIBERTY GREEN,E01008844,Sunderland 019B,Investigation complete; no suspect identified
c51590a33e23fe67698956b3a2250f25c0e6ebd24a1ff4119509ffa17f4fdeca,2021-05,Northumbria Police,Northumbria Police,-1.434781,54.976793,On or near RICHMOND ROAD,E01008591,South Tyneside 011B,Offender given a caution
7146765c826a8e9fbba44a3563d93582a72cf8d28a276de7439aa79a503c564e,2021-05,Northumbria Police,Northumbria Police,-1.436204,54.989030,On or near LAYGATE,E01008666,South Tyneside 002C,Suspect charged
26e26f08cf5c4107410a9bf171aa6f1c07dbce888b67fda3a45fd8196649637b,2021-05,Northumbria Police,Northumbria Police,-1.567854,54.948339,On or near CROWHALL LANE,E01008216,Gateshead 012C,Investigation complete; no suspect identified
89cbbef9bc2b7c320cd27ada6072f302fe99a4e7c5260458dc812e98cbaebd86,2021-05,Northumbria Police,Northumbria Police,-1.606647,54.950358,On or near WESTFIELD ROAD,E01008253,Gateshead 010C,Investigation complete; no suspect identified
d2d4a2a3b212ee9704d35f3cfe1d2da2a3b63c8f5bae5fe7587cdbaa40c1215b,2021-05,Northumbria Police,Northumbria Police,-1.549739,54.953018,On or near DURHAM STREET,E01008241,Gateshead 015C,Investigation complete; no suspect identified
e3bdc8a888992596682d16d72f6a498687b4fec19ecfb5f7405d1a699d7f0531,2021-05,Northumbria Police,Northumbria Police,-1.510696,55.128314,On or near REGENT STREET,E01027415,Northumberland 023B,Investigation complete; no suspect identified
ab823fbaaec67005346a46bc4e0751d4b48edc9fa149e6a1d22b1d1d4b33bcd5,2021-05,Northumbria Police,Northumbria Police,-1.566025,54.976181,On or near BLOUNT STREET,E01008392,Newcastle upon Tyne 026F,Suspect charged
8de42edb242fb1c09607edd82692ba5cfd6a4b7c6db3bac21e3d4f6aa745ecca,2021-05,Northumbria Police,Northumbria Police,-1.614472,54.971249,On or near BIGG MARKET,E01033543,Newcastle upon Tyne 024G,Investigation complete; no suspect identified
03b05dca274ceeff86565c4be38aab8724c5f942279674da5a341fb90125b254,2021-05,Northumbria Police,Northumbria Police,-2.018888,54.974536,On or near HILL STREET,E01027481,Northumberland 039A,Investigation complete; no suspect identified
9d6d139b0efa991c5a44f611bfa376bede5972659273804eaa3b224d83518702,2021-05,Northumbria Police,Northumbria Police,-1.751325,54.994691,On or near CALLERTON ROAD,E01008401,Newcastle upon Tyne 014B,Investigation complete; no suspect identified
7f6d9cae6aad1326860e231fbde82ec13422f1e931be3a44f0cc4cb9dc2dc0c8,2021-05,Northumbria Police,Northumbria Police,-1.543545,54.953930,On or near Supermarket,E01008244,Gateshead 003D,Investigation complete; no suspect identified
929f53a6ba7558f88f5fb97ff23f3a01e9a3bcf4dc54f4679e52b78ba81bf113,2021-05,Northumbria Police,Northumbria Police,-1.438913,54.968409,On or near Petrol Station,E01008594,South Tyneside 011D,Investigation complete; no suspect identified
f92c90b2840873d732ccb737524b67cabf37908c7c9912a90532341f9601d493,2021-05,Northumbria Police,Northumbria Police,-1.523827,54.977497,On or near PRINCE CONSORT LANE,E01008640,South Tyneside 010B,Investigation complete; no suspect identified
de7cfecf8334510793c0c9b583080918db102ac47a24301955b6b727ce7a49bb,2021-05,Northumbria Police,Northumbria Police,-1.737442,54.992838,On or near WHITEHALL ROAD,E01008402,Newcastle upon Tyne 014C,Investigation complete; no suspect identified
2e8929d5bdc090cefb516e8fcd88247f74b3abda3d178c12dc3aa64ea75257a9,2021-05,Northumbria Police,Northumbria Police,-1.575598,54.903866,On or near Sports/Recreation Area,E01008222,Gateshead 025A,Investigation complete; no suspect identified
badffe33c1bec7a538e5f73f41ca9e79d712a6ae86d38fe338e75ba2cdd93a1a,2021-05,Northumbria Police,Northumbria Police,-1.593459,54.920444,On or near TRAFFORD,E01008189,Gateshead 023A,Investigation complete; no suspect identified
d162b79fd38fbcef993f952e5579be07b632c98114e836c3a31917ec71c98744,2021-05,Northumbria Police,Northumbria Police,-1.637285,54.977529,On or near PHILIP STREET,E01008396,Newcastle upon Tyne 022B,Investigation complete; no suspect identified
f6b389d4ace1e392c74db9fc529daac7bd870d9ebc7d95b589d40bae7c61240b,2021-05,Northumbria Police,Northumbria Police,-1.612273,55.013046,On or near HOLLYWOOD AVENUE,E01008351,Newcastle upon Tyne 005A,Investigation complete; no suspect identified
ad368cf19cf20042f98697d511bedc0489a121cdf995a433d34fb987fadf02ab,2021-05,Northumbria Police,Northumbria Police,-1.590420,54.976922,On or near HANNINGTON STREET,E01008304,Newcastle upon Tyne 026C,Investigation complete; no suspect identified
1564702d486ddc60dcc46cd17b2e31cf24a56d7a254d9358802b68dbe0153681,2021-05,Northumbria Police,Northumbria Police,-1.601772,55.292962,On or near DRURIDGE AVENUE,E01027444,Northumberland 008B,Investigation complete; no suspect identified
ebd93f04f4efc2c54f43d0a24e241fee971075501341ea64f1608e16d39731e2,2021-05,Northumbria Police,Northumbria Police,-1.634340,55.012764,On or near HARBOTTLE AVENUE,E01008353,Newcastle upon Tyne 006A,Investigation complete; no suspect identified
9ca7a1e3c9bb4697ac9728d6ac893e96f93a92c09e7d259aecd70ee4eb3c0568,2021-05,Northumbria Police,Northumbria Police,-1.618729,55.018296,On or near BROADWAY EAST,E01008357,Newcastle upon Tyne 002D,Investigation complete; no suspect identified
e89e18d9bf9bb48bf56b15500735b91fa88b2d98604c565bdc8ac3ace4491ba4,2021-05,Northumbria Police,Northumbria Police,-1.372113,54.895796,On or near CAPULET TERRACE,E01008737,Sunderland 016D,Investigation complete; no suspect identified
1f0ce131c1b2818d64722daaa4bc3c4ac7c64ddd07dba8475b03e7e2764cfe4b,2021-05,Northumbria Police,Northumbria Police,-1.633156,55.003702,On or near THE FIRS,E01008421,Newcastle upon Tyne 006F,Investigation complete; no suspect identified
a52c85a030d5b814d465f152a037ed7d05e027c76f8af50b38c0be4b054dc240,2021-05,Northumbria Police,Northumbria Police,-1.628600,54.950283,On or near Parking Area,E01008259,Gateshead 007D,Investigation complete; no suspect identified
ceebdc805f6082fe5cc50f495b1cc7df822084c678d0f128231bc749e91ca63a,2021-05,Northumbria Police,Northumbria Police,-1.622412,54.970816,On or near WESTGATE ROAD,E01033554,Newcastle upon Tyne 024I,Investigation complete; no suspect identified
81a7b62a0508f1a3c21b8a4442a403d87424d9be811a4ef5bb59d7194d541fab,2021-05,Northumbria Police,Northumbria Police,-1.618444,54.972475,On or near Nightclub,E01033543,Newcastle upon Tyne 024G,Investigation complete; no suspect identified
034e43a5062fcf1c4f34a38b43f1464874da47bcd11f96bfc24b773ecd8955c1,2021-05,Northumbria Police,Northumbria Police,-1.536850,55.212669,On or near Supermarket,E01027451,Northumberland 008E,Investigation complete; no suspect identified
45d59399a8bdd45a6db72ab71868afbba812fbf19db16638c92cb64d41491da3,2021-05,Northumbria Police,Northumbria Police,-1.614002,54.976262,On or near Shopping Area,E01008397,Newcastle upon Tyne 024C,Investigation complete; no suspect identified
a089b0d6880ba7e26b853c4cfb62033fa3dc025fed3c8adfdfe1fd01845bf6b3,2021-05,Northumbria Police,Northumbria Police,-1.580330,55.329741,On or near MEADOWBURN,E01027362,Northumberland 006B,Investigation complete; no suspect identified
72783b48d194b588ebadcdbdb181a93d9ea4d650c2cadb3cc80365968658651d,2021-05,Northumbria Police,Northumbria Police,-1.604153,54.962643,On or near Shopping Area,E01008168,Gateshead 027D,Investigation complete; no suspect identified
477310f7f380e378fc7bcefb0bdc0ff9e58878a76a10db7351a90b738295c5d5,2021-05,Northumbria Police,Northumbria Police,-1.611977,54.974045,On or near Shopping Area,E01033543,Newcastle upon Tyne 024G,Investigation complete; no suspect identified
2876d13b4ed3c8238b8c65befc1b691b7eae580693ff6940da81f0c2aa712cde,2021-05,Northumbria Police,Northumbria Police,-1.560946,55.173741,On or near Supermarket,E01027532,Northumberland 014A,Investigation complete; no suspect identified
77abc51c5a22888df0665f53d8ac0084632475288bd70a194fa0aaa7564390e6,2021-05,Northumbria Police,Northumbria Police,-1.642551,54.970445,On or near HULL STREET,E01008331,Newcastle upon Tyne 029A,Investigation complete; no suspect identified
acf025e5d83f43e9fec7cb0f795ba01af4d1d0951a1905559ea64ada1d5d9134,2021-05,Northumbria Police,Northumbria Police,-1.370008,54.871782,On or near Sports/Recreation Area,E01008766,Sunderland 028C,Investigation complete; no suspect identified
7ceb5db9c67153a0b4086f8b1f1f84b5f6d16c944fc677f276b5886264e75b97,2021-05,Northumbria Police,Northumbria Police,-1.699623,54.973331,On or near MERCIA WAY,E01008387,Newcastle upon Tyne 021G,Investigation complete; no suspect identified
1a13328fba9a1c8569ee5ccb2a766bd8ca7b0b61d5d3a7fa66320f973b999c69,2021-05,Northumbria Police,Northumbria Police,-1.410750,54.876588,On or near OXFORD CLOSE,E01008809,Sunderland 026E,Investigation complete; no suspect identified
b0eb7d28042de3c3ff47fa6334489ab97277be84a89ea9da5efac51012fd66bc,2021-05,Northumbria Police,Northumbria Police,-1.562065,55.181985,On or near ROSALIND STREET,E01027539,Northumberland 010C,Investigation complete; no suspect identified
26ff40cd7016040a8c77a4aba8cc704df713d7d9580079472356de40b152f59d,2021-05,Northumbria Police,Northumbria Police,-2.467465,54.968749,On or near MILLFIELD TERRACE,E01027486,Northumberland 037C,Investigation complete; no suspect identified
6ea015a95916fe3a4e2726ff37382708462e4ae7e2f1a84d87faca9269662119,2021-05,Northumbria Police,Northumbria Police,-1.617588,54.942512,On or near MARKET WAY,E01008259,Gateshead 007D,Investigation complete; no suspect identified
e33b803be7e2dcf66f764e2f195c021d614077130965550a12c0c6642aeba70a,2021-05,Northumbria Police,Northumbria Police,-1.617588,54.942512,On or near MARKET WAY,E01008259,Gateshead 007D,Investigation complete; no suspect identified
eaa2aa8d030d1bed45cde55fa06992a04eee79753ca97e33c97c5be84b6a4753,2021-05,Northumbria Police,Northumbria Police,-1.615486,54.948490,On or near BRUNEL STREET,E01008254,Gateshead 010D,Investigation complete; no suspect identified
addf86baf9dd5c2ce26ed1f6593b095d64bd3ee55d6643aa72bd0501db11c6b8,2021-05,Northumbria Police,Northumbria Police,-1.620211,54.972309,On or near STOWELL STREET,E01033543,Newcastle upon Tyne 024G,Suspect charged
da6b12bf30729f2f3a2e0a564af0d4f9d282980d6701b6a4adea038eb834732d,2021-05,Northumbria Police,Northumbria Police,-1.405355,54.879887,On or near DENE STREET,E01008809,Sunderland 026E,Investigation complete; no suspect identified
9a3de7441c1726b398d59caf2d39142bb10ff63e90025d36709b4b09739cd74a,2021-05,Northumbria Police,Northumbria Police,-1.589041,54.946705,On or near BROWNSEA PLACE,E01008205,Gateshead 028C,Suspect charged
bd97050de6ac43a9bd82cf8ddfd785b5667f9a1dc494fe35fdfd9f3f6f467f36,2021-05,Northumbria Police,Northumbria Police,-1.410383,54.919847,On or near DARWIN STREET,E01008820,Sunderland 005F,Investigation complete; no suspect identified
ff2158c9433e28195673004d3718cfb25c1aef1539f647cc46c07d426927ddd9,2021-05,Northumbria Police,Northumbria Police,-1.536143,55.124720,On or near BRIERLEY ROAD,E01027392,Northumberland 022A,Investigation complete; no suspect identified
6c8303bdb66c32df1f6dd0e352e2e5ce0d0c1910238705f3153ddbf66c866a8f,2021-05,Northumbria Police,Northumbria Police,-1.617588,54.942512,On or near MARKET WAY,E01008259,Gateshead 007D,Investigation complete; no suspect identified
cbe4ff320bcdc1d9e03967f00f97cce1e7719bde368e6496bb7375d783c372e0,2021-05,Northumbria Police,Northumbria Police,-1.414358,54.910394,On or near ANCONA STREET,E01008701,Sunderland 011A,Investigation complete; no suspect identified
dca5631138d30079922d2ccbb40dcdf36bd5b03f1577615c0a33239dbbe033ad,2021-05,Northumbria Police,Northumbria Police,-1.416690,54.868852,On or near WARDEN LAW LANE,E01008802,Sunderland 029D,Investigation complete; no suspect identified
d135f9acd3c3dcff704f0fa02451cd8ba329330f8984f1f68751ab2cc2c81ae7,2021-05,Northumbria Police,Northumbria Police,-1.590612,54.950386,On or near EDGWARE ROAD,E01008204,Gateshead 011D,Investigation complete; no suspect identified
3752debda44fffd33f42ef3fa2bb740f27a458724b7ae66fa4c2a0e0767e552a,2021-05,Northumbria Police,Northumbria Police,-1.611154,54.975165,On or near LISLE STREET,E01008397,Newcastle upon Tyne 024C,Investigation complete; no suspect identified
9fecf1a9fa3e143c556dce1ea983838bf6d9ab0208ffc6f689ddd61a79ca0924,2021-05,Northumbria Police,Northumbria Police,-1.440599,54.974133,On or near Supermarket,E01008590,South Tyneside 011A,Investigation complete; no suspect identified
652328d153973b7f0076760dbca95025eef34cceb165cdf521e1571abf206475,2021-05,Northumbria Police,Northumbria Police,-1.633081,55.013623,On or near THROPTON CRESCENT,E01008353,Newcastle upon Tyne 006A,Investigation complete; no suspect identified
9173ff3715a036658abc32252f477b3139f9f7c7cea89d2f2d4c4add611c289b,2021-05,Northumbria Police,Northumbria Police,-1.690095,55.167901,On or near Shopping Area,E01027453,Northumberland 016B,Investigation complete; no suspect identified
99b868159148f86fcb5773c19b85d65ca5dea0f1b728c88502d6f336a285abec,2021-05,Northumbria Police,Northumbria Police,-1.430837,54.873368,On or near APPLEBY ROAD,E01008773,Sunderland 026A,Investigation complete; no suspect identified
859cfd9aa1f51290b922c9d43c734aa35b4fb2a51a43379aaadd91a731069f79,2021-05,Northumbria Police,Northumbria Police,-1.509129,55.013015,On or near BELLSHILL CLOSE,E01008467,North Tyneside 021C,Investigation complete; no suspect identified
058d9062eab9e49568f5369f89dc19e333f329843d6b2c514eb6e39000f4448a,2021-05,Northumbria Police,Northumbria Police,-1.457477,54.890204,On or near A19,E01008730,Sunderland 021B,Investigation complete; no suspect identified
589e060481e30f691dd0f0af9a574c9ea0ba334fccb0e1750ca256993a7b5080,2021-05,Northumbria Police,Northumbria Police,-1.652380,54.975425,On or near WEST ROAD,E01008455,Newcastle upon Tyne 022G,Investigation complete; no suspect identified
0438b3f59853185cb8d25e81103acba240ab97b2a5fb098436b0558cc7bf84d4,2021-05,Northumbria Police,Northumbria Police,-1.671682,55.160161,On or near BEECH AVENUE,E01027461,Northumberland 016E,Investigation complete; no suspect identified
34d4c8e6a537901ab00196300e90f4ade832dd642dfa0625ae096e621806d4de,2021-05,Northumbria Police,Northumbria Police,-1.537005,55.172251,On or near THE PADDOCK,E01033716,Northumberland 013F,Investigation complete; no suspect identified
b55ef90dee4541f1f3d3be80dba8f46cefdd138b0a7e27c39a4b59cb9c093d6e,2021-05,Northumbria Police,Northumbria Police,-1.641536,54.975627,On or near CROSSLEY TERRACE,E01008449,Newcastle upon Tyne 022D,Investigation complete; no suspect identified
e98c464d8cea2550442fb413952c1883439612f2dcd34b6c07225f6ef5836687,2021-05,Northumbria Police,Northumbria Police,-1.380407,54.906002,On or near JOHN STREET,E01008703,Sunderland 013B,Suspect charged
63ef82b8b57c9cd2b29f549402a977271aca879f4133917c2c3ac8060cb50866,2021-05,Northumbria Police,Northumbria Police,-1.431829,54.918098,On or near Supermarket,E01008693,Sunderland 008A,Investigation complete; no suspect identified
1e829ecac298b280803fa775d9bb51f240154d51f3d9629c8a6ba4694fbb1d4a,2021-05,Northumbria Police,Northumbria Police,-1.610818,54.976009,On or near NORTH STREET,E01008397,Newcastle upon Tyne 024C,Investigation complete; no suspect identified
a76838be90511261d4f3218686df5840e44bef3be040a24f15aea06f86665bb9,2021-05,Northumbria Police,Northumbria Police,-1.452279,55.037710,On or near HILLHEADS COURT,E01008585,North Tyneside 006B,Suspect charged
72ee4f161eff52b6e620a7d0f915a4ffe23e66cec1b8fbf660303c1893e9e26d,2021-05,Northumbria Police,Northumbria Police,-1.557665,55.175131,On or near HAWTHORN ROAD,E01027532,Northumberland 014A,Investigation complete; no suspect identified
135d9661103bd2251bbe978b262af7970288b004b3038c4fef64cdff8a7a0748,2021-05,Northumbria Police,Northumbria Police,-1.436805,54.968364,On or near STRATHMORE GARDENS,E01008594,South Tyneside 011D,Investigation complete; no suspect identified
6290c2530ce4f88ff6c96043938834497b01e95acf152860f110c0f53b875589,2021-05,Northumbria Police,Northumbria Police,-1.452279,55.037710,On or near HILLHEADS COURT,E01008585,North Tyneside 006B,Suspect charged
190c168d9796e16cab04be5d94610a3ba4e420a3fb7f5cceba71ae0874a69918,2021-05,Northumbria Police,Northumbria Police,-1.452279,55.037710,On or near HILLHEADS COURT,E01008585,North Tyneside 006B,Suspect charged
c0e87e377812943105a72fc276c2c3700fedfe742934b3b1fc27e2ab5310f447,2021-05,Northumbria Police,Northumbria Police,-1.452279,55.037710,On or near HILLHEADS COURT,E01008585,North Tyneside 006B,Suspect charged
2afa15b5a1f4f4fe5e78cd0a04bd1cf522ce30546256738507559cdd743bda27,2021-05,Northumbria Police,Northumbria Police,-1.452279,55.037710,On or near HILLHEADS COURT,E01008585,North Tyneside 006B,Suspect charged
c13bfa77b80f4b031f61569acd139f72dd31e3e82f557c1009c81b0c815839fb,2021-05,Northumbria Police,Northumbria Police,-1.684976,54.952527,On or near ROSEBUD CLOSE,E01008262,Gateshead 009A,Investigation complete; no suspect identified
36dc3674e5977f6e8bf3d9ea7a07bfc39a67195682da0fe212705d4ec987828b,2021-05,Northumbria Police,Northumbria Police,-1.601837,55.086258,On or near LOCHCRAIG PLACE,E01027413,Northumberland 029E,Investigation complete; no suspect identified
f7446a048d048ed7470929a6c09df41c878735d9109f0e6edf683b5ed8b55c2b,2021-05,Northumbria Police,Northumbria Police,-1.676743,54.921952,On or near FELL CLOSE,E01008274,Gateshead 019G,Investigation complete; no suspect identified
a526b9bd1fe441a3b0018b9a186096cf8b6e0f9a49569da2f2e12abc13cc7569,2021-05,Northumbria Police,Northumbria Police,-1.440530,54.871112,On or near AMELIA GARDENS,E01008772,Sunderland 029A,Investigation complete; no suspect identified
8718dbb60f499ce54358eb0574ebe6bb605c0345c02245c0d289b8efea6729a4,2021-05,Northumbria Police,Northumbria Police,-1.596785,55.010659,On or near HOUSESTEADS GARDENS,E01008513,North Tyneside 019C,Suspect charged
fa065289d63fcc42c8b63be80e4641a150f53c05eec8241ec27795bc583b7db8,2021-05,Northumbria Police,Northumbria Police,-1.405560,54.968718,On or near Sports/Recreation Area,E01008622,South Tyneside 013A,Investigation complete; no suspect identified
29bdb63aff23182a8ad41d2538e4aa6a9a3eb3e29c1e9b0ea64b8b6ecfb3a40d,2021-05,Northumbria Police,Northumbria Police,-1.575102,54.958384,On or near COACH ROAD GREEN,E01008214,Gateshead 003A,Investigation complete; no suspect identified
544aeed6c00296c11581e9f2c2905a65720b367963df2cd938070c5a0e701819,2021-05,Northumbria Police,Northumbria Police,-1.615322,54.972222,On or near NUN STREET,E01033543,Newcastle upon Tyne 024G,Investigation complete; no suspect identified
de97971116aa025bc52e3bd420e6de29c300b10b1ad5befcf4ece46682c85e43,2021-05,Northumbria Police,Northumbria Police,-1.673747,54.954870,On or near A1,E01008262,Gateshead 009A,Investigation complete; no suspect identified
889fe9ecb709a78b0f3844b5c262c3b1bf189ee0521e627507c12a1a25fd5722,2021-05,Northumbria Police,Northumbria Police,-1.454838,54.922840,On or near COOK SQUARE,E01008695,Sunderland 008C,Investigation complete; no suspect identified
fe0c3d5ae29235ab009f583f901960d0fc8ba3f2e1741e0d45654fe77310e42c,2021-05,Northumbria Police,Northumbria Police,-1.433307,55.010493,On or near CLIFFORD STREET,E01008561,North Tyneside 016C,Investigation complete; no suspect identified
30d57cc0ea6f5216666f8d1eb32dabaf330bd9adb42ca4c565b1f6a27a645e56,2021-05,Northumbria Police,Northumbria Police,-1.445101,54.931962,On or near KINGSWAY ROAD,E01008837,Sunderland 003B,Investigation complete; no suspect identified
12070093f514c84ce2bc4739a752f52f579e3ded58d5c472cc3e50721d883e4c,2021-05,Northumbria Police,Northumbria Police,-1.574140,55.092186,On or near KIRKBRIDE PLACE,E01027399,Northumberland 028D,Investigation complete; no suspect identified
b8d643d5dd72dc5826613a59679fbd92b9df43c6b4f25cc29704b1ca714ecb33,2021-05,Northumbria Police,Northumbria Police,-1.590420,54.976922,On or near HANNINGTON STREET,E01008304,Newcastle upon Tyne 026C,Investigation complete; no suspect identified
e7f28bda48956f3dc5b1e5c962def58bd1164f0fe49047e788547b92a1095057,2021-05,Northumbria Police,Northumbria Police,-1.654043,54.967306,On or near MULBEN CLOSE,E01008291,Newcastle upon Tyne 027D,Investigation complete; no suspect identified
ba3ec81185856b431794928ccfd5c57d9d893be21c96c28f64dd8d3e2035724d,2021-05,Northumbria Police,Northumbria Police,-1.918728,55.310441,On or near SIMONSIDE VIEW,E01027369,Northumberland 007C,Investigation complete; no suspect identified
98887be637ecce4cb5b87d83d5e32f9279b7f113317edf9aa211d7fec9843eb0,2021-05,Northumbria Police,Northumbria Police,-1.457831,54.840546,On or near EARSDON ROAD,E01008714,Sunderland 034A,Investigation complete; no suspect identified
5819056f4633fd058fb0770a0bb3f9117abb7d59e25586391ece8d43eaae1eb5,2021-05,Northumbria Police,Northumbria Police,-1.581538,54.932562,On or near DUDDON PLACE,E01008221,Gateshead 021C,Investigation complete; no suspect identified
b2fadaf64a0ac6fa5402fb6d170533a03b0a20304b186e940fb2538810dfa060,2021-05,Northumbria Police,Northumbria Police,-1.630087,54.941319,On or near Pedestrian Subway,E01008260,Gateshead 019B,Offender given a caution
fe4e3c8a874aaefd1acb185c9b278409133b12ac8cf5ae99d9f0568e60275341,2021-05,Northumbria Police,Northumbria Police,-1.640959,55.008749,On or near KENTON ROAD,E01008341,Newcastle upon Tyne 003F,Investigation complete; no suspect identified
08a07436774ae578bf213eea12ea9c18dc83c6cde28a6836faabaa4a96a8cb5f,2021-05,Northumbria Police,Northumbria Police,-1.438688,54.973369,On or near STRAKER TERRACE,E01008590,South Tyneside 011A,Investigation complete; no suspect identified
31a10e2e3c84c0b7b1f1e49a3a0ae97edd5d86795da0c309598a598b0dd1e687,2021-05,Northumbria Police,Northumbria Police,-1.587187,55.185407,On or near Supermarket,E01027524,Northumberland 012A,Investigation complete; no suspect identified
58002591a4d1164ecd55501fd2b45d942002c1ece04e9ff24a2d502403bdb64a,2021-05,Northumbria Police,Northumbria Police,-1.626652,54.951481,On or near WOOLER CRESCENT,E01008259,Gateshead 007D,Investigation complete; no suspect identified
5414282e179b9b8028dfe04c2cea6ac89f4787f9c6c092e2b39c297db592d343,2021-05,Northumbria Police,Northumbria Police,-1.600570,54.952270,On or near SHIPLEY COURT,E01008252,Gateshead 010B,Investigation complete; no suspect identified
c3a0a6da65a2181a6cec8110b89a560ba07e0cb5b7ff67390247c4a71243038c,2021-05,Northumbria Police,Northumbria Police,-1.668555,54.957641,On or near Shopping Area,E01008262,Gateshead 009A,Suspect charged
ca7820590fce3f38fe9795246a5499827794c6532efbc40d22b124dd845eec4a,2021-05,Northumbria Police,Northumbria Police,-1.399063,54.901603,On or near THELMA STREET,E01008830,Sunderland 018B,Suspect charged
8c98f0422a7003950b8a083274fe53a94bffc38d1ad0a39cc30782cda12d365a,2021-05,Northumbria Police,Northumbria Police,-1.545522,54.966931,On or near DOVERCOURT ROAD,E01008425,Newcastle upon Tyne 030B,Investigation complete; no suspect identified
8c98f0422a7003950b8a083274fe53a94bffc38d1ad0a39cc30782cda12d365a,2021-05,Northumbria Police,Northumbria Police,-1.545522,54.966931,On or near DOVERCOURT ROAD,E01008425,Newcastle upon Tyne 030B,Investigation complete; no suspect identified
71deecf4c02af0a3078d9284e080f2f434a8b37011128ba77c34a98da059c1cf,2021-05,Northumbria Police,Northumbria Police,-1.565755,55.181998,On or near FIRST AVENUE,E01027528,Northumberland 010A,Investigation complete; no suspect identified
eab8dbbbdbb86a8533415686efb8bd3cb2f87116d64cc98568c5991c99d40f80,2021-05,Northumbria Police,Northumbria Police,-1.383845,54.906568,On or near SOUTH STREET,E01008703,Sunderland 013B,Investigation complete; no suspect identified
f14d847bc5f837fbbc1ffba1d085203873ebf08f6906546fdbf97e3cc068d224,2021-05,Northumbria Police,Northumbria Police,-1.691580,55.154498,On or near THE AVENUE,E01027458,Northumberland 018C,Investigation complete; no suspect identified
ada42b50c880a7b4fd9ebcd352bac69bada8304d11fdab717c6bb029fbf5839e,2021-05,Northumbria Police,Northumbria Police,-1.463774,54.998275,On or near HOWDON ROAD,E01008541,North Tyneside 027C,Investigation complete; no suspect identified
db3c0316c36ad531a1e9f18cc644a9284439e46195be98ea9f35477ef531ef13,2021-05,Northumbria Police,Northumbria Police,-1.519591,55.033887,On or near BLACKWORTH COURT,E01032647,North Tyneside 011E,Investigation complete; no suspect identified
958860385074c26d855fb2fb5b2b0d865a07db5e3b4896f87a4cad515232a26a,2021-05,Northumbria Police,Northumbria Police,-1.566489,55.021527,On or near STATION ROAD NORTH,E01008470,North Tyneside 014A,Investigation complete; no suspect identified
f8005d44cbb8d802f6de1e1494bb8ead1a3ee37ac01027d5bcfdaf631cf828fc,2021-05,Northumbria Police,Northumbria Police,-1.703700,55.003148,On or near STAMFORDHAM ROAD,E01008444,Newcastle upon Tyne 031C,Investigation complete; no suspect identified
d73d5c6df7d14b959e63bc378b5ee0cfaf2967242b0374fe11b0b3b72f082c46,2021-05,Northumbria Police,Northumbria Police,-1.576353,54.897291,On or near ORCHARD STREET,E01008174,Gateshead 026C,Investigation complete; no suspect identified
f9d42bdbad8787df25a794ead4d894e0c5d73351541ac311977427fd8c4c6abd,2021-05,Northumbria Police,Northumbria Police,-1.503366,54.845100,On or near A1052,E01008755,Sunderland 033E,Investigation complete; no suspect identified
040ebdffcaf57911764be22a3772f6be00aac57bcbe5e630f2403d35a29d6a37,2021-05,Northumbria Police,Northumbria Police,-1.602367,55.285389,On or near OLD SCHOOL CLOSE,E01027444,Northumberland 008B,Investigation complete; no suspect identified
20da1af64b18ec06cd9a29c9f8e41e171f0618e22c08411e23161bfeb97145a2,2021-05,Northumbria Police,Northumbria Police,-1.566616,55.169259,On or near JUBILEE ESTATE,E01027538,Northumberland 014C,Investigation complete; no suspect identified
760f6f5f97b711ca09fc5a58c8202efbe436231a5254b844806fda24dfb59b2c,2021-05,Northumbria Police,Northumbria Police,-1.587341,54.922176,On or near IVANHOE VIEW,E01008190,Gateshead 023B,Investigation complete; no suspect identified
a54d47ed28a8a2e0b4947765fa1d487f8a22775320441885ca8fb92839e2c193,2021-05,Northumbria Police,Northumbria Police,-1.487162,55.024966,On or near NEW YORK ROAD,E01008488,North Tyneside 015A,Investigation complete; no suspect identified
436ba97a926c0d4242a2040aa96638acb1f375d4b990c2bf57f52058c0990a5e,2021-05,Northumbria Police,Northumbria Police,-1.660282,54.970280,On or near ATKINSON TERRACE,E01008291,Newcastle upon Tyne 027D,Investigation complete; no suspect identified
c8ddd256a74830b2a42132b1d73ea7cd17e3b83189842b28042793a2bc385738,2021-05,Northumbria Police,Northumbria Police,-1.370834,54.937792,On or near Parking Area,E01008723,Sunderland 002A,Investigation complete; no suspect identified
d2356274e080439d54fb5540ccdc00c195bd31498c6067874b009b340a81b7bf,2021-05,Northumbria Police,Northumbria Police,-1.820101,54.976372,On or near MAIN ROAD,E01027513,Northumberland 036D,Investigation complete; no suspect identified
47554b35aaf3fda3012ab921f2758614cff676905f146bb2bf9ff7a0a3fd4dab,2021-05,Northumbria Police,Northumbria Police,-1.371689,54.897960,On or near ATHOL ROAD,E01008735,Sunderland 016B,Offender given a caution
a4414fad6b72d8fe05290f09c2695b531f31511fe5bfa165832f89678a7cc247,2021-05,Northumbria Police,Northumbria Police,-1.393450,54.901530,On or near ALBERT COURT,E01008831,Sunderland 013D,Investigation complete; no suspect identified
ea5859901c07d14cd777e75d2c9d9f8993645ad5087486e87b162aa6f0ca823a,2021-05,Northumbria Police,Northumbria Police,-1.731529,54.939590,On or near THORNLEY LANE,E01008278,Gateshead 022D,Investigation complete; no suspect identified
e0c90d059b4d150b9228fb40d68cd4f770117de56e0fec09b12800b5e27e17d3,2021-05,Northumbria Police,Northumbria Police,-1.508396,55.122805,On or near COOMASSIE ROAD,E01027431,Northumberland 023C,Investigation complete; no suspect identified
6c0c17e6255b12ee103373f5d5abfacf3f94cb71d3f1bbdef03ec6353b2b3908,2021-05,Northumbria Police,Northumbria Police,-1.585749,55.131674,On or near ROSALIND AVENUE,E01027515,Northumberland 020A,Investigation complete; no suspect identified
0ec3cc4e07abacf592616349af3545c16b2843ee075cf42f9a6e19fc4eb06f44,2021-05,Northumbria Police,Northumbria Police,-1.583560,55.026916,On or near BENTON LANE,E01008514,North Tyneside 019D,Investigation complete; no suspect identified
06c1c019c8759a4cbef10c560014c97a3d100fe522ab6f4fb57feafa84936793,2021-05,Northumbria Police,Northumbria Police,-1.578973,54.973495,On or near PRIORY PLACE,E01008305,Newcastle upon Tyne 026D,Investigation complete; no suspect identified
59e965e892a25c90018130414d88cdee80be57e06ea4491cddf9d5859a21c199,2021-05,Northumbria Police,Northumbria Police,-1.612329,54.971602,On or near HIGH BRIDGE,E01033543,Newcastle upon Tyne 024G,Investigation complete; no suspect identified
b6d484351c4b958bd05e8db6fe8a632f36796385d0e81d8c07611b124d3e8090,2021-05,Northumbria Police,Northumbria Police,-1.621426,55.002597,On or near CAUSEY STREET,E01008419,Newcastle upon Tyne 006E,Investigation complete; no suspect identified
260bcdfc0c0ae060d2cb31a5a3a7d080f4d80b29deaa99c839b07b2d8e39163a,2021-05,Northumbria Police,Northumbria Police,-1.640908,54.977728,On or near BRIGHTON GROVE,E01033556,Newcastle upon Tyne 022H,Investigation complete; no suspect identified
e15b1f06092d244b18ce72971028fd7347ce0f5dedc8515a5417ec73d4378fc9,2021-05,Northumbria Police,Northumbria Police,-1.431635,54.997141,On or near BURROW STREET,E01008667,South Tyneside 002D,Investigation complete; no suspect identified
ea80b44677212ea19bde9525cab41b5df09b8ced3a20c437f76447e2dad2c657,2021-05,Northumbria Police,Northumbria Police,-1.603536,54.953942,On or near RIPON STREET,E01008163,Gateshead 028A,Investigation complete; no suspect identified
aaae6092fa17979e6074d85f70d3b62bf8eac03392f234c96b36a0d438e5e6ed,2021-05,Northumbria Police,Northumbria Police,-1.605845,54.931745,On or near SALTWELL ROAD SOUTH,E01008234,Gateshead 020C,Investigation complete; no suspect identified
b638b0ded9d47805aa5a08c8460d599b6d791d470f40e67fa9ff259eb2c02981,2021-05,Northumbria Police,Northumbria Police,-1.656873,54.976148,On or near WEST ROAD,E01008334,Newcastle upon Tyne 029D,Investigation complete; no suspect identified
e4ea06067c71f782e36f664fd6719df4193957e1a3f6a3661f553acf7a9247fc,2021-05,Northumbria Police,Northumbria Police,-1.429730,54.958383,On or near SUTHERLAND COURT,E01008689,South Tyneside 019B,Investigation complete; no suspect identified
ccbedd2ffefb955c82bd1de134cc1e4333d1e38812ffc7b631bc1001a6e71832,2021-05,Northumbria Police,Northumbria Police,-1.680753,55.160221,On or near BOUNDARY DRIVE,E01027460,Northumberland 018D,Investigation complete; no suspect identified
6353ad957b2d3aaef5cd707ec2942a75284a7cf9eda95116ed7c4bc8e41f47c6,2021-05,Northumbria Police,Northumbria Police,-1.680753,55.160221,On or near BOUNDARY DRIVE,E01027460,Northumberland 018D,Investigation complete; no suspect identified
f61cb738ed4cff0ae308596cf13fc6e2ac346024fa2df942f610ec34d56abd4f,2021-05,Northumbria Police,Northumbria Police,-1.622481,54.970106,On or near Theatre/Concert Hall,E01033545,Newcastle upon Tyne 024H,Investigation complete; no suspect identified
fcf2197e3ef8a2eb1f952fd14e69df01c93ec499a81c327e178a0c132651c6f8,2021-05,Northumbria Police,Northumbria Police,-1.538330,54.994843,On or near VICTORIA AVENUE,E01008536,North Tyneside 030C,Investigation complete; no suspect identified
f323196643277ff5ece4a255355af80fbd44e8fab99b375b13711ab270d0ebcd,2021-05,Northumbria Police,Northumbria Police,-1.598862,54.935604,On or near Parking Area,E01008239,Gateshead 020D,Investigation complete; no suspect identified
7a6b95d99e4b1ef1c52cdd0054e26c18cae3ffa1a8cf27f5f090d5a95d3ad0c4,2021-05,Northumbria Police,Northumbria Police,-1.605453,54.971849,On or near MELBOURNE STREET,E01033553,Newcastle upon Tyne 023H,Investigation complete; no suspect identified
a057aa234e19a6eed12d7c928c58ede0e800579fcd060c0aefbdbffa8245762b,2021-05,Northumbria Police,Northumbria Police,-1.428718,54.992329,On or near ELIZABETH STREET,E01008668,South Tyneside 002E,Investigation complete; no suspect identified
62238656ce916e1d8775b69002212ffa915b393ae1f4de2a165d7952dabc9381,2021-05,Northumbria Police,Northumbria Police,-1.754070,54.921378,On or near BURNSIDE ROAD,E01008185,Gateshead 022B,Investigation complete; no suspect identified
f66254dc4320ffee0f43b2c2479a1fb8665df1225c5232e24f135f780752e44e,2021-05,Northumbria Police,Northumbria Police,-1.612220,54.976400,On or near Shopping Area,E01008397,Newcastle upon Tyne 024C,Investigation complete; no suspect identified
858d5e2db4258934021ee74fe5b45d2ea802e94b4ae3740fd908e9e2bea15b35,2021-05,Northumbria Police,Northumbria Police,-1.744693,54.997867,On or near Sports/Recreation Area,E01008402,Newcastle upon Tyne 014C,Investigation complete; no suspect identified
c4fa2f6eafa74f61584e5d0247997b5768856d5c0ada1c35e626f0753d88f696,2021-05,Northumbria Police,Northumbria Police,-1.593920,55.012510,On or near QUEENSBURY GATE,E01032649,North Tyneside 019F,Investigation complete; no suspect identified
a8610ed68c0c15695a64859addf1848bebe0a5ec97d44e9d1bacce0184c8cc3e,2021-05,Northumbria Police,Northumbria Police,-1.370764,54.914319,On or near HUDDLESTONE RISE,E01008789,Sunderland 006D,Investigation complete; no suspect identified
9c65d3b1b91e2692db12bdd393a32fc7c59fc5017287a0600f9639600937d87e,2021-05,Northumbria Police,Northumbria Police,-1.565220,55.179193,On or near MILBURN ROAD,E01027528,Northumberland 010A,Investigation complete; no suspect identified
94fde318af78374121920fde28e4d73ab208c4f46abc0152f5c9c45f9223ae57,2021-05,Northumbria Police,Northumbria Police,-1.573792,54.940497,On or near SEA VIEW,E01008229,Gateshead 018A,Offender given a caution
51766ce401681c0c09fa35d4a1fc6066261f84965a6ecef5030453e04cf00c8d,2021-05,Northumbria Police,Northumbria Police,-1.539885,55.174373,On or near OAKVILLE,E01033716,Northumberland 013F,Investigation complete; no suspect identified
25d422dc0806ed005eb32e993eb23b46c00dbc14f1bd44531d789c8c207bcb80,2021-05,Northumbria Police,Northumbria Police,-1.582263,54.977128,On or near FLORA STREET,E01008303,Newcastle upon Tyne 018A,Investigation complete; no suspect identified
adb15dd5899dc0bcd260b752ecf73eae7d374ccb6162d9d5e20b5226db204fca,2021-05,Northumbria Police,Northumbria Police,-1.612931,54.970714,On or near GROAT MARKET,E01033543,Newcastle upon Tyne 024G,Investigation complete; no suspect identified
afe02e5d745524d58064f1feb92d4477999c4e353e4aa4c8b6d08bc30acc46fa,2021-05,Northumbria Police,Northumbria Police,-1.630860,54.971165,On or near ELSWICK ROAD,E01008439,Newcastle upon Tyne 024E,Offender given a drugs possession warning
1288c6094d8b405c723cf362803f8e81df3d02a23d4b4da70512b02038c4fbfb,2021-05,Northumbria Police,Northumbria Police,-1.543545,54.953930,On or near Supermarket,E01008244,Gateshead 003D,Investigation complete; no suspect identified
c8f7365e10351b0febfb6d8b63c048cbbc27515dedd497af23f248d8e1cc5e96,2021-05,Northumbria Police,Northumbria Police,-1.575087,54.986430,On or near SIMONSIDE TERRACE,E01008361,Newcastle upon Tyne 018D,Investigation complete; no suspect identified
6480e3157bb0a638170b7907465c6feffffaeb2505581b74123703ac624285a9,2021-05,Northumbria Police,Northumbria Police,-1.473926,54.963030,On or near LODORE GROVE,E01008631,South Tyneside 017A,Investigation complete; no suspect identified
8fa2a16cf0b71ea0daa3e8f4954071992c85d38c400fb3f270f64fa1f6f3698d,2021-05,Northumbria Police,Northumbria Police,-1.475420,54.997041,On or near ST LUKE'S ROAD,E01008540,North Tyneside 027B,Investigation complete; no suspect identified
ce8e39794fa50f525eec77e8da2bc70f4e6b25b6a21779e77353c1a28f84f4b0,2021-05,Northumbria Police,Northumbria Police,-1.572810,54.937411,On or near COLTSFOOT GARDENS,E01008230,Gateshead 018B,Investigation complete; no suspect identified
1fd10a91a8534edbf8569d416b09b61a7db75dab097c4e5b1e1e7dd81b955de8,2021-05,Northumbria Police,Northumbria Police,-1.649171,54.977950,On or near HADRIAN ROAD,E01008455,Newcastle upon Tyne 022G,Investigation complete; no suspect identified
6b929bf4a46e7e85a9b49483106a2b970dcc6f9575ee0f5dffd751d5972ffb23,2021-05,Northumbria Police,Northumbria Police,-1.595494,55.011527,On or near THIRLWALL COURT,E01008513,North Tyneside 019C,Suspect charged
28f3e24b9e279c0c110cbb6fa5a7f5db0333f4e00e3148c3ec954cccf4c716f0,2021-05,Northumbria Police,Northumbria Police,-1.627935,54.932677,On or near Pedestrian Subway,E01008259,Gateshead 007D,Investigation complete; no suspect identified
2ffc3e85b884bd323e8db8da4cabbf6b1ba1bd86ffca4fb2f3bc08e515b72a81,2021-05,Northumbria Police,Northumbria Police,-1.519333,55.037139,On or near HAYDON GARDENS,E01032648,North Tyneside 011F,Investigation complete; no suspect identified
b3dfb01d78741ec3ab2a3439bc4193848faf1bb6c4e58850acdaecbfd1ad24be,2021-05,Northumbria Police,Northumbria Police,-1.716280,54.979437,On or near WOODBURN STREET,E01008385,Newcastle upon Tyne 021E,Investigation complete; no suspect identified
44a28124d44b9adf7624f2095e1bd93aef752e1c67dd8de68b4ad6cda43e88ea,2021-05,Northumbria Police,Northumbria Police,-1.617241,54.969164,On or near NEVILLE STREET,E01033545,Newcastle upon Tyne 024H,Investigation complete; no suspect identified
640c6380f954034e079ea9ffece136e0fcf9a306bebb126ce7951f386d517189,2021-05,Northumbria Police,Northumbria Police,-1.538457,55.001421,On or near MALTON GARDENS,E01008465,North Tyneside 024D,Investigation complete; no suspect identified
44d9a5eafadd1b73d2c76b98377ade938452af88a6575c746639e6fdb2a7fc65,2021-05,Northumbria Police,Northumbria Police,-1.480963,54.843496,On or near LIME AVENUE,E01008754,Sunderland 034F,Investigation complete; no suspect identified
54ca6b683ce50900cba1f1191068ce1f6668e6826995fd812fead7598d037949,2021-05,Northumbria Police,Northumbria Police,-1.385342,54.897347,On or near THE AVENUE,E01008834,Sunderland 013E,Investigation complete; no suspect identified
96e6be454b835845ac43d84f56cf934fb1833bf5abfcebeb80f11e25b3e43e62,2021-05,Northumbria Police,Northumbria Police,-1.480963,54.843496,On or near LIME AVENUE,E01008754,Sunderland 034F,Investigation complete; no suspect identified
73380cdc06017cd94f2393082aa322ea75b3abb799509590ba2570cb2a074043,2021-05,Northumbria Police,Northumbria Police,-1.591692,55.010202,On or near WESTBURY COURT,E01032649,North Tyneside 019F,Suspect charged
f7da4c1047fdc1c50b692bf74807b33b90bcf8cf61c14ef1d7cf859c5f68ba73,2021-05,Northumbria Police,Northumbria Police,-1.480290,54.983016,On or near BISHOP CRESCENT,E01008600,South Tyneside 007A,Investigation complete; no suspect identified
be8a60b3302a1228750fd836b2be7ca8659a7bdf70def2d29eabf970b5599102,2021-05,Northumbria Police,Northumbria Police,-1.441389,54.927308,On or near RUTHERFORD SQUARE,E01008841,Sunderland 003F,Investigation complete; no suspect identified
fff9dd31ff5e64f42ddc8475911f05658ce121bde42630421e30849d9fe04231,2021-05,Northumbria Police,Northumbria Police,-1.559247,54.928763,On or near LEAM LANE,E01008877,Sunderland 007D,Suspect charged
4feeefb2c3d318f960826c819ee3e51d7faf3bd37fa8504bef68934f68e3618b,2021-05,Northumbria Police,Northumbria Police,-1.559247,54.928763,On or near LEAM LANE,E01008877,Sunderland 007D,Suspect charged
cd8803a149242f86f908072b4538888aaeb9d85dbfa63da11afeba8baf68c564,2021-05,Northumbria Police,Northumbria Police,-1.574079,55.074294,On or near WEETWOOD ROAD,E01027394,Northumberland 031A,Suspect charged
f8ab815b3f623fc35ad1c8a170b0d176dbfbe9cd78b6e767548e6bfaff8a9c13,2021-05,Northumbria Police,Northumbria Police,-1.619408,54.966322,On or near Pedestrian Subway,E01033545,Newcastle upon Tyne 024H,Offender given a drugs possession warning
2c5334ec83f4d5f4977f65774f32d88dce83527d341f2e0fa94b7163aec931fb,2021-05,Northumbria Police,Northumbria Police,-1.574079,55.074294,On or near WEETWOOD ROAD,E01027394,Northumberland 031A,Suspect charged
79df77f7060766aedee6babab94ffd475b8ee2a8b01da53c9c929e9a20ffe1d2,2021-05,Northumbria Police,Northumbria Police,-1.503952,55.010586,On or near MIDDLE ENGINE LANE,E01008468,North Tyneside 021D,Suspect charged
9879b73655d7ab03bcf4fced35dbe9687c4d3055e4253f50de65490f055f3eeb,2021-05,Northumbria Police,Northumbria Police,-1.574079,55.074294,On or near WEETWOOD ROAD,E01027394,Northumberland 031A,Suspect charged
c0307ebf08ab016295ac7156ed038ece34cb0c0d7b640a5169a65f56be81916c,2021-05,Northumbria Police,Northumbria Police,-1.574079,55.074294,On or near WEETWOOD ROAD,E01027394,Northumberland 031A,Suspect charged
3be463856c09bc747563e5886ec4e7a710c036df5e3e51b402893af5b6d03d05,2021-05,Northumbria Police,Northumbria Police,-1.617415,54.965633,On or near COOKSON'S LANE,E01033545,Newcastle upon Tyne 024H,Offender given a caution
f45eac597495548983abab7bfc354e4facb38f43ff8841d6e315226399f06341,2021-05,Northumbria Police,Northumbria Police,-1.707805,54.956619,On or near EAST ACRES,E01008181,Gateshead 005C,Investigation complete; no suspect identified
03bc8e7fc780aef64081b2e5b4122be86744ea101b30b8e8d67b19269d3b2968,2021-05,Northumbria Police,Northumbria Police,-1.617415,54.965633,On or near COOKSON'S LANE,E01033545,Newcastle upon Tyne 024H,Investigation complete; no suspect identified
6d07b7774a25c0f1aeab17c9d935ad7013ff94a769065c160cfd85c0140215ae,2021-05,Northumbria Police,Northumbria Police,-1.382352,54.914424,On or near NORTH BRIDGE STREET,E01008791,Sunderland 006F,Investigation complete; no suspect identified
bb323ad151cb218951ddc45544b892344f169d152c0614894173f258cf4ec9e1,2021-05,Northumbria Police,Northumbria Police,-1.656873,54.976148,On or near WEST ROAD,E01008334,Newcastle upon Tyne 029D,Suspect charged
bb323ad151cb218951ddc45544b892344f169d152c0614894173f258cf4ec9e1,2021-05,Northumbria Police,Northumbria Police,-1.656873,54.976148,On or near WEST ROAD,E01008334,Newcastle upon Tyne 029D,Investigation complete; no suspect identified
bb323ad151cb218951ddc45544b892344f169d152c0614894173f258cf4ec9e1,2021-05,Northumbria Police,Northumbria Police,-1.656873,54.976148,On or near WEST ROAD,E01008334,Newcastle upon Tyne 029D,Investigation complete; no suspect identified
a670278084f5220ee6a7132a1c1cd9c6fb6ddc898d6c42dc598ce3302fdbd526,2021-05,Northumbria Police,Northumbria Police,-1.603021,54.949106,On or near RODSLEY AVENUE,E01008251,Gateshead 010A,Investigation complete; no suspect identified
3f65dad1f5c6f3a9dac8d6e41ebfd40a3c1fa0959e3c71cbaa4e2e9e1af66670,2021-05,Northumbria Police,Northumbria Police,-1.574079,55.074294,On or near WEETWOOD ROAD,E01027394,Northumberland 031A,Suspect charged
3f65dad1f5c6f3a9dac8d6e41ebfd40a3c1fa0959e3c71cbaa4e2e9e1af66670,2021-05,Northumbria Police,Northumbria Police,-1.574079,55.074294,On or near WEETWOOD ROAD,E01027394,Northumberland 031A,Investigation complete; no suspect identified
70483770f7f8b85f5945a4bab44917212d9f64e4cd26cd43aa73b1842c0ba736,2021-05,Northumbria Police,Northumbria Police,-1.566489,55.021527,On or near STATION ROAD NORTH,E01008470,North Tyneside 014A,Suspect charged
76405d79e425dbc32fb22e93870ba92e8c54d0d18d1971c41d46b67b63725609,2021-05,Northumbria Police,Northumbria Police,-1.517993,55.131812,On or near HODGSONS ROAD,E01027416,Northumberland 022C,Investigation complete; no suspect identified
d5d2de39648ead6142c04842c45cb06737b4a75c2bec90a3b27b37bba2264d5e,2021-05,Northumbria Police,Northumbria Police,-1.526469,55.129985,On or near TEMPLE AVENUE,E01027391,Northumberland 024A,Investigation complete; no suspect identified
552abcb041658cf9c0f3862f6dc0c21611a44d24facd568bff854f42e157627b,2021-05,Northumbria Police,Northumbria Police,-1.673959,54.971117,On or near DELAVAL ROAD,E01033547,Newcastle upon Tyne 025E,Investigation complete; no suspect identified
59fb76dfccb6b79bd4c67e7f8083da368b2f1bf2f6d2311978c57bacb41d8fe9,2021-05,Northumbria Police,Northumbria Police,-1.659965,54.976273,On or near Petrol Station,E01008334,Newcastle upon Tyne 029D,Investigation complete; no suspect identified
f5f88b7dd9cf4c9f1368702f687f117c21606ceb0d6ad39936bda71f3b38422c,2021-05,Northumbria Police,Northumbria Police,-1.430542,54.992643,On or near DERBY TERRACE,E01008667,South Tyneside 002D,Investigation complete; no suspect identified
e36116539770ce518ddcfaacb0af8dbc954f2898f92b32384d08e0f06162aa76,2021-05,Northumbria Police,Northumbria Police,-1.696117,54.988770,On or near LINDISFARNE CLOSE,E01008330,Newcastle upon Tyne 015G,Investigation complete; no suspect identified
233ae04d298998ee509fa15dea1ef8077765011b09cf6feef5bcd3103f3e15bf,2021-05,Northumbria Police,Northumbria Police,-1.629495,54.951400,On or near A1114,E01008259,Gateshead 007D,Investigation complete; no suspect identified
128a7ab389d58883ba875e755c9be447f0c2b3c0374b15af34aaadda90754f7b,2021-05,Northumbria Police,Northumbria Police,-1.540910,55.123346,On or near KINGSDALE AVENUE,E01027425,Northumberland 025A,Offender given a caution
bc08b114568178e30427ccc843b9d993063875cff055a68fd457044980105801,2021-05,Northumbria Police,Northumbria Police,-1.578536,54.970465,On or near CUSHAT CLOSE,E01008305,Newcastle upon Tyne 026D,Investigation complete; no suspect identified
66dc59e7975ad8216b10812bfd4ee86de15ad4e3082914b1cefba4a6bfa135a4,2021-05,Northumbria Police,Northumbria Police,-1.641422,54.974441,On or near CALLERTON PLACE,E01008449,Newcastle upon Tyne 022D,Investigation complete; no suspect identified
9fde40d041148d9a452931245ba986ae3a030e30e2c5207dfc136d0f4dc1b056,2021-05,Northumbria Police,Northumbria Police,-1.540910,55.123346,On or near KINGSDALE AVENUE,E01027425,Northumberland 025A,Investigation complete; no suspect identified
8d596ba659745f42102fb895cb516e595c6be628e0d4ec0cd296ac6894127839,2021-05,Northumbria Police,Northumbria Police,-1.567986,55.014685,On or near LINDEN ROAD,E01008473,North Tyneside 018C,Investigation complete; no suspect identified
4ff4cfb5fa253cc3ec3a73ec668c04d10625af074990e9dd62e0937465f8e74f,2021-05,Northumbria Police,Northumbria Police,-1.558912,55.184508,On or near CASTLE TERRACE,E01027539,Northumberland 010C,Investigation complete; no suspect identified
98294569f5b1bfb84ae43b0a9495582fead72328398841ae564dbfd5760cf48a,2021-05,Northumbria Police,Northumbria Police,-1.523778,55.130747,On or near COWPEN ROAD,E01027392,Northumberland 022A,Investigation complete; no suspect identified
ec75b30cd98e90ee454430b52df70992ef8033816e5bf31aa5c24f3627b37bd0,2021-05,Northumbria Police,Northumbria Police,-1.602391,54.984555,On or near GRANVILLE ROAD,E01008370,Newcastle upon Tyne 017C,Investigation complete; no suspect identified
b9bfaf1941750c39bb9cd14bc27c6398a01fa1312c0e074587265f9c3f1290c5,2021-05,Northumbria Police,Northumbria Police,-1.845360,54.961068,On or near Petrol Station,E01027500,Northumberland 038D,Investigation complete; no suspect identified
3a959d575a030b43d70e2a3f7448cfdaff9821c11119c9d23cefcbc4efca81fe,2021-05,Northumbria Police,Northumbria Police,-1.576639,54.971123,On or near Parking Area,E01008305,Newcastle upon Tyne 026D,Investigation complete; no suspect identified
0d9461e0269ef041318a4ade0509ccbb831ab082a49b24e78aa3e2e0c783eab8,2021-05,Northumbria Police,Northumbria Police,-1.386732,54.903384,On or near DERWENT STREET,E01008836,Sunderland 016F,Investigation complete; no suspect identified
acecf5b201316d789288fa1b3f0023b380873de8f594eb362218a9b0ccaa6c4b,2021-05,Northumbria Police,Northumbria Police,-1.431092,54.995710,On or near CHARLOTTE STREET,E01008667,South Tyneside 002D,Investigation complete; no suspect identified
582dde9b4de28f9d1db89a260729443679ba45bdff9144b875e2f23fa2414b45,2021-05,Northumbria Police,Northumbria Police,-1.616721,54.974644,On or near Shopping Area,E01008397,Newcastle upon Tyne 024C,Suspect charged
01e262561750dc2d94a57bb793b8a1f37525be9fad52286655deb66f67ebc3db,2021-05,Northumbria Police,Northumbria Police,-1.640908,54.977728,On or near BRIGHTON GROVE,E01033556,Newcastle upon Tyne 022H,Investigation complete; no suspect identified
4d8445dd2eee44cb3f782aadcadd970febeac5baa55adaa2542221dad07fb72a,2021-05,Northumbria Police,Northumbria Police,-1.597801,54.935564,On or near LOWREY'S LANE,E01008239,Gateshead 020D,Investigation complete; no suspect identified
7e7aba1e0cc67e7f6b86846888e9d074fbbfb2e618030875e183799195d289aa,2021-05,Northumbria Police,Northumbria Police,-1.369221,54.895269,On or near PRESTON ROAD,E01008738,Sunderland 016E,Investigation complete; no suspect identified
986c49cafa59fe28ee81f7615f302461724bb1cf026b6f24a7aa5f8ab68d330d,2021-05,Northumbria Police,Northumbria Police,-1.780788,54.968894,On or near MEADOWFIELD CRESCENT,E01008245,Gateshead 002F,Investigation complete; no suspect identified
a08ad2b7b2ec395b35ea8b4aa40d969d1d37ffae09da283f96e9ac1ad607bd5c,2021-05,Northumbria Police,Northumbria Police,-1.474776,55.022397,On or near BLANDFORD ROAD,E01008489,North Tyneside 015B,Investigation complete; no suspect identified
d121673ec0454f17e0b673e29c4f8134c15fa35edc07f491552d7fbf277259d8,2021-05,Northumbria Police,Northumbria Police,-1.459821,54.822097,On or near DUNELM ROAD,E01008748,Sunderland 035E,Investigation complete; no suspect identified
67719cdb0162f714abcab21599d841a997635b5f694e43dab6c6b478e85cb851,2021-05,Northumbria Police,Northumbria Police,-1.430973,54.987612,On or near WEST GEORGE POTTS STREET,E01008664,South Tyneside 002A,Investigation complete; no suspect identified
6fb6fa9f3353ea2dd01cdb34dfcab4b4b9e0f9b54d10adcd6a7f7e28e53a7f74,2021-05,Northumbria Police,Northumbria Police,-1.643405,54.956905,On or near COLLIERY ROAD,E01008210,Gateshead 007B,Investigation complete; no suspect identified
0555b2697feb4952facb36114b47169602e2d8c7c9b97978ade028d1a851a983,2021-05,Northumbria Police,Northumbria Police,-1.591934,54.918543,On or near DENEFORD,E01008224,Gateshead 025C,Investigation complete; no suspect identified
4e07a3403300d9ce0a3d1d42d2c5190f8e2c2f5206b4b05e9e9a600030d56b8e,2021-05,Northumbria Police,Northumbria Police,-1.624266,54.967919,On or near BLANDFORD STREET,E01033545,Newcastle upon Tyne 024H,Investigation complete; no suspect identified
cc65cf900aa2ce1866f4014d0487f33da2cbf64ab967e0143ca6610e783166a2,2021-05,Northumbria Police,Northumbria Police,-1.485832,54.977325,On or near MONKTON TERRACE,E01008661,South Tyneside 007D,Investigation complete; no suspect identified
3897a7d0af9417e1cd77453456458740e1a7842f8acc613c3ceed189e2d176b7,2021-05,Northumbria Police,Northumbria Police,-1.433257,54.926390,On or near RIGA SQUARE,E01008842,Sunderland 004F,Investigation complete; no suspect identified
9096dd2578a176d5e6cdbd84f3d77742e42871820245490581555b908c3b0a1e,2021-05,Northumbria Police,Northumbria Police,-1.605453,54.971849,On or near MELBOURNE STREET,E01033553,Newcastle upon Tyne 023H,Investigation complete; no suspect identified
cc9da0d82e136a68069ef4d834c7e83c8b12dca7bd50895c7c0c58a524652cd5,2021-05,Northumbria Police,Northumbria Police,-1.667997,54.974166,On or near DORCAS AVENUE,E01008289,Newcastle upon Tyne 027B,Investigation complete; no suspect identified
168a56e344335546d3a797238603f395297f93cd84645c0095c0746d19c03d65,2021-05,Northumbria Police,Northumbria Police,-1.433509,54.985081,On or near Bus/Coach Station,E01008664,South Tyneside 002A,Investigation complete; no suspect identified
f983940b0a0095f9f3f3a0d72eb23a65f8b4d0239badf1a329beeaea4791ff70,2021-05,Northumbria Police,Northumbria Police,-1.526906,54.990683,On or near HOLLY AVENUE,E01008572,North Tyneside 029A,Investigation complete; no suspect identified
73436be084a355dca2ce45a806ff0a0e506d0e0a4d061cd2accee26ab5fe8d12,2021-05,Northumbria Police,Northumbria Police,-1.583127,54.979710,On or near HEATON GROVE,E01008413,Newcastle upon Tyne 023F,Investigation complete; no suspect identified
4be7415c8504771a682793da9472dc7b808ce338b725c8f55c0889dbc78ebb66,2021-05,Northumbria Police,Northumbria Police,-1.458870,54.947894,On or near CHARLES STREET,E01008613,South Tyneside 021D,Investigation complete; no suspect identified
b13212b04084247de179c9664b43d45a2c6160c821067ae48fe425023fcc7f55,2021-05,Northumbria Police,Northumbria Police,-1.564515,54.967019,On or near CALLALY WAY,E01008390,Newcastle upon Tyne 030A,Investigation complete; no suspect identified
6f5c7b38368b91f55fadd50dcd4ed9cc93073ef6ffe3964e8a31ef0ab7860b82,2021-05,Northumbria Police,Northumbria Police,-1.610659,55.129654,On or near Sports/Recreation Area,E01027523,Northumberland 021F,Investigation complete; no suspect identified
7b761885cd92aea229744669e9745e9366573acb2cd392862676ef15814e688f,2021-05,Northumbria Police,Northumbria Police,-1.579509,55.107606,On or near AYSGARTH,E01027398,Northumberland 029A,Investigation complete; no suspect identified
1e651308ae7ee3c36447e66438d44f1bdf3b3c9c0c7eedb0e98e87293a54e51f,2021-05,Northumbria Police,Northumbria Police,-1.615365,54.971045,On or near GRAINGER STREET,E01033543,Newcastle upon Tyne 024G,Investigation complete; no suspect identified
4881d1ded161cc55ce73a588f7ccdbdb5391cad499f1ee493bc12fc957a64565,2021-05,Northumbria Police,Northumbria Police,-1.447208,54.918339,On or near CARTWRIGHT ROAD,E01008693,Sunderland 008A,Investigation complete; no suspect identified
d742a3599eba6e72a420fffaedbc000021e8e9e252256f702950130c2482c21e,2021-05,Northumbria Police,Northumbria Police,-1.433690,54.868834,On or near CLINTON PLACE,E01008774,Sunderland 029B,Investigation complete; no suspect identified
f8a1ccc2ecb8e4401733fc49aa5e66fdd53840c850094c2c6e3ed3a82c88b28c,2021-05,Northumbria Police,Northumbria Police,-1.606984,54.974981,On or near A193,E01033543,Newcastle upon Tyne 024G,Investigation complete; no suspect identified
b6c370818adc42bd44bebdbc0d3b49402049926ac6f38d3d206772291d517cfc,2021-05,Northumbria Police,Northumbria Police,-1.642551,54.970445,On or near HULL STREET,E01008331,Newcastle upon Tyne 029A,Suspect charged
af22819724974fd11270e2d162ace26f1a3325be2aca9ed1b6d6c8ef5f461dea,2021-05,Northumbria Police,Northumbria Police,-1.782599,54.934193,On or near COLLINGDON GREEN,E01008196,Gateshead 024D,Investigation complete; no suspect identified
87c862d1ffcc0f50c3408136466d420cc25f56f4d98082ba327313fd6b6beb0b,2021-05,Northumbria Police,Northumbria Police,-1.437237,54.807616,On or near JUBILEE SQUARE,E01008744,Sunderland 036B,Investigation complete; no suspect identified
3f527d7719795d2a205769e24baa6c170b273eeca562f68e3575ecf09e89f784,2021-05,Northumbria Police,Northumbria Police,-1.435660,55.034498,On or near MARDEN TERRACE,E01008496,North Tyneside 010B,Investigation complete; no suspect identified
8f23ef3706c518dc2204a2ba7d48732691157bf4607191415b65d63c407796c8,2021-05,Northumbria Police,Northumbria Police,-1.443343,54.977937,On or near LORD NELSON STREET,E01008671,South Tyneside 012C,Suspect charged
5fa5e79a72280b3990f53bb67fee324c0a72b5f4fd8450a59d83fd3dd7acfedb,2021-05,Northumbria Police,Northumbria Police,-1.597286,54.957480,On or near Pedestrian Subway,E01008163,Gateshead 028A,Offender given a drugs possession warning
f0618d472f3d691fd78936b107fb24b67bb4f7545f67f695ed7aec086ee110d1,2021-05,Northumbria Police,Northumbria Police,-1.495730,54.865602,On or near WRIGHT TERRACE,E01008793,Sunderland 030A,Investigation complete; no suspect identified
9600e376425d492b4c254c2989dde44822dde5b18453e3616c83fab0a153ab8e,2021-05,Northumbria Police,Northumbria Police,-1.438998,55.039698,On or near EGREMONT PLACE,E01008588,North Tyneside 006D,Investigation complete; no suspect identified
3e49f82f39e0b7e5a5654b979eba2c8af7aa9f69e90baa2f2228b97b9b8a14c1,2021-05,Northumbria Police,Northumbria Police,-1.537526,54.989924,On or near BORDER ROAD,E01008575,North Tyneside 030E,Investigation complete; no suspect identified
b16253ed8d61e11562629b9684508db9037d14ecd5f7d11c915aa8065fee2424,2021-05,Northumbria Police,Northumbria Police,-1.566025,54.976181,On or near BLOUNT STREET,E01008392,Newcastle upon Tyne 026F,Investigation complete; no suspect identified
dd0246372db7e937e54ee1698f80a3e294e8c645291d250060f99a2dd0649862,2021-05,Northumbria Police,Northumbria Police,-1.598252,54.956127,On or near CAMILLA STREET,E01008163,Gateshead 028A,Investigation complete; no suspect identified
acaed1a8c6752f72367b85b743452ebe1dae51b84194c500dd6f6c312f74650d,2021-05,Northumbria Police,Northumbria Police,-1.526349,54.914459,On or near HEWORTH GROVE,E01008860,Sunderland 009F,Investigation complete; no suspect identified
4577523f6e0bd43b2c09c11595001594cbc6f461da8ff802d5089bb301b61519,2021-05,Northumbria Police,Northumbria Police,-1.428718,54.992329,On or near ELIZABETH STREET,E01008668,South Tyneside 002E,Investigation complete; no suspect identified
1fc7f7ff606f93414abb38fadcbcb471e6b42bff0fd9ffb58f1fefc299db0d26,2021-05,Northumbria Police,Northumbria Police,-1.453435,55.009076,On or near ALBION ROAD WEST,E01008483,North Tyneside 022A,Investigation complete; no suspect identified
5b8d6e878a46cec721578fbc8f1e32be6d80ddcd31d7750c15869a257789caa9,2021-05,Northumbria Police,Northumbria Police,-1.428718,54.992329,On or near ELIZABETH STREET,E01008668,South Tyneside 002E,Investigation complete; no suspect identified
60d9a3fb08c7ea80ab7854f4a06d9f72f7f81d16896de10e9b475498f310d1db,2021-05,Northumbria Police,Northumbria Police,-1.515748,54.972406,On or near PARK ROAD,E01008641,South Tyneside 010C,Investigation complete; no suspect identified
3d8cd38814e3660678e65394a916739d09f8faa60eb7193157d1ab938ce7f74a,2021-05,Northumbria Police,Northumbria Police,-1.579683,55.061059,On or near QUEENS ROAD,E01008480,North Tyneside 002B,Offender given a caution
26b17dbf2a07b24110638e12000059cbe4056f7e2c4ef417eb4a81e1a30270ba,2021-05,Northumbria Police,Northumbria Police,-1.619938,54.974780,On or near STRAWBERRY PLACE,E01008397,Newcastle upon Tyne 024C,Investigation complete; no suspect identified
71e6ca4ad3c778fded9dc958fe9545fac088a7a1fb247f2e1d56ab6f5e70440a,2021-05,Northumbria Police,Northumbria Police,-1.421341,54.946652,On or near Pedestrian Subway,E01008620,South Tyneside 023D,Investigation complete; no suspect identified
37f6b0a2dda698276dee2d19f16a7019c06187298239435294e5c6288ca1070f,2021-05,Northumbria Police,Northumbria Police,-1.732944,55.239332,On or near Park/Open Space,E01027450,Northumberland 015C,Investigation complete; no suspect identified
65a2771431da46532b10eec6d0b5f51a3bd255c843ae10df3c8e07b186cc3e99,2021-05,Northumbria Police,Northumbria Police,-1.650546,54.985179,On or near RAVENSIDE ROAD,E01008452,Newcastle upon Tyne 016D,Investigation complete; no suspect identified
34005b6dc5b5dbd12635406cce88f6e1e19d38db03e6aa4c3f93bf046bdef5b5,2021-05,Northumbria Police,Northumbria Police,-1.554403,54.964691,On or near MODDER STREET,E01008428,Newcastle upon Tyne 030D,Investigation complete; no suspect identified
4335eed2bdb70d78224876e57141863a7ccde70df736bf1ade80fbd0b7184fe1,2021-05,Northumbria Police,Northumbria Police,-1.505865,54.954124,On or near MERCHANT COURT,E01008629,South Tyneside 020C,Investigation complete; no suspect identified
d462c87fdc703cbc4d6f9ad17a328940358e8f4ea37bfcdaba1c66fa14498586,2021-05,Northumbria Police,Northumbria Police,-1.606587,54.953323,On or near GRASMERE STREET,E01008169,Gateshead 008B,Investigation complete; no suspect identified
b64c30b18b10392e490ff539ab8bc89d2a796e5baa2e7e1f3a24d274180dd7b7,2021-05,Northumbria Police,Northumbria Police,-1.484586,55.008717,On or near BARMOUTH ROAD,E01008481,North Tyneside 023A,Investigation complete; no suspect identified
a727d080366b444b8e3fba35b24d1d5732236e2d37aede41ff79a9b467967c17,2021-05,Northumbria Police,Northumbria Police,-1.466705,54.970502,On or near DUNSTANBURGH COURT,E01008601,South Tyneside 012A,Investigation complete; no suspect identified
1a4446f04650da1c2cf5ee8e2a1e4be500ead5ae098403fae46a9e8f0924780c,2021-05,Northumbria Police,Northumbria Police,-1.637121,54.974886,On or near LONGLEY STREET,E01008398,Newcastle upon Tyne 022C,Suspect charged
18893d2648087fab611344e6512343ae1cdecac9828f15e079b0be513f867853,2021-05,Northumbria Police,Northumbria Police,-1.402336,54.919628,On or near THE GREEN,E01033075,Sunderland 005G,Investigation complete; no suspect identified
276e334e783272cee2a83d53deccffb6a0d1fc763e3e469460df7b7962728761,2021-05,Northumbria Police,Northumbria Police,-1.897189,54.968985,On or near SPRINGFIELD CLOSE,E01027483,Northumberland 036A,Investigation complete; no suspect identified
1ee83e705894641d068d4fb7f85080c00cdb0ba5877a625c7ad8f06dd6ba1191,2021-05,Northumbria Police,Northumbria Police,-1.449847,54.889550,On or near GOODWOOD ROAD,E01008733,Sunderland 021E,Investigation complete; no suspect identified
0e309802fafdc25059f3677bdeb3a7889af7563b1f7c406707c7042d88f41a68,2021-05,Northumbria Police,Northumbria Police,-1.398468,54.965583,On or near MILL GROVE,E01008625,South Tyneside 013C,Investigation complete; no suspect identified
336ce2c6a918a54ca16de5cbf8d507443be0cd2346095ae712b8922aa357f902,2021-05,Northumbria Police,Northumbria Police,-1.595656,55.127529,On or near HOTSPUR AVENUE,E01027514,Northumberland 021A,Investigation complete; no suspect identified
84dcd02bf74efdd761deacf10a383c78a611436eecc8800c3e94a8bdb0c1176c,2021-05,Northumbria Police,Northumbria Police,-1.486117,54.979500,On or near MONKTON TERRACE,E01008600,South Tyneside 007A,Investigation complete; no suspect identified
39093b8c4dede9dfaef557e6050ac0abfdaab0f0ebfddea008c730be0d3facf3,2021-05,Northumbria Police,Northumbria Police,-1.654510,54.954763,On or near BLENHEIM PLACE,E01008208,Gateshead 013C,Investigation complete; no suspect identified
e06bd06ee874b070047fdcd8b051262ae3b8ea983bb531e38ff7f42c6ae5aa01,2021-05,Northumbria Police,Northumbria Police,-1.597286,54.957480,On or near Pedestrian Subway,E01008163,Gateshead 028A,Investigation complete; no suspect identified
c7524b145a2f315f8d72f2ef85bf49190d73fa077825765585bd6f8cf82ba776,2021-05,Northumbria Police,Northumbria Police,-1.430990,54.989661,On or near Supermarket,E01008668,South Tyneside 002E,Offender given penalty notice
4a910d544e8b727449e548fa4f7d0a1014f33a5a95b1f4b23074bdd553fc5f42,2021-05,Northumbria Police,Northumbria Police,-2.008188,54.979776,On or near DEADRIDGE LANE,E01027482,Northumberland 039B,Investigation complete; no suspect identified
e57facadb91efa7cc3033e51bd6d78f158e8bb7162ec8f7d48c1a050f6213b5e,2021-05,Northumbria Police,Northumbria Police,-1.553473,55.175125,On or near SWEETHOPE AVENUE,E01027533,Northumberland 013A,Suspect charged
e57facadb91efa7cc3033e51bd6d78f158e8bb7162ec8f7d48c1a050f6213b5e,2021-05,Northumbria Police,Northumbria Police,-1.553473,55.175125,On or near SWEETHOPE AVENUE,E01027533,Northumberland 013A,Suspect charged
b583e8fe5c0fa43fbc2e4dde90f7bfec98ae114d3e66f64d4c448f6a41572a9c,2021-05,Northumbria Police,Northumbria Police,-1.429211,54.894712,On or near Petrol Station,E01008758,Sunderland 015B,Investigation complete; no suspect identified
3c1595df13ee7110d56ef61320107600ec453f013e5beeae14306b52df03f41a,2021-05,Northumbria Police,Northumbria Police,-1.460650,55.008578,On or near A193,E01008530,North Tyneside 020D,Investigation complete; no suspect identified
faa8673c1e06071f8e4e0db1403bffc18ee4538e601d156e8bdfa83b7dd79457,2021-05,Northumbria Police,Northumbria Police,-1.596091,55.000359,On or near Parking Area,E01008321,Newcastle upon Tyne 007D,Investigation complete; no suspect identified
13712d19beef45902a2952fc211a1f227702508fa671534dcc4780072600c6a3,2021-05,Northumbria Police,Northumbria Police,-1.517952,55.004918,On or near Pedestrian Subway,E01008576,North Tyneside 029D,Investigation complete; no suspect identified
899b638937e1cffff98235630f632ad7e6293d18d165bb6fc094b5203608e5c6,2021-05,Northumbria Police,Northumbria Police,-1.464944,54.846671,On or near BAKER STREET,E01008720,Sunderland 032A,Investigation complete; no suspect identified
d452a129253df9346118cc68047e71aa1f749e01f88d8b2ee2d0edf84dd0dec8,2021-05,Northumbria Police,Northumbria Police,-1.449455,55.008519,On or near RUSSELL STREET,E01008524,North Tyneside 022B,Investigation complete; no suspect identified
5ced632ca8b5159f99e4335c46afaa1ae77cd8d7e8a1797bac0519a59a9270fe,2021-05,Northumbria Police,Northumbria Police,-1.498109,54.991367,On or near Petrol Station,E01008543,North Tyneside 028C,Investigation complete; no suspect identified
2ed886ab7ef36135b1f3054197d7c5e039afa769c47ac2081fb3debcce7456bc,2021-05,Northumbria Police,Northumbria Police,-1.455706,54.829519,On or near HEATHER DRIVE,E01008718,Sunderland 035A,Investigation complete; no suspect identified
35259b46be5647712010eb4d4b53cf12e744e842fbd5e762c3c6a0d3ffaa9565,2021-05,Northumbria Police,Northumbria Police,-1.615085,54.947976,On or near ARMSTRONG STREET,E01008254,Gateshead 010D,Investigation complete; no suspect identified
bc7975f2bf245f589f2ab7dc13b80f4c474057e56abe02f306beafd722c259db,2021-05,Northumbria Police,Northumbria Police,-1.462838,54.839886,On or near KINGSWAY,E01008714,Sunderland 034A,Investigation complete; no suspect identified
c638ddf7a728e7fde8a273fb1f38e5fcbfc3da1e636db952c68f796c2e58c9e2,2021-05,Northumbria Police,Northumbria Police,-1.413322,54.963418,On or near Petrol Station,E01008622,South Tyneside 013A,Investigation complete; no suspect identified
107d80fa54b2390e386ede9fdf89c54962718aa7c59c8553cb076c3c445ce9b6,2021-05,Northumbria Police,Northumbria Police,-1.649533,54.970420,On or near CLIFTON ROAD,E01008335,Newcastle upon Tyne 029E,Investigation complete; no suspect identified
cf808456a2ca579809ae449f9b170dc282cf7cc0576638c6bb85ac7b06b6d8bb,2021-05,Northumbria Police,Northumbria Police,-1.536013,54.991033,On or near Shopping Area,E01008536,North Tyneside 030C,Investigation complete; no suspect identified
be529e15c1bd446d7d94110f22d8146666a6c3157424bad1adb53615835f93fc,2021-05,Northumbria Police,Northumbria Police,-1.612329,54.971602,On or near HIGH BRIDGE,E01033543,Newcastle upon Tyne 024G,Investigation complete; no suspect identified
8905fdf0ae676265903ad4d67524dc5263da07fb967f2d6f5ff4069b099c3e6a,2021-05,Northumbria Police,Northumbria Police,-1.658434,54.992839,On or near BRIERYSIDE,E01008300,Newcastle upon Tyne 016A,Investigation complete; no suspect identified
d38918ee8524b784090c73993de0c7e5adc4034e41c2d515f1e75191f9ad6356,2021-05,Northumbria Police,Northumbria Police,-1.588870,54.917616,On or near Sports/Recreation Area,E01008224,Gateshead 025C,Investigation complete; no suspect identified
66a928b266215b03da21220a997543e8c82557cf7f663af58f207405f613f159,2021-05,Northumbria Police,Northumbria Police,-1.684626,55.168588,On or near STAITHES LANE,E01027452,Northumberland 016A,Investigation complete; no suspect identified
975980cf6b6b873b7c9562073d30a758477327537c5a89b7a795779ed3c4ca72,2021-05,Northumbria Police,Northumbria Police,-1.420301,54.989647,On or near WESTOE AVENUE,E01008675,South Tyneside 003B,Investigation complete; no suspect identified
cdd8f51c1abacd1e4759076c9d0af66271dba1a6ed27efcab21e64d853a9f65e,2021-05,Northumbria Police,Northumbria Police,-1.391768,54.922092,On or near Sports/Recreation Area,E01008708,Sunderland 005A,Investigation complete; no suspect identified
854649517f0d377b18fc880c467e82fe99185cbcb1f160681939105cf78704bc,2021-05,Northumbria Police,Northumbria Police,-1.621934,54.968460,On or near WESTMORLAND ROAD,E01033545,Newcastle upon Tyne 024H,Investigation complete; no suspect identified
45550b3ac66a3606387611ad98a03466a5d9b6a68575cbc476732bbb6c64a24c,2021-05,Northumbria Police,Northumbria Police,-1.586276,55.095894,On or near NORTHUMBRIAN ROAD,E01027401,Northumberland 027B,Investigation complete; no suspect identified
3aea3c927a3dedca5e952c59d19b0207d1ee869cfff39657884ecf5f98fa2a18,2021-05,Northumbria Police,Northumbria Police,-1.626652,54.951481,On or near WOOLER CRESCENT,E01008259,Gateshead 007D,Investigation complete; no suspect identified
84e7c65baed54d55eb5be01139e4fe1b05b66d71618b6e35e2f2c506fd2d2411,2021-05,Northumbria Police,Northumbria Police,-1.620069,54.954238,On or near CORBITT STREET,E01008257,Gateshead 008E,Investigation complete; no suspect identified
513162d393da8c72e8d5bb1c59d52d8fdadfb7b8c44c06482493f7c4307668d2,2021-05,Northumbria Police,Northumbria Police,-1.535892,54.918881,On or near WELLGARTH ROAD,E01008876,Sunderland 007C,Investigation complete; no suspect identified
422ee62bf704fbd63a5ad58e66139a1d5514db98248a6ff0042ef13f533f10a1,2021-05,Northumbria Police,Northumbria Police,-1.598648,54.935154,On or near WEATHERCOCK LANE,E01008239,Gateshead 020D,Investigation complete; no suspect identified
8b306211ed8b6c34340f13f8beb211291d92d6cf13871dfcd22c0eb1485f62b1,2021-05,Northumbria Police,Northumbria Police,-1.658991,54.969612,On or near ETHEL STREET,E01008291,Newcastle upon Tyne 027D,Investigation complete; no suspect identified
3d1ba98086805e70487e6b5ef597aa18c502832b74b56123a7e00381436926be,2021-05,Northumbria Police,Northumbria Police,-1.563480,54.890946,On or near FELL CLOSE,E01008176,Gateshead 026E,Investigation complete; no suspect identified
033111d861ad9ad47155fce4d6adc899f73a903ec90ed7e9e96e2fc6e4af0e2d,2021-05,Northumbria Police,Northumbria Police,-1.402461,54.896470,On or near NESBURN ROAD,E01008781,Sunderland 022B,Investigation complete; no suspect identified
8fb5ae5bc47652f929d858585c39847d2b94ebae4894a7413861b076b600600e,2021-05,Northumbria Police,Northumbria Police,-1.567986,55.014685,On or near LINDEN ROAD,E01008473,North Tyneside 018C,Investigation complete; no suspect identified
93a6852d618371a2baf0f5e867f3f3915703eefee00116084d47cdc89fcb539e,2021-05,Northumbria Police,Northumbria Police,-1.569495,54.976005,On or near SCARBOROUGH ROAD,E01008302,Newcastle upon Tyne 026B,Investigation complete; no suspect identified
99556e8f7da900628d4b9dd4dd41570d28657c913fd36d835d14f347d2f7af37,2021-05,Northumbria Police,Northumbria Police,-1.655559,54.969027,On or near ATHERTON DRIVE,E01008291,Newcastle upon Tyne 027D,Investigation complete; no suspect identified
91c536e48c871da23afff3c0d958145eed3f651456f34900162fe9236b5cc591,2021-05,Northumbria Police,Northumbria Police,-1.442836,55.008929,On or near SAVILLE STREET,E01008524,North Tyneside 022B,Investigation complete; no suspect identified
f6759547609f3c8c0c122044abed7ec41a2c1371236fa902a132c3d8b1e0f51a,2021-05,Northumbria Police,Northumbria Police,-1.621161,54.969293,On or near WATERLOO STREET,E01033554,Newcastle upon Tyne 024I,Investigation complete; no suspect identified
1a38a7853d1abddec963f5b6fc7ed937d7ba69f11ed40015a02c9c7a2c839c9e,2021-05,Northumbria Police,Northumbria Police,-1.549491,54.899755,On or near STANHOPE,E01008869,Sunderland 020C,Investigation complete; no suspect identified
8a0f39f8b8cd5d3e01490f8794179beb5f8a1812d00bafb258f2122e08a787c7,2021-05,Northumbria Police,Northumbria Police,-1.410395,54.907293,On or near PINE STREET,E01008701,Sunderland 011A,Investigation complete; no suspect identified
c055635f7b75118c1bb9db4dbd3a10bfd854afdec681a71e9b42e82bd6cc1116,2021-05,Northumbria Police,Northumbria Police,-1.665793,55.012072,On or near Shopping Area,E01008295,Newcastle upon Tyne 008A,Investigation complete; no suspect identified
d6c150bdfd1c854c7770effd9dbce7c7123eb6e9b41a741d0ab98860d79eedcd,2021-05,Northumbria Police,Northumbria Police,-1.668240,55.013032,On or near KINGSTON PARK AVENUE,E01008294,Newcastle upon Tyne 001A,Investigation complete; no suspect identified
fa0244503e8e2da5fb5f388f19531d0e6f5d7b7b9126e67a3b6d1bfc386c261d,2021-05,Northumbria Police,Northumbria Police,-1.567987,55.020409,On or near STATION ROAD,E01008470,North Tyneside 014A,Investigation complete; no suspect identified
a0a6dc76496f146493fa8c8d4fffbf330a5d5c300573d8dcee7fef8b9451268a,2021-05,Northumbria Police,Northumbria Police,-1.552252,55.179065,On or near MOORHOUSE LANE,E01027545,Northumberland 010D,Investigation complete; no suspect identified
0aa1237084784821fcddcede399554eea3d071fbeb2add51e637ce7d09fe70bb,2021-05,Northumbria Police,Northumbria Police,-1.586930,54.976047,On or near Petrol Station,E01008304,Newcastle upon Tyne 026C,Investigation complete; no suspect identified
929a3ac7daec7b2b872426355cabc508847b1bf00071df9e2b0193c0d5647831,2021-05,Northumbria Police,Northumbria Police,-1.492335,54.867952,On or near THE COVE,E01008793,Sunderland 030A,Investigation complete; no suspect identified
a9d7a1f6655ffa27ce9b881841eba02c00ff6b259d009973eee2f4b1eaabe438,2021-05,Northumbria Police,Northumbria Police,-1.525269,55.072397,On or near Supermarket,E01027432,Northumberland 032A,Investigation complete; no suspect identified
28c09c8cb247f618ad777b65de699d2e008c3108765eb5c74d473de8bd4a7f86,2021-05,Northumbria Police,Northumbria Police,-1.422882,54.925164,On or near REDMOND SQUARE,E01008819,Sunderland 004C,Investigation complete; no suspect identified
c2a754fc2584cfc8d9e06bd225e81f1bbcb696ab5d64c52abe1086d3ac851bbf,2021-05,Northumbria Police,Northumbria Police,-1.523594,54.991829,On or near ASH GROVE,E01008572,North Tyneside 029A,Investigation complete; no suspect identified
203df1e6bfa374e7d26fbf637c93afd1d4232df119ff9065a33ecd5e069f3679,2021-05,Northumbria Police,Northumbria Police,-1.531867,54.944405,On or near MEADOWBROOK DRIVE,E01008286,Gateshead 014C,Investigation complete; no suspect identified
6e5e4dbb2f6327a7f3548a0570134dae67e66f87ae700260dc85d89ad8574c2d,2021-05,Northumbria Police,Northumbria Police,-1.541180,54.986074,On or near EASTFIELD AVENUE,E01008436,Newcastle upon Tyne 020F,Investigation complete; no suspect identified
5a8b64f9c3cbe33da09dbf6f32d8ee826e82d8bdd673d9471c7242fbb673af25,2021-05,Northumbria Police,Northumbria Police,-1.680933,55.003648,On or near SHAWDON CLOSE,E01008457,Newcastle upon Tyne 004C,Investigation complete; no suspect identified
270b4f7e175f5b670a4e5f47e61db859a8578821da4e556db947d33ee9849e9b,2021-05,Northumbria Police,Northumbria Police,-1.495117,54.991930,On or near STATION ROAD,E01008543,North Tyneside 028C,Investigation complete; no suspect identified
e5c69376b8a12548fb23260ba071eaf8f6a9d13481c15971a089ba4ddaa4c674,2021-05,Northumbria Police,Northumbria Police,-1.453274,55.014035,On or near CAMPVILLE,E01008528,North Tyneside 022C,Investigation complete; no suspect identified
d2a2562fef8012f891c7b9f23652c5956694985990951817669cb014f1d87395,2021-05,Northumbria Police,Northumbria Police,-1.731098,55.167837,On or near OLD SAWMILL,E01027448,Northumberland 015B,Investigation complete; no suspect identified
0535a4df676d51f6475a911025e27fd9b07a73e20cb93366fcf961411e491be2,2021-05,Northumbria Police,Northumbria Police,-1.715344,54.966027,On or near Petrol Station,E01008177,Gateshead 005A,Investigation complete; no suspect identified
835bb079138e2c5f024081e18a238778e99aabd8243d95231aff0bb7afbf8ae8,2021-05,Northumbria Police,Northumbria Police,-1.436163,54.997477,On or near EAST STREET,E01008667,South Tyneside 002D,Investigation complete; no suspect identified
e79d89d39c1d50d518788e094937a9ee04fdb513a2df5194252c804ca88f804f,2021-05,Northumbria Police,Northumbria Police,-1.596563,54.992246,On or near THE GROVE,E01008366,Newcastle upon Tyne 013A,Investigation complete; no suspect identified
18860a8590d70ab8b79802e2c1779300ac641c558fa8855a99116e05d3e708ec,2021-05,Northumbria Police,Northumbria Police,-1.617588,54.942512,On or near MARKET WAY,E01008259,Gateshead 007D,Investigation complete; no suspect identified
86ed60dcfa3929b8c17bd05dbfea221936977dd85210b91a56abc2feaf0aa812,2021-05,Northumbria Police,Northumbria Police,-1.659097,54.995771,On or near EASTERN WAY,E01008380,Newcastle upon Tyne 008G,Investigation complete; no suspect identified
2ec88244319beae4f690d10717fe479346241b67613a413a787b3f7be18e1e39,2021-05,Northumbria Police,Northumbria Police,-1.572702,54.977023,On or near UNION ROAD,E01008392,Newcastle upon Tyne 026F,Investigation complete; no suspect identified
4aa7afd052de8c4ac358c4f89b81ed96fe2604d91e908eecbe19e2cb1b5795d9,2021-05,Northumbria Police,Northumbria Police,-1.653360,54.990489,On or near MOORHEAD MEWS,E01008380,Newcastle upon Tyne 008G,Investigation complete; no suspect identified
f2777689f38247af4c0343fe5ad4acc83bcef35ad541ab5b4c90ae01933519a8,2021-05,Northumbria Police,Northumbria Police,-1.543132,55.126580,On or near CHASEDALE CRESCENT,E01027424,Northumberland 022D,Investigation complete; no suspect identified
c23a8e8ec87909497502ca1de11350d5885dbca878824bd39dff64efc53cf8d2,2021-05,Northumbria Police,Northumbria Police,-1.449227,55.006936,On or near WILLIAM STREET WEST,E01008544,North Tyneside 027D,Investigation complete; no suspect identified
bdaef8f0d604b077a22ac93603e485ec496245cae55e1d405be5b9fb637d2225,2021-05,Northumbria Police,Northumbria Police,-1.425641,54.895791,On or near THE BROADWAY,E01008758,Sunderland 015B,Investigation complete; no suspect identified
9c6dcd0216706448c14b3e58f8ab38b40d76be515e00d5d0e039c144b86a3103,2021-05,Northumbria Police,Northumbria Police,-1.450986,54.967386,On or near MADRAS STREET,E01008669,South Tyneside 012B,Investigation complete; no suspect identified
c23c47b7e1474c35b7b3f90d26860111a8751084e6575e2b328a8ab87cde0abd,2021-05,Northumbria Police,Northumbria Police,-1.382352,54.914424,On or near NORTH BRIDGE STREET,E01008791,Sunderland 006F,Suspect charged
e96d14643e5a4d0e26be76c3594681c9d5f59a18ce0b4e952bd0ffeaebd3095c,2021-05,Northumbria Police,Northumbria Police,-1.452469,55.007634,On or near LOVAINE AVENUE,E01008483,North Tyneside 022A,Investigation complete; no suspect identified
5febc23377996bbc1d1953eedc0fe6fbd6ff86ad74bbe6e28543eb17604c4e99,2021-05,Northumbria Police,Northumbria Police,-1.743883,55.049078,On or near Supermarket,E01027464,Northumberland 033A,Investigation complete; no suspect identified
30bab8690e8ed895ecb068e9d0306e5e61c7f2f097b784337afdd40214179d13,2021-05,Northumbria Police,Northumbria Police,-1.522200,54.969700,On or near Petrol Station,E01008642,South Tyneside 010D,Investigation complete; no suspect identified
5741a66d06729809f8b349acda9b29911bdc3f633b6fccd30004c1c9ced727ba,2021-05,Northumbria Police,Northumbria Police,-1.382352,54.914424,On or near NORTH BRIDGE STREET,E01008791,Sunderland 006F,Suspect charged
5741a66d06729809f8b349acda9b29911bdc3f633b6fccd30004c1c9ced727ba,2021-05,Northumbria Police,Northumbria Police,-1.382352,54.914424,On or near NORTH BRIDGE STREET,E01008791,Sunderland 006F,Suspect charged
09820457be0da0135b8c14ffccb8bd53955c3eff249ec4b054ac2274bacb9be9,2021-05,Northumbria Police,Northumbria Police,-1.433527,54.971557,On or near HARDYARDS COURT,E01008590,South Tyneside 011A,Investigation complete; no suspect identified
0f1f6e8c8802e82049089857a68ca05d26a31ad9c3b4d4d2cbbe8f58beabe7bb,2021-05,Northumbria Police,Northumbria Police,-1.412287,54.897327,On or near CLEVELAND ROAD,E01008759,Sunderland 015C,Investigation complete; no suspect identified
af28c16383c8c19a9ea58f14f883bca67981e720bd157a26dcec2aaa39748b4d,2021-05,Northumbria Police,Northumbria Police,-1.580812,54.979935,On or near NORTH VIEW,E01008303,Newcastle upon Tyne 018A,Investigation complete; no suspect identified
713bcbbcd3608163e4d8899ba3edc6eda763f1ad2bad2880bba619cef8969be0,2021-05,Northumbria Police,Northumbria Police,-1.632306,55.012901,On or near ROTHBURY AVENUE,E01008353,Newcastle upon Tyne 006A,Investigation complete; no suspect identified
3d2f8ccc6d29ff78ab4a2728366011e771c5959e85071886648c64d79dab3823,2021-05,Northumbria Police,Northumbria Police,-1.654465,55.181904,On or near HEBRON AVENUE,E01027462,Northumberland 011B,Investigation complete; no suspect identified
a83d332bde166d5267e0e99d77bdb9328e48460bedf45033c45f248e4f9bacb9,2021-05,Northumbria Police,Northumbria Police,-1.718409,54.983342,On or near BRIDGEWATER CLOSE,E01008381,Newcastle upon Tyne 021A,Investigation complete; no suspect identified
cc846f27f5b303c670afe4afcaa02aad485df1fb00b3f19c1614bed327318195,2021-05,Northumbria Police,Northumbria Police,-1.568929,54.951506,On or near ST JOHNS PLACE,E01008212,Gateshead 012A,Investigation complete; no suspect identified
411561277473e427ad85c9a3749a97e186ecc5e0b0c52d473474eeb48de190e6,2021-05,Northumbria Police,Northumbria Police,-1.488844,54.867973,On or near DERWENT STREET,E01008796,Sunderland 032D,Investigation complete; no suspect identified
be186e3f89d3cdeac3c26fae25928c56a26a497cb4edd1f15fc7ce6b65d42886,2021-05,Northumbria Police,Northumbria Police,-1.435644,54.894059,On or near GLAMIS AVENUE,E01008813,Sunderland 014C,Investigation complete; no suspect identified
3c9e2589e1eff4db324c39357047464e0e6a353086ad83bd028297b991002556,2021-05,Northumbria Police,Northumbria Police,-1.587653,54.905345,On or near MARY AVENUE,E01008226,Gateshead 025D,Investigation complete; no suspect identified
4a55bd2a5d214286798e98ef959a7ded675fa213498acefc0e3c170471c9d8c9,2021-05,Northumbria Police,Northumbria Police,-1.564515,54.967019,On or near CALLALY WAY,E01008390,Newcastle upon Tyne 030A,Suspect charged
f0124efc637e6625fabf311b4c45934a7a90c7daf34e70b273ad69d2555d7958,2021-05,Northumbria Police,Northumbria Police,-1.720567,55.001157,On or near LOBELIA CLOSE,E01008448,Newcastle upon Tyne 031G,Investigation complete; no suspect identified
e579f0edc499f8b432bf59a00eb1428bac03e26128c45ff854a15610c668274a,2021-05,Northumbria Police,Northumbria Police,-1.576639,54.971123,On or near Parking Area,E01008305,Newcastle upon Tyne 026D,Suspect charged
e579f0edc499f8b432bf59a00eb1428bac03e26128c45ff854a15610c668274a,2021-05,Northumbria Police,Northumbria Police,-1.576639,54.971123,On or near Parking Area,E01008305,Newcastle upon Tyne 026D,Suspect charged
e579f0edc499f8b432bf59a00eb1428bac03e26128c45ff854a15610c668274a,2021-05,Northumbria Police,Northumbria Police,-1.576639,54.971123,On or near Parking Area,E01008305,Newcastle upon Tyne 026D,Suspect charged
e579f0edc499f8b432bf59a00eb1428bac03e26128c45ff854a15610c668274a,2021-05,Northumbria Police,Northumbria Police,-1.576639,54.971123,On or near Parking Area,E01008305,Newcastle upon Tyne 026D,Suspect charged
53f10e135f9cfcea65bf282836b52d83ffa65dc9181e16bebf49835ab5885863,2021-05,Northumbria Police,Northumbria Police,-1.614002,54.976262,On or near Shopping Area,E01008397,Newcastle upon Tyne 024C,Investigation complete; no suspect identified
0d4d4a5af4db1ce375804eff534e186e191ed271d94c20157e3168b1aaa11c1c,2021-05,Northumbria Police,Northumbria Police,-1.689339,55.006375,On or near NEWBIGGIN LANE,E01008457,Newcastle upon Tyne 004C,Investigation complete; no suspect identified
36ce1009b9749b9d7849c5e2ad631c28e99a515266be6251db87421ac46e0c38,2021-05,Northumbria Police,Northumbria Police,-1.439642,54.880094,On or near TADCASTER ROAD,E01008823,Sunderland 023A,Investigation complete; no suspect identified
36516bfd3ce0344fb732d2dc37c17c8f448212429f4fa7a780481f633925e6a5,2021-05,Northumbria Police,Northumbria Police,-1.576639,54.971123,On or near Parking Area,E01008305,Newcastle upon Tyne 026D,Suspect charged
36516bfd3ce0344fb732d2dc37c17c8f448212429f4fa7a780481f633925e6a5,2021-05,Northumbria Police,Northumbria Police,-1.576639,54.971123,On or near Parking Area,E01008305,Newcastle upon Tyne 026D,Investigation complete; no suspect identified
36516bfd3ce0344fb732d2dc37c17c8f448212429f4fa7a780481f633925e6a5,2021-05,Northumbria Police,Northumbria Police,-1.576639,54.971123,On or near Parking Area,E01008305,Newcastle upon Tyne 026D,Investigation complete; no suspect identified
a451c460ab34a6624a0751fd704d7797b54865f80f2a04ed9f6cc6b04eca3b16,2021-05,Northumbria Police,Northumbria Police,-1.379052,54.892714,On or near THE CEDARS,E01008740,Sunderland 022A,Investigation complete; no suspect identified
249d0fec40a5c956ddb2259a15a819f0d7864eb5b5ab2b9b52add17299800b06,2021-05,Northumbria Police,Northumbria Police,-1.386732,54.903384,On or near DERWENT STREET,E01008836,Sunderland 016F,Investigation complete; no suspect identified
f4e59f09b900a000e4cbbe2d2bad8187150e31f9df72612beac4661d43ee011e,2021-05,Northumbria Police,Northumbria Police,-1.430542,54.992643,On or near DERBY TERRACE,E01008667,South Tyneside 002D,Investigation complete; no suspect identified
8ce806de6dc0b5fc3df10e0156ac9700fb774083dd995a8849f11555a4805a53,2021-05,Northumbria Police,Northumbria Police,-1.611184,54.970394,On or near Nightclub,E01033543,Newcastle upon Tyne 024G,Investigation complete; no suspect identified
219b661f04853058390f8a0b7ca6600b6a59f2bfb817310eedb9192d4ed07d69,2021-05,Northumbria Police,Northumbria Police,-1.387978,54.903462,On or near ALBION PLACE,E01008831,Sunderland 013D,Investigation complete; no suspect identified
aca55cdc96b1036dea143c53a205252db52c4397ed7749d72e5670d1afbb0d83,2021-05,Northumbria Police,Northumbria Police,-1.459305,54.814177,On or near AIREDALE GARDENS,E01008743,Sunderland 036A,Offender given a caution
b8f234e3fb5f6d7966e66797b1df89134e8a6e500fa257461ee11f001315f7ff,2021-05,Northumbria Police,Northumbria Police,-1.670936,55.159269,On or near BROOM CLOSE,E01027461,Northumberland 016E,Investigation complete; no suspect identified
37d9d576aa443d6d14d697b00035f0b83f93170e950cb5ee2ff004f45f3b4a63,2021-05,Northumbria Police,Northumbria Police,-1.441732,54.985919,On or near ANSON CLOSE,E01008665,South Tyneside 002B,Investigation complete; no suspect identified
97b4eb5e55dc4bfc845858810abc4f9efbfe72426e8ffe17899ceeb24fe2200b,2021-05,Northumbria Police,Northumbria Police,-1.593393,55.002776,On or near Hospital,E01008321,Newcastle upon Tyne 007D,Investigation complete; no suspect identified
8a0f892491464299dedae69b6a0eca9b6a4ab6fa174012a0bef9dccd5b213527,2021-05,Northumbria Police,Northumbria Police,-1.439642,54.880094,On or near TADCASTER ROAD,E01008823,Sunderland 023A,Investigation complete; no suspect identified
6e022d761b17fd6b38e83276ba4f9f1a6406caf5b9901916b1887bee62e680aa,2021-05,Northumbria Police,Northumbria Police,-1.603187,55.084385,On or near LINDSEY CLOSE,E01027413,Northumberland 029E,Investigation complete; no suspect identified
5655b16478df0fa24ed92999db6daacae956773ba83a795f52ff7893924bd52e,2021-05,Northumbria Police,Northumbria Police,-1.386034,54.904180,On or near VINE PLACE,E01008703,Sunderland 013B,Investigation complete; no suspect identified
5655b16478df0fa24ed92999db6daacae956773ba83a795f52ff7893924bd52e,2021-05,Northumbria Police,Northumbria Police,-1.386034,54.904180,On or near VINE PLACE,E01008703,Sunderland 013B,Investigation complete; no suspect identified
441325247f5b95032928e22fce6efc57b5d357529536c204d493b511d6052b9d,2021-05,Northumbria Police,Northumbria Police,-1.401365,54.874664,On or near BLIND LANE,E01008805,Sunderland 027C,Investigation complete; no suspect identified
b66e49cfa62476a1a1f9c466150abd92647b9510bcaf31c93ef733f62c87abf9,2021-05,Northumbria Police,Northumbria Police,-1.607969,54.949284,On or near RECTORY ROAD,E01008253,Gateshead 010C,Investigation complete; no suspect identified
e479b8edabc2aacc8ae023f752e5c94dc08ed7adcbb4f63cefb78b94b03ceac9,2021-05,Northumbria Police,Northumbria Police,-1.431829,54.918098,On or near Supermarket,E01008693,Sunderland 008A,Investigation complete; no suspect identified
0c2daff53b02be667cb703a77bf787ff8436f52192bc638604a04f96b6c464a7,2021-05,Northumbria Police,Northumbria Police,-2.246179,54.972122,On or near SHAFTOE STREET,E01027488,Northumberland 040C,Investigation complete; no suspect identified
1b74b8b00d693185a915c31f0bb56efdd986f69e31c7f215d552d18dd9acdfd0,2021-05,Northumbria Police,Northumbria Police,-1.663083,54.971573,On or near BENWELL LANE,E01008334,Newcastle upon Tyne 029D,Suspect charged
5bceb22cb55ce2a0576f33e11b767fa6d30cdf918f860486c8e7d4ab2ad6d4ae,2021-05,Northumbria Police,Northumbria Police,-1.584904,54.977092,On or near ROGER STREET,E01008304,Newcastle upon Tyne 026C,Investigation complete; no suspect identified
51bded7ad9c1404c365bba9ae8696557599e73774f92b85b1369496597ea0df0,2021-05,Northumbria Police,Northumbria Police,-1.516518,55.013683,On or near VALERIA CLOSE,E01008467,North Tyneside 021C,Investigation complete; no suspect identified
51bded7ad9c1404c365bba9ae8696557599e73774f92b85b1369496597ea0df0,2021-05,Northumbria Police,Northumbria Police,-1.516518,55.013683,On or near VALERIA CLOSE,E01008467,North Tyneside 021C,Investigation complete; no suspect identified
78f713a0ba8df2f5bc5d2f21f82458fdd76794114503b69651f87f6526717c90,2021-05,Northumbria Police,Northumbria Police,-1.380010,54.904446,On or near BOROUGH ROAD,E01008836,Sunderland 016F,Suspect charged
c779a3807ad99285199c0ca1b65ea7294d989a05dd177f3be775d16bdd58ee0c,2021-05,Northumbria Police,Northumbria Police,-1.446740,55.007033,On or near SAVILLE STREET WEST,E01008524,North Tyneside 022B,Investigation complete; no suspect identified
766e25702432b70dc5746e318b1280ec2c6d73c158a3f5bf5ce27ee5671f1ae3,2021-05,Northumbria Police,Northumbria Police,-1.516518,55.013683,On or near VALERIA CLOSE,E01008467,North Tyneside 021C,Investigation complete; no suspect identified
766e25702432b70dc5746e318b1280ec2c6d73c158a3f5bf5ce27ee5671f1ae3,2021-05,Northumbria Police,Northumbria Police,-1.516518,55.013683,On or near VALERIA CLOSE,E01008467,North Tyneside 021C,Investigation complete; no suspect identified
ddf7b8463139a2fadd9152d09f4a5de0d7d2622fd17483e6cae514e97fa6d50d,2021-05,Northumbria Police,Northumbria Police,-1.599994,54.972532,On or near BLAGDON STREET,E01033553,Newcastle upon Tyne 023H,Investigation complete; no suspect identified
ddf7b8463139a2fadd9152d09f4a5de0d7d2622fd17483e6cae514e97fa6d50d,2021-05,Northumbria Police,Northumbria Police,-1.599994,54.972532,On or near BLAGDON STREET,E01033553,Newcastle upon Tyne 023H,Investigation complete; no suspect identified
5e709537e7cbcee3ede81e1ed2bb8b80875dc034e31f4109fc373ed09142d5d3,2021-05,Northumbria Police,Northumbria Police,-1.570190,54.932864,On or near BALMLAW,E01008220,Gateshead 021B,Investigation complete; no suspect identified
db4bc3a5d79c995aed00b92f7a3ed0015dc05fc6cdf7beaed3d128047a9fca23,2021-05,Northumbria Police,Northumbria Police,-1.530603,54.916183,On or near Supermarket,E01008860,Sunderland 009F,Offender given a caution
1e37cee48c6c20e2fa13f97a1bf71f3c014ed7b983905f2aeb62f4867fae0bd0,2021-05,Northumbria Police,Northumbria Police,-1.586202,55.162156,On or near OXFORD ROAD,E01027534,Northumberland 017C,Investigation complete; no suspect identified
d8338a6c835968114dac4fe364b90cc1a6f35fe2d478f9df8c0253cac9a74c95,2021-05,Northumbria Police,Northumbria Police,-1.524953,54.978652,On or near PRICE STREET,E01008640,South Tyneside 010B,Investigation complete; no suspect identified
9b2f7f6f22671546e56f81757b0c1be19aa072aeebb81281e5f0d17201cd6f72,2021-05,Northumbria Police,Northumbria Police,-1.438210,54.984105,On or near GILBERT STREET,E01008666,South Tyneside 002C,Investigation complete; no suspect identified
0670ea3a424f7d1781ad5a2a092b1cf4bc0c17e61c8d74c060fbb012f30ef61a,2021-05,Northumbria Police,Northumbria Police,-1.716752,54.961214,On or near HARRIET STREET,E01008178,Gateshead 004A,Investigation complete; no suspect identified
af02d322aa32b3566b1157728bf0e7dd0c54f32e31ea3e3e78e6da8253b6093e,2021-05,Northumbria Police,Northumbria Police,-1.575087,54.986430,On or near SIMONSIDE TERRACE,E01008361,Newcastle upon Tyne 018D,Investigation complete; no suspect identified
8f639635d4a36e8aff3d8907db3bdd472dbaae9527119833eebbe74f0890f9f3,2021-05,Northumbria Police,Northumbria Police,-1.438210,54.984105,On or near GILBERT STREET,E01008666,South Tyneside 002C,Investigation complete; no suspect identified
567c88c06bb7ee7926b3af357d975b4cee3f87aff9a6dbb62d00acd9e9fc9473,2021-05,Northumbria Police,Northumbria Police,-1.566870,55.183494,On or near WOODHORN ROAD,E01027528,Northumberland 010A,Offender given a drugs possession warning
567c88c06bb7ee7926b3af357d975b4cee3f87aff9a6dbb62d00acd9e9fc9473,2021-05,Northumbria Police,Northumbria Police,-1.566870,55.183494,On or near WOODHORN ROAD,E01027528,Northumberland 010A,Investigation complete; no suspect identified
774c19745f3a6bf2f604f99761df59a016334b23de9f5ffd865f1a23cc8b82a3,2021-05,Northumbria Police,Northumbria Police,-1.435244,55.037335,On or near Supermarket,E01008496,North Tyneside 010B,Investigation complete; no suspect identified
b13cf596fced89d25f60555d2572bbf76f83ca72a1478726d3325fe0c1ce6205,2021-05,Northumbria Police,Northumbria Police,-1.385342,54.897347,On or near THE AVENUE,E01008834,Sunderland 013E,Suspect charged
5c6025ce1637936c4a1287a8460389ff67609a4f8f622fd2057213adf44f8a4d,2021-05,Northumbria Police,Northumbria Police,-1.572702,54.977023,On or near UNION ROAD,E01008392,Newcastle upon Tyne 026F,Investigation complete; no suspect identified
315eb9a585abb714dcec35f796d4d8dba95027455ca83f6e57500eb9e48dacd8,2021-05,Northumbria Police,Northumbria Police,-1.618892,54.969690,On or near PINK LANE,E01033545,Newcastle upon Tyne 024H,Investigation complete; no suspect identified
6024b456626492ac6e2ceca0631fcdcebf3580370a93eb2fc7c33c09b1e82661,2021-05,Northumbria Police,Northumbria Police,-1.579847,54.895649,On or near BEACONSFIELD TERRACE,E01008175,Gateshead 026D,Investigation complete; no suspect identified
fe13f906f1ca8676ee0c9ccc75e41c78216f5ae94416b7f22dc1fb5569bf3c52,2021-05,Northumbria Police,Northumbria Police,-1.620821,54.968906,On or near FORTH PLACE,E01033545,Newcastle upon Tyne 024H,Investigation complete; no suspect identified
5006a16c9fb1b1bb426f5b815e9ef30909d2ee64954720f4544d6f2c42a10698,2021-05,Northumbria Police,Northumbria Police,-1.422222,54.880822,On or near Sports/Recreation Area,E01008827,Sunderland 023E,Investigation complete; no suspect identified
887f862d8f2538e0346164320d13c1013d492c125a4b156b3e204afb76a02efb,2021-05,Northumbria Police,Northumbria Police,-1.571779,55.178174,On or near WARKWORTH CRESCENT,E01027527,Northumberland 012D,Investigation complete; no suspect identified
35db4e43803c3731677ab47fbb66cce8456c8d7abba74d56b3ec03d83edb1a4d,2021-05,Northumbria Police,Northumbria Police,-1.587341,54.922176,On or near IVANHOE VIEW,E01008190,Gateshead 023B,Investigation complete; no suspect identified
69a0d16a17ee6bf56e0a0faea1a5de87f0f1287fa3679db9937f8014620e5b77,2021-05,Northumbria Police,Northumbria Police,-1.541971,54.971519,On or near RHODES STREET,E01008425,Newcastle upon Tyne 030B,Investigation complete; no suspect identified
9f120d7659f97021647a18f3a085c1b16a9673a5dd401d22fb8bf8fa24940da7,2021-05,Northumbria Police,Northumbria Police,-1.385956,54.903119,On or near OLIVE STREET,E01008831,Sunderland 013D,Investigation complete; no suspect identified
39992ce437b7d632c3669240c52c87f0496a906dd4739d346d43a6377094e693,2021-05,Northumbria Police,Northumbria Police,-1.655084,55.000828,On or near ASHBROOKE STREET,E01008375,Newcastle upon Tyne 008C,Investigation complete; no suspect identified
96a8511948472137a42e91f374a1102bc6bcc2496b43774c2f9496a5703acc0d,2021-05,Northumbria Police,Northumbria Police,-1.626652,54.951481,On or near WOOLER CRESCENT,E01008259,Gateshead 007D,Investigation complete; no suspect identified
599e4277b82bd68a27a22a0b528b642e8ec5d7472b8dad7dd14aefd83e820fed,2021-05,Northumbria Police,Northumbria Police,-1.461442,55.003091,On or near NEWARK SQUARE,E01008545,North Tyneside 027E,Investigation complete; no suspect identified
10f7a827292ffdca86a04bebf7d9611ea33ce6e859d2e3fdf355b1cea827060e,2021-05,Northumbria Police,Northumbria Police,-1.473342,55.023182,On or near FALMOUTH ROAD,E01008489,North Tyneside 015B,Investigation complete; no suspect identified
2a08323c053609393d348962f91675108de1924ca1950441f306e0b2494c27f6,2021-05,Northumbria Police,Northumbria Police,-1.693226,54.984593,On or near Pedestrian Subway,E01008416,Newcastle upon Tyne 025C,Investigation complete; no suspect identified
2a08323c053609393d348962f91675108de1924ca1950441f306e0b2494c27f6,2021-05,Northumbria Police,Northumbria Police,-1.693226,54.984593,On or near Pedestrian Subway,E01008416,Newcastle upon Tyne 025C,Investigation complete; no suspect identified
2a08323c053609393d348962f91675108de1924ca1950441f306e0b2494c27f6,2021-05,Northumbria Police,Northumbria Police,-1.693226,54.984593,On or near Pedestrian Subway,E01008416,Newcastle upon Tyne 025C,Suspect charged
2a08323c053609393d348962f91675108de1924ca1950441f306e0b2494c27f6,2021-05,Northumbria Police,Northumbria Police,-1.693226,54.984593,On or near Pedestrian Subway,E01008416,Newcastle upon Tyne 025C,Suspect charged
41f5a41401dced92740b230036c9a951b359e08ac50c1816b19033b2d159de45,2021-05,Northumbria Police,Northumbria Police,-1.557813,54.964236,On or near CLIPSTONE AVENUE,E01008390,Newcastle upon Tyne 030A,Investigation complete; no suspect identified
4d8f6cf175261785dc427d58874ea711f5784f9f1b09471e7ed323f839e0843c,2021-05,Northumbria Police,Northumbria Police,-1.609886,54.951249,On or near WHITEHALL ROAD,E01008171,Gateshead 008D,Suspect charged
ccd0eee72fff1735955c92e1ba16caec23a9e0ce35ba620f16503e47d66af50a,2021-05,Northumbria Police,Northumbria Police,-1.543937,54.948315,On or near BEVAN GARDENS,E01008240,Gateshead 015B,Investigation complete; no suspect identified
d04486c0a862e0465390379cf6dadb28f6ca7a14e8acbe84462ee6f7ede81ff6,2021-05,Northumbria Police,Northumbria Police,-1.682550,54.953365,On or near NAPIER ROAD,E01008262,Gateshead 009A,Investigation complete; no suspect identified
fc278d5f0ed31fc08db7ce38b62b9bf9771f08a59664d2c0775365b333472244,2021-05,Northumbria Police,Northumbria Police,-1.586625,54.946418,On or near NORTHWAY,E01008201,Gateshead 011B,Investigation complete; no suspect identified
dd40d9ab2b31edb18e9bd863039ed04dd85dd56f0619cc7a073efd973ae36b03,2021-05,Northumbria Police,Northumbria Police,-1.491731,54.841601,On or near Petrol Station,E01008750,Sunderland 033A,Investigation complete; no suspect identified
b4e4f574cb3a2c0986eaa28935a5e085ea83a47ae59c784b5807056fba17cfe6,2021-05,Northumbria Police,Northumbria Police,-1.628600,54.950283,On or near Parking Area,E01008259,Gateshead 007D,Investigation complete; no suspect identified
39cb63ebf6911c5ad2f02738a4418a30a0142ee4bf6d27ad9a6d346a7ff97b90,2021-05,Northumbria Police,Northumbria Police,-1.555003,55.063002,On or near BARRASS AVENUE,E01027435,Northumberland 032D,Investigation complete; no suspect identified
5c0243c3a6c3073cc078a19856c33db90da72f6a8aedc531624056b019feac32,2021-05,Northumbria Police,Northumbria Police,-1.507528,55.013503,On or near BLACKHILL AVENUE,E01008468,North Tyneside 021D,Investigation complete; no suspect identified
0ac0782f03822e0ff66d92ccddd1826dfab5d1922322e64f11d1561b25a6d6bb,2021-05,Northumbria Police,Northumbria Police,-1.549301,54.976794,On or near JACKSON STREET,E01008431,Newcastle upon Tyne 020B,Investigation complete; no suspect identified
e67e603a0bb08b1462701fb97f617fe201af12b2826ecc073ca311f2dee26fbf,2021-05,Northumbria Police,Northumbria Police,-1.602496,54.962754,On or near Parking Area,E01008166,Gateshead 027C,Suspect charged
cfaa22526285a2787985976f1d4c42dc6056a62867f51fd08184696cb068aa2e,2021-05,Northumbria Police,Northumbria Police,-1.686709,54.986679,On or near ROOKWOOD ROAD,E01008345,Newcastle upon Tyne 019C,Investigation complete; no suspect identified
f43aac117a9b858ce1f1e86a1d5522d7269417875cc6141af7638bdb708751ff,2021-05,Northumbria Police,Northumbria Police,-1.602496,54.962754,On or near Parking Area,E01008166,Gateshead 027C,Suspect charged
d66f68105bd5fb01ad2d7d66981a62e44e9745bd2b30bf802c52a5f9ca300a15,2021-05,Northumbria Police,Northumbria Police,-1.548974,55.185640,On or near ST CHRISTOPHERS CLOSE,E01027540,Northumberland 013B,Investigation complete; no suspect identified
17af5724f5693b7fd476fd56a1ae53d378d9d4abaa475691afafabf6a40157ef,2021-05,Northumbria Police,Northumbria Police,-1.460975,55.007663,On or near LILBURN STREET,E01008482,North Tyneside 023B,Investigation complete; no suspect identified
aba453b8506d17e752f279f2ffb05de6789dc23d848ab13f54bc4a1d8af73c28,2021-05,Northumbria Police,Northumbria Police,-1.511841,55.008578,On or near BROXBURN CLOSE,E01008461,North Tyneside 021A,Investigation complete; no suspect identified
45545004baaaa3e019a08fe51b275a5cbebfa4e67066533f1a206a8fb833af72,2021-05,Northumbria Police,Northumbria Police,-1.553553,54.937108,On or near WHITEHILL,E01008231,Gateshead 015A,Investigation complete; no suspect identified
7d19e41fecc454504779528081fe489cc2a3e649ac149e8c1da71a8a14617ee9,2021-05,Northumbria Police,Northumbria Police,-1.435705,54.985577,On or near MARSHALL WALLIS ROAD,E01008664,South Tyneside 002A,Investigation complete; no suspect identified
7d19e41fecc454504779528081fe489cc2a3e649ac149e8c1da71a8a14617ee9,2021-05,Northumbria Police,Northumbria Police,-1.435705,54.985577,On or near MARSHALL WALLIS ROAD,E01008664,South Tyneside 002A,Investigation complete; no suspect identified
7d19e41fecc454504779528081fe489cc2a3e649ac149e8c1da71a8a14617ee9,2021-05,Northumbria Police,Northumbria Police,-1.435705,54.985577,On or near MARSHALL WALLIS ROAD,E01008664,South Tyneside 002A,Suspect charged
7d19e41fecc454504779528081fe489cc2a3e649ac149e8c1da71a8a14617ee9,2021-05,Northumbria Police,Northumbria Police,-1.435705,54.985577,On or near MARSHALL WALLIS ROAD,E01008664,South Tyneside 002A,Suspect charged
7d19e41fecc454504779528081fe489cc2a3e649ac149e8c1da71a8a14617ee9,2021-05,Northumbria Police,Northumbria Police,-1.435705,54.985577,On or near MARSHALL WALLIS ROAD,E01008664,South Tyneside 002A,Suspect charged
5ec2ece8ca3599bafee5eb9b6ca66ad42391fabc063d6dcd171994f7f273c8d8,2021-05,Northumbria Police,Northumbria Police,-1.501064,54.993806,On or near HEADLAM VIEW,E01008543,North Tyneside 028C,Investigation complete; no suspect identified
338a3ae35995d03eaf318a45db11428766870042ad0e9cd1e966b8002a9de633,2021-05,Northumbria Police,Northumbria Police,-1.525191,54.992986,On or near WESTMORELAND STREET,E01008572,North Tyneside 029A,Investigation complete; no suspect identified
d7a0753d1b149448fd7d383fa563bd953354a5de35d7860b23fb113aa3da7c79,2021-05,Northumbria Police,Northumbria Police,-1.429089,54.885698,On or near TELFORD ROAD,E01008829,Sunderland 023G,Investigation complete; no suspect identified
dd845ad803f6dd4c8adc8e68edfe7b3d8552fe2c9cccdd672652470756d5a8c5,2021-05,Northumbria Police,Northumbria Police,-1.584710,54.977693,On or near HEATON PARK ROAD,E01008304,Newcastle upon Tyne 026C,Investigation complete; no suspect identified
ecc411a1f92fb442668f8efcf4b1be01c4de5b03e68f23879e35f6c941a36543,2021-05,Northumbria Police,Northumbria Police,-1.577711,54.983618,On or near EIGHTH AVENUE,E01008359,Newcastle upon Tyne 018B,Investigation complete; no suspect identified
f00eb7e84484961fa10e8c411731230eadcf78073485c0fbb885aa23db683a30,2021-05,Northumbria Police,Northumbria Police,-1.451109,54.904491,On or near VIOLET STREET,E01008811,Sunderland 014B,Investigation complete; no suspect identified
508e4a85a03bc895cacfa1598947929587e7b2284579332a5e9b52534f638eee,2021-05,Northumbria Police,Northumbria Police,-1.583612,54.938824,On or near QUEEN ELIZABETH AVENUE,E01008219,Gateshead 016A,Investigation complete; no suspect identified
c26223bdfffaa2e89f588c9d220e336c3770d6c98566ce057e00475f00475e9d,2021-05,Northumbria Police,Northumbria Police,-1.437646,54.879043,On or near TUSCAN ROAD,E01008824,Sunderland 023B,Investigation complete; no suspect identified
cd53d4d77e29cf27fe1c1de0c7023b5812f727ee477fda97b26906be6ea0d1ec,2021-05,Northumbria Police,Northumbria Police,-1.606291,54.945279,On or near Park/Open Space,E01008255,Gateshead 010E,Investigation complete; no suspect identified
d12bb437ce76eb81a7ed2aa6def8fe344ef44b19420a2c5fd51b67fdcb2ec2dd,2021-05,Northumbria Police,Northumbria Police,-1.576430,54.970197,On or near GARMONDSWAY,E01008305,Newcastle upon Tyne 026D,Investigation complete; no suspect identified
850fab255f5aa678344eda7aee1c74e6b70aa4f654f2c5b1712036d825306807,2021-05,Northumbria Police,Northumbria Police,-1.609504,54.995532,On or near MYRTLE GROVE,E01008373,Newcastle upon Tyne 013E,Investigation complete; no suspect identified
68ea19e78251d58cc9340ffc8b71e9fabe53adfd79c57b5b6afb88073d29c7ac,2021-05,Northumbria Police,Northumbria Police,-1.694259,55.007007,On or near BEDEBURN ROAD,E01008460,Newcastle upon Tyne 004F,Investigation complete; no suspect identified
3cf4a83caf4d692e56f3d50606412b0d36e1f549076bf7e9bbd25fb75625e055,2021-05,Northumbria Police,Northumbria Police,-1.574957,54.924748,On or near SPRINGWELL AVENUE,E01008217,Gateshead 023E,Investigation complete; no suspect identified
70e0465193589a0f733c690b0ad6a0b33cc1c9d6bb6030ab4da6d648d97c85a9,2021-05,Northumbria Police,Northumbria Police,-1.455586,55.008447,On or near SPENCE TERRACE,E01008483,North Tyneside 022A,Investigation complete; no suspect identified
acd80163d75db93edfab632f868dab229dd3fded820ebb49884bbd76e0b1fe2c,2021-05,Northumbria Police,Northumbria Police,-1.538733,54.909195,On or near Petrol Station,E01008875,Sunderland 010C,Investigation complete; no suspect identified
91bae5cb783faae2028a2cafe250a968c803ec0ce84b940888dffedb6cb2eb85,2021-05,Northumbria Police,Northumbria Police,-1.558239,54.945330,On or near PARKIN GARDENS,E01008241,Gateshead 015C,Investigation complete; no suspect identified
6851e459e4ba40457fdc6f249926f11227770350c4366cb8197600d9b3b80009,2021-05,Northumbria Police,Northumbria Police,-1.464716,54.963889,On or near SELKIRK STREET,E01008602,South Tyneside 014A,Investigation complete; no suspect identified
45105cd7379813794e4eb0e62458fa9033650ec52a0eaf49fb711b3e63794a8c,2021-05,Northumbria Police,Northumbria Police,-1.446027,54.965674,On or near Pedestrian Subway,E01008593,South Tyneside 016A,Investigation complete; no suspect identified
425f48e6ae7972102d95cd85d0521b6e0637a19df18e78d76b6185c0a8d85b50,2021-05,Northumbria Police,Northumbria Police,-1.445349,55.003593,On or near DUKE STREET,E01008544,North Tyneside 027D,Offender given a caution
454829ed4034dd9a84827d6534fa52d8ffd13b73ec9bc925d418d12ff8e5edfa,2021-05,Northumbria Police,Northumbria Police,-1.584113,54.944756,On or near HALCYON PLACE,E01008201,Gateshead 011B,Suspect charged
de558fbfeca7fb8959c63179ab054982459051aa06a9a6c5ae00d72cd8301751,2021-05,Northumbria Police,Northumbria Police,-1.596957,54.976314,On or near BERMONDSEY STREET,E01008406,Newcastle upon Tyne 023A,Investigation complete; no suspect identified
920d7f54f95e9485d59b1530afd89ce9896a6565044f2319e6fbd75c46b15a80,2021-05,Northumbria Police,Northumbria Police,-1.578801,55.009394,On or near BENTON LANE,E01008320,Newcastle upon Tyne 007C,Suspect charged
16256af54b10c409b095218daa13e106cba5766134ebb9a45d56f86412eae668,2021-05,Northumbria Police,Northumbria Police,-1.437459,54.992010,On or near TUDOR ROAD,E01008667,South Tyneside 002D,Suspect charged
8b1079e3edc1c822937821a40fafee5b79270776ec5b77e5f7012386e195e5c9,2021-05,Northumbria Police,Northumbria Police,-1.615322,54.972222,On or near NUN STREET,E01033543,Newcastle upon Tyne 024G,Suspect charged
8b1079e3edc1c822937821a40fafee5b79270776ec5b77e5f7012386e195e5c9,2021-05,Northumbria Police,Northumbria Police,-1.615322,54.972222,On or near NUN STREET,E01033543,Newcastle upon Tyne 024G,Suspect charged
e40497939ffa4cc468a113775548d36eb0fae996b80aceda58d5cec9577618f1,2021-05,Northumbria Police,Northumbria Police,-1.536850,55.212669,On or near Supermarket,E01027451,Northumberland 008E,Suspect charged
dfbf595fd6f148a71af16bffacdf1423912ca5f4a1224b03b0169128105981b4,2021-05,Northumbria Police,Northumbria Police,-1.582473,54.997527,On or near LYNMOUTH PLACE,E01008314,Newcastle upon Tyne 012A,Investigation complete; no suspect identified
a0585182a855f3214be1e9aee9a5fb0d3c6928b94e3408af2b5e1d690b872546,2021-05,Northumbria Police,Northumbria Police,-1.741261,54.982296,On or near CHURCH BANK,E01008404,Newcastle upon Tyne 014E,Investigation complete; no suspect identified
12971d5651c30a0ad2610c94e38ae38ed2dfa56b5c9e150663088db6b0d36e25,2021-05,Northumbria Police,Northumbria Police,-1.553570,55.177722,On or near ARIEL STREET,E01027533,Northumberland 013A,Investigation complete; no suspect identified
d124ae27e101e736262ce9ea7e9df559a2953cf2618540a1b8f6514daeadb4ff,2021-05,Northumbria Police,Northumbria Police,-1.547077,55.128536,On or near TEESDALE PLACE,E01027424,Northumberland 022D,Investigation complete; no suspect identified
998e43d2d99454e8e27d77d29c16b5dbf97d520502433ab044f50098787f180a,2021-05,Northumbria Police,Northumbria Police,-1.612359,54.952227,On or near BALFOUR STREET,E01008171,Gateshead 008D,Investigation complete; no suspect identified
2b30153ae5e03331de1964df6e8c84b8946916d98122f7565db7610ee53f1a50,2021-05,Northumbria Police,Northumbria Police,-1.397349,54.905665,On or near LANGTON CLOSE,E01008706,Sunderland 011C,Investigation complete; no suspect identified
78f2c794aedd671fe776ed9588f3e62abe946214694b8e9f4c21504ee02c1bc6,2021-05,Northumbria Police,Northumbria Police,-1.431635,54.997141,On or near BURROW STREET,E01008667,South Tyneside 002D,Investigation complete; no suspect identified
d9a6a94979c30d84efcd450ad8da408c62674001461e7321e6e915e0f888cbbc,2021-05,Northumbria Police,Northumbria Police,-1.393416,54.972271,On or near WATSON PLACE,E01008624,South Tyneside 018A,Offender given a caution
cd7d646d493f55a013d763c5311eec7ac85c6381269f176a019cf5de59afa8aa,2021-05,Northumbria Police,Northumbria Police,-1.725251,54.956156,On or near HILL TOP,E01008280,Gateshead 004E,Investigation complete; no suspect identified
22fbeec1223d761795601ea4bed31714babaaf111cee571980a873883ca8c403,2021-05,Northumbria Police,Northumbria Police,-1.383171,54.863933,On or near BURDON LANE,E01008766,Sunderland 028C,Investigation complete; no suspect identified
420de83c6513371565fbed4cb7bb1c8893c04f506243093bbf71b843f553a2d5,2021-05,Northumbria Police,Northumbria Police,-1.563820,55.180850,On or near SECOND AVENUE,E01027546,Northumberland 010E,Investigation complete; no suspect identified
a728d54a2bf4f7cbb67a9350718a785b360ff0ad864cccf5d78746076ad11ec6,2021-05,Northumbria Police,Northumbria Police,-1.525702,54.913728,On or near Petrol Station,E01008860,Sunderland 009F,Investigation complete; no suspect identified
1251974e4e0fc9c74aa60574eb9b27009540237af4c0a478aea7d4b63d80e4e1,2021-05,Northumbria Police,Northumbria Police,-1.622855,55.051882,On or near MORPETH AVENUE,E01008577,North Tyneside 004A,Suspect charged
0b3c93787655c85b8c31a447b47baa8f6c455690856563eed622fb9869607968,2021-05,Northumbria Police,Northumbria Police,-1.593663,54.935847,On or near PRIMROSE HILL,E01008235,Gateshead 016B,Investigation complete; no suspect identified
d48c065d34bc6e75d45dfea3615b4c2bc077610ac1e5db543327d37da4b3b362,2021-05,Northumbria Police,Northumbria Police,-1.453843,54.949076,On or near ERNEST STREET,E01008610,South Tyneside 021A,Investigation complete; no suspect identified
de2fd01b24fea2cdd480c1b015087441a8a22deb5604d7276bcdb816c10b528e,2021-05,Northumbria Police,Northumbria Police,-1.712213,54.988782,On or near B6528,E01008326,Newcastle upon Tyne 015C,Investigation complete; no suspect identified
aec0a6db806cac3f97c0f968cc7b33871003430c7bde846ae49e10712e13eb41,2021-05,Northumbria Police,Northumbria Police,-1.444490,54.917392,On or near ERNWILL AVENUE,E01008697,Sunderland 008E,Investigation complete; no suspect identified
26fab6e65935b61c8c630dacd6741986cedae6d946f45cb734a604692364b517,2021-05,Northumbria Police,Northumbria Police,-1.437173,54.975564,On or near FARNHAM ROAD,E01008591,South Tyneside 011B,Investigation complete; no suspect identified
7b20472f9ab15fa501f4a1af148d374e8ad951b997812ce8530f4a794e62f17a,2021-05,Northumbria Police,Northumbria Police,-1.579847,54.895649,On or near BEACONSFIELD TERRACE,E01008175,Gateshead 026D,Investigation complete; no suspect identified
ec9e2342a28bde6124fc1599fe60b5e8ddd93bac76dc1935ef0c9bd9c5c80e50,2021-05,Northumbria Police,Northumbria Police,-1.536850,55.212669,On or near Supermarket,E01027451,Northumberland 008E,Suspect charged
3f6fcd9af07dba823be1610f89c8988d7b2579ec94141ada3dd75f89be8b0a85,2021-05,Northumbria Police,Northumbria Police,-1.388194,54.901603,On or near WORCESTER TERRACE,E01008831,Sunderland 013D,Investigation complete; no suspect identified
68584a61d556eaa1a1d36fe7cb0241430bf51c3a98c3d4128d72e960af07f791,2021-05,Northumbria Police,Northumbria Police,-1.558203,54.888779,On or near Petrol Station,E01008172,Gateshead 026A,Investigation complete; no suspect identified
9f59f40d8630af2cb67c5904d32957f7649a87425e856fbd78c7b14ead45cc63,2021-05,Northumbria Police,Northumbria Police,-1.565963,55.178728,On or near BOLSOVER STREET,E01027528,Northumberland 010A,Investigation complete; no suspect identified
4ae4cd1d2ce51041e7fa687aefc5a2ebaf600534a218507ccafac21bf10879b6,2021-05,Northumbria Police,Northumbria Police,-1.764819,55.036530,On or near Supermarket,E01033714,Northumberland 033F,Investigation complete; no suspect identified
dc567d2287cd6769f6560b01b277b24d8bdb14d43b4a74a015552408408c4bb5,2021-05,Northumbria Police,Northumbria Police,-1.530969,55.112641,On or near ELLIOTT STREET,E01027427,Northumberland 025C,Investigation complete; no suspect identified
7f7f99ea20ede1f9de5df1368da0087ae178b59c560376b5d08b35944e3788b7,2021-05,Northumbria Police,Northumbria Police,-1.409116,54.894490,On or near Park/Open Space,E01008760,Sunderland 018A,Investigation complete; no suspect identified
346065d42cfe2cba83af7f60f78d7f95a96059821fce68368475a9b36514b860,2021-05,Northumbria Police,Northumbria Police,-1.558806,54.966306,On or near SANDY CRESCENT,E01008390,Newcastle upon Tyne 030A,Investigation complete; no suspect identified
d61cf0e1d38fd4fb6200e5572e1d375d4504966cab76e36120f8baad7c4d311d,2021-05,Northumbria Police,Northumbria Police,-1.603672,55.162152,On or near SHEEPWASH BANK,E01027530,Northumberland 017A,Investigation complete; no suspect identified
de12d3cbba338d700f250d44bde7d16b136afc1d6ac784bc262e8f333fa744c6,2021-05,Northumbria Police,Northumbria Police,-1.525606,54.904652,On or near BOSTON AVENUE,E01008844,Sunderland 019B,Investigation complete; no suspect identified
d3295cd2fc0b1cb415e3af78ab53eff36be0b8e47bc9c0271f6cf59df2fda48f,2021-05,Northumbria Police,Northumbria Police,-1.473926,54.963030,On or near LODORE GROVE,E01008631,South Tyneside 017A,Investigation complete; no suspect identified
84fe48b1fcdaad8443c723b8fe74cf92908947ac4e30377539cb70a9907c2bbb,2021-05,Northumbria Police,Northumbria Police,-1.409116,54.894490,On or near Park/Open Space,E01008760,Sunderland 018A,Investigation complete; no suspect identified
9d89b72b727cb720f10bcfad1bef0a458a36b350836bae70794f18fc45c2c3b7,2021-05,Northumbria Police,Northumbria Police,-1.668796,55.011991,On or near PETHERTON COURT,E01008294,Newcastle upon Tyne 001A,Investigation complete; no suspect identified
9207ce8bf80c62a9128f7e080ea64755cc5156054d063605f7e5614835822156,2021-05,Northumbria Police,Northumbria Police,-1.384675,54.868506,On or near ROTHBURY,E01008767,Sunderland 031B,Offender given a caution
617133f901e84b0733d140477f2ddf7a50f452f214f1617f2ef63fdae8c2ca13,2021-05,Northumbria Police,Northumbria Police,-1.460221,54.871489,On or near MCCLAREN WAY,E01032483,Sunderland 032F,Investigation complete; no suspect identified
473b325fdf43bb9adf4771cab05b591b1f9c52177e65b2c81772ad07bac52260,2021-05,Northumbria Police,Northumbria Police,-1.430887,54.805618,On or near COTHERSTONE COURT,E01008746,Sunderland 036D,Investigation complete; no suspect identified
219a383a1a1c1c9264b25e3cda70d831a4223b6dac74a5108b7396a4ad0e63b9,2021-05,Northumbria Police,Northumbria Police,-1.656851,54.995234,On or near DEEPDALE CRESCENT,E01008380,Newcastle upon Tyne 008G,Investigation complete; no suspect identified
dd71cb689ba4b98092bc75235692b6df88ac86582f4654ec9864ed799bbdbd52,2021-05,Northumbria Police,Northumbria Police,-1.451010,54.912911,On or near LABURNUM GROVE,E01008697,Sunderland 008E,Investigation complete; no suspect identified
73610553fa0499f2d4f89036928adb725b879092a0715106ad54bd7f9ef1d91d,2021-05,Northumbria Police,Northumbria Police,-1.571168,54.947982,On or near Parking Area,E01008215,Gateshead 003B,Investigation complete; no suspect identified
478a765ae823c45c05a087ca4af1a47e27411c930fd3b18b45ffa3a9ec94ab67,2021-05,Northumbria Police,Northumbria Police,-1.363985,54.875256,On or near BURLAWN CLOSE,E01008764,Sunderland 028B,Investigation complete; no suspect identified
cd835ca16e6cc001a33d5e55aaa36157b1fa9c22d45b512ee8a5adb380a116cd,2021-05,Northumbria Police,Northumbria Police,-1.400357,54.908969,On or near DRYBOROUGH STREET,E01008700,Sunderland 013A,Investigation complete; no suspect identified
e952e09b1d57f596ab617757eae7fb81c06358493dabcd93f8ac59fc1741b416,2021-05,Northumbria Police,Northumbria Police,-1.409116,54.894490,On or near Park/Open Space,E01008760,Sunderland 018A,Investigation complete; no suspect identified
129f1231c860b861357c6b10b6fe3fdd29d3eb7a98806d184bee0da73a049371,2021-05,Northumbria Police,Northumbria Police,-1.612959,54.972619,On or near Nightclub,E01033543,Newcastle upon Tyne 024G,Investigation complete; no suspect identified
66953057b2ff9bb1fccf3323f8a3070cd05220421ac0b3054b6e9c5a8768b5aa,2021-05,Northumbria Police,Northumbria Police,-1.497619,54.864001,On or near HUNTER STREET,E01008793,Sunderland 030A,Investigation complete; no suspect identified
fe2e77043c702e7aee760a3045ba4fc5da82a4a42cbad71fff344b3208349c9c,2021-05,Northumbria Police,Northumbria Police,-1.372293,54.909268,On or near LOW STREET,E01008703,Sunderland 013B,Investigation complete; no suspect identified
5deab5c8a21cca2d780692629f6ad8afa81673ea87dadb76d61b0142bbb520e2,2021-05,Northumbria Police,Northumbria Police,-1.384256,54.905204,On or near BROUGHAM STREET,E01008703,Sunderland 013B,Investigation complete; no suspect identified
fc576ed66d145dbf9b571a2626656bb9bfef7549cfdff7927cdc646bb3d91780,2021-05,Northumbria Police,Northumbria Police,-1.441480,55.013101,On or near NORTH KING STREET,E01008559,North Tyneside 017C,Investigation complete; no suspect identified
cd8c8619ba4a99f316111d44914697fca2d91fec0af333be56e36f521bc49265,2021-05,Northumbria Police,Northumbria Police,-1.457245,54.997878,On or near HEDLEY ROAD,E01008545,North Tyneside 027E,Investigation complete; no suspect identified
002d1b0beba188e34cf96bd73d47c9544ae7f09c690fea50c0ec72c634464fdc,2021-05,Northumbria Police,Northumbria Police,-1.559247,54.928763,On or near LEAM LANE,E01008877,Sunderland 007D,Investigation complete; no suspect identified
4fd9aa4c9a8a49417aa81fab89960e94fe422fd62fc8c0ffd445dfa41d96a8dc,2021-05,Northumbria Police,Northumbria Police,-1.614445,54.974044,On or near BLACKETT STREET,E01008397,Newcastle upon Tyne 024C,Investigation complete; no suspect identified
1e82bbd457ae649105efe47ebdab27ee4a36013866a18ebaa1fe609069903156,2021-05,Northumbria Police,Northumbria Police,-1.430542,54.992643,On or near DERBY TERRACE,E01008667,South Tyneside 002D,Investigation complete; no suspect identified
08edf01bed42c9ed8e19c58c1be7b06571e1e1e643d4316515666f3f5ff909f2,2021-05,Northumbria Police,Northumbria Police,-1.536850,55.212669,On or near Supermarket,E01027451,Northumberland 008E,Suspect charged
3a8d4e289bb204ba7f9185bb75c2c28c080bac35956b5d5ac6f5f4b1d2c29b4c,2021-05,Northumbria Police,Northumbria Police,-1.450595,54.890695,On or near Pedestrian Subway,E01008729,Sunderland 021A,Investigation complete; no suspect identified
ab65cc0c1e7d3b85546e3eb9fe90e5db86636f1783a0a38c909bbf58eaa7a472,2021-05,Northumbria Police,Northumbria Police,-1.562237,55.078754,On or near WELDON ROAD,E01027395,Northumberland 028A,Investigation complete; no suspect identified
068c6597c104544954ad81bfa28ed97b009c5277445173b24cc25305364b9b67,2021-05,Northumbria Police,Northumbria Police,-1.377925,54.915273,On or near DIXON'S SQUARE,E01008791,Sunderland 006F,Investigation complete; no suspect identified
3316d26f4b4a227075c2e9fb6240434a8d2c25b01e4d65c2a03a0a7a2992b769,2021-05,Northumbria Police,Northumbria Police,-1.635408,55.012255,On or near Supermarket,E01008353,Newcastle upon Tyne 006A,Investigation complete; no suspect identified
c644d6f6256fc59b8553efb22af06052b77a1afc88523a4eaf6068113add6c4c,2021-05,Northumbria Police,Northumbria Police,-1.566925,55.036266,On or near Shopping Area,E01008479,North Tyneside 008D,Investigation complete; no suspect identified
5f68ce6f372c0b5c570ae6755ca627d3ab71fa5665c45c51dec31ff3b653677a,2021-05,Northumbria Police,Northumbria Police,-1.536850,55.212669,On or near Supermarket,E01027451,Northumberland 008E,Investigation complete; no suspect identified
e38f56039b633a7b80ff3d147abe994fa632c356b1a374a029dfa514764addc3,2021-05,Northumbria Police,Northumbria Police,-1.599108,54.920310,On or near WOODFORD,E01008189,Gateshead 023A,Investigation complete; no suspect identified
842b2b3966e42e5c42aadaacd5124083f12c9b80c7ac269fa2eab1c050df5b29,2021-05,Northumbria Police,Northumbria Police,-1.579847,54.895649,On or near BEACONSFIELD TERRACE,E01008175,Gateshead 026D,Investigation complete; no suspect identified
f84684e4d497a8f0c25570e8ea441dfb30d9022229b0caa86096e899eb290699,2021-05,Northumbria Police,Northumbria Police,-1.686085,54.988592,On or near TIRRIL PLACE,E01008345,Newcastle upon Tyne 019C,Investigation complete; no suspect identified
2bca271c61f2833b8676324fcb7013201a1bd0f3aa8a390a0b3104738ec2d2d8,2021-05,Northumbria Police,Northumbria Police,-1.457163,54.911204,On or near HYLTON GRANGE,E01008695,Sunderland 008C,Suspect charged
6319777d2b4d8313d2d16610319c055ece47b8d238f68bb671aa3d95fab7eaa7,2021-05,Northumbria Police,Northumbria Police,-1.575288,54.924381,On or near HIGH STREET,E01008225,Gateshead 021D,Investigation complete; no suspect identified
16faff057d0b1741e1342d61ce35bfd0ffe3200ee7b0c12dc125b23d67606aa3,2021-05,Northumbria Police,Northumbria Police,-1.575288,54.924381,On or near HIGH STREET,E01008225,Gateshead 021D,Investigation complete; no suspect identified
054e3bb0f544a8a7db1cf05c1a9ed60bc1ad88dca95e385440dec57f3a23126a,2021-05,Northumbria Police,Northumbria Police,-1.413636,54.864524,On or near KNOLLSIDE CLOSE,E01008770,Sunderland 031C,Investigation complete; no suspect identified
51b502189ca52bf4211f11fd8d5202ceb45d536fe5b4fa02e0ed6acee45e5f31,2021-05,Northumbria Police,Northumbria Police,-1.499097,55.026256,On or near NEW YORK ROAD,E01008552,North Tyneside 009A,Investigation complete; no suspect identified
27f5f5b38b8c62a5e2aef467f58f6002884a9e7722c4858d2149e7d35c46e455,2021-05,Northumbria Police,Northumbria Police,-1.441020,55.042826,On or near ESPLANADE PLACE,E01008584,North Tyneside 006A,Investigation complete; no suspect identified
159f9c92ddb6971fd8584403d3d81c7bdf9b72ac6972a9e1e86535911417fec4,2021-05,Northumbria Police,Northumbria Police,-1.566181,54.974735,On or near RENWICK STREET,E01008388,Newcastle upon Tyne 028A,Investigation complete; no suspect identified
3e50cf8b082c6c8dba6aa9b6dda393fea677714b480e15baf61eaec9532d568a,2021-05,Northumbria Police,Northumbria Police,-1.519778,55.188287,On or near BRENTWOOD AVENUE,E01027541,Northumberland 009A,Investigation complete; no suspect identified
543f9710d40408f7f33ea340f8e0ea5e8f6638178617e155d70736a37f4c7f08,2021-05,Northumbria Police,Northumbria Police,-1.654939,54.995894,On or near MOORVALE LANE,E01008380,Newcastle upon Tyne 008G,Investigation complete; no suspect identified
9f15a0c4da11d3bec1adad5499f922091d1fb7e1fe64900bcb9f9f587a23f12c,2021-05,Northumbria Police,Northumbria Police,-1.612740,54.974308,On or near Shopping Area,E01008397,Newcastle upon Tyne 024C,Investigation complete; no suspect identified
84a1a1c03ab2a85421add728077bb3bad4822591a15bce2690c1d844b71754b0,2021-05,Northumbria Police,Northumbria Police,-1.458105,55.000137,On or near Pedestrian Subway,E01008545,North Tyneside 027E,Investigation complete; no suspect identified
e984564f67b59fe6564fd77832f6cbdd7d0c01e027940da23e1c2d2bb02bad4f,2021-05,Northumbria Police,Northumbria Police,-1.559831,54.878172,On or near MORNINGSIDE,E01008864,Sunderland 025E,Investigation complete; no suspect identified
80fd1b1d0049b36a56a59bc5a30c5ca2dee0734dd232298871b12096316eabd2,2021-05,Northumbria Police,Northumbria Police,-1.583955,55.012926,On or near HOLLINGTON AVENUE,E01008514,North Tyneside 019D,Investigation complete; no suspect identified
718f45dbc52f7bc1284c139f57086f0034402a50948fc52aa603c85a7f6c73a2,2021-05,Northumbria Police,Northumbria Police,-1.509155,54.895519,On or near STATION ROAD,E01008851,Sunderland 017E,Investigation complete; no suspect identified
639f88b620eecdea1c6352e523faaf3f4145df97fe65f520ad2c73a8d8995580,2021-05,Northumbria Police,Northumbria Police,-1.545578,54.941168,On or near Supermarket,E01008281,Gateshead 015E,Investigation complete; no suspect identified
4534e608588b93160980ad45c5c195169dd79be16aef3e19a8e99bdefa5df1f7,2021-05,Northumbria Police,Northumbria Police,-1.626904,55.047383,On or near NETHERTON GARDENS,E01008579,North Tyneside 004B,Investigation complete; no suspect identified
3b88966a3692b5bc2d6a83f6dfdd50135337913400ad936b0325f8f935188e1d,2021-05,Northumbria Police,Northumbria Police,-1.445349,55.003593,On or near DUKE STREET,E01008544,North Tyneside 027D,Investigation complete; no suspect identified
46b67832bf70fd6acae2daaa84e9dd2cfee8660cba278d51ea7dff08756a2b57,2021-05,Northumbria Police,Northumbria Police,-1.498618,54.999394,On or near LISLE GROVE,E01008510,North Tyneside 026C,Investigation complete; no suspect identified
9e05db0d2dd9e58ced7b21bdfa103b161768c1e42f6d78e10824aeb435bb9070,2021-05,Northumbria Police,Northumbria Police,-1.570770,54.988240,On or near WHITEFIELD TERRACE,E01008360,Newcastle upon Tyne 018C,Investigation complete; no suspect identified
cc93d3e0b8f6cb8d885e96c7d4c59de1496c53df6578787a7ffb1b6c0a271e2b,2021-05,Northumbria Police,Northumbria Police,-1.656820,54.989681,On or near Pedestrian Subway,E01008450,Newcastle upon Tyne 016B,Investigation complete; no suspect identified
58926444874edc96ec343dcab077addb7e357709fad2c32857de80496531ca41,2021-05,Northumbria Police,Northumbria Police,-1.543545,54.953930,On or near Supermarket,E01008244,Gateshead 003D,Investigation complete; no suspect identified
2943952a14207000a0cba05a26a543cdc32d5f39237bc395be4d23ff80c4c66c,2021-05,Northumbria Police,Northumbria Police,-1.467014,54.948344,On or near DUNELM GRANGE,E01008611,South Tyneside 021B,Investigation complete; no suspect identified
6cdd3f9ec88697f64e84b630ed3ae4665692d71db1403277feec489370e93b14,2021-05,Northumbria Police,Northumbria Police,-1.476065,55.012267,On or near GUNNERTON PLACE,E01008492,North Tyneside 023E,Investigation complete; no suspect identified
06fface028fb2cddd9557c8f38bcc475b7467ea04fcf350383c60a764736ffb1,2021-05,Northumbria Police,Northumbria Police,-1.439268,55.043860,On or near PROMENADE,E01008584,North Tyneside 006A,Investigation complete; no suspect identified
01879cdab78ccb9ab284fa928360e5f512ad3b714f0f6049176125b97fdec219,2021-05,Northumbria Police,Northumbria Police,-1.425108,54.962738,On or near SOANE GARDENS,E01008691,South Tyneside 019D,Investigation complete; no suspect identified
d6e53b2ddab5ed2b15c983e988b82d5ea47b33fd9a7fcfaeb5b9456966aa3d4c,2021-05,Northumbria Police,Northumbria Police,-1.753755,54.993501,On or near MOUNT PLEASANT COURT,E01008401,Newcastle upon Tyne 014B,Investigation complete; no suspect identified
6b65d785b447baa055b514e5863fc410db30c435c65a5805289d13b8e714b1b6,2021-05,Northumbria Police,Northumbria Police,-1.756041,54.969557,On or near SOUTH GROVE,E01008247,Gateshead 001B,Investigation complete; no suspect identified
ce4fa977f5b648a05b4ec12762007a5cd113b5ac86cc4e999ec3134c47aabe6e,2021-05,Northumbria Police,Northumbria Police,-1.647638,55.015616,On or near STRATHEARN WAY,E01008337,Newcastle upon Tyne 003B,Investigation complete; no suspect identified
6a5d8d75707ea186ce5f8a4c64abc5073b3f4ef0d39243f7426e48542ccb16ef,2021-05,Northumbria Police,Northumbria Police,-1.452167,54.968973,On or near EBOR STREET,E01008669,South Tyneside 012B,Investigation complete; no suspect identified
5470461a9551e82f297511e80da01314d19dd2fac4b4729b491893f714cef8ea,2021-05,Northumbria Police,Northumbria Police,-1.382217,54.907998,On or near BRIDGE STREET,E01008703,Sunderland 013B,Investigation complete; no suspect identified
19b7e68b8f05b44114b05b4d016992ee9c5e47ab174e31fccce50f361c453ef4,2021-05,Northumbria Police,Northumbria Police,-1.671682,55.160161,On or near BEECH AVENUE,E01027461,Northumberland 016E,Investigation complete; no suspect identified
5a8e975760cc3bcb3fb67f61681b4e9b4bc7400c2af6e52aa1509c7227f0ab56,2021-05,Northumbria Police,Northumbria Police,-1.416690,54.868852,On or near WARDEN LAW LANE,E01008802,Sunderland 029D,Investigation complete; no suspect identified
7ba57a9616a628e9f0177aba232a2f826637560768c8c889e065a5df63996384,2021-05,Northumbria Police,Northumbria Police,-1.575848,54.890477,On or near RADCLIFFE STREET,E01008174,Gateshead 026C,Investigation complete; no suspect identified
5d14b0817f9aa421d4b0880917bf78de784d16adcf9f92ee7c3a85c5e565639d,2021-05,Northumbria Police,Northumbria Police,-1.489644,54.958811,On or near HAUGHTON CRESCENT,E01008632,South Tyneside 017B,Investigation complete; no suspect identified
5d14b0817f9aa421d4b0880917bf78de784d16adcf9f92ee7c3a85c5e565639d,2021-05,Northumbria Police,Northumbria Police,-1.489644,54.958811,On or near HAUGHTON CRESCENT,E01008632,South Tyneside 017B,Investigation complete; no suspect identified
8886fdd61f393e8d9ac81fea359dcd880fe6240f40abb0b4bcb92170cb676363,2021-05,Northumbria Police,Northumbria Police,-1.555403,54.951970,On or near Bus/Coach Station,E01008215,Gateshead 003B,Offender given a caution
ad4debf3a059e6e8df347918cf24df708fcf3ac13c65b005111f9b56aad9b90f,2021-05,Northumbria Police,Northumbria Police,-1.449575,55.005491,On or near PRUDHOE STREET BACK,E01008544,North Tyneside 027D,Suspect charged
ad4debf3a059e6e8df347918cf24df708fcf3ac13c65b005111f9b56aad9b90f,2021-05,Northumbria Police,Northumbria Police,-1.449575,55.005491,On or near PRUDHOE STREET BACK,E01008544,North Tyneside 027D,Suspect charged
2d561124da251bd5ad2fa8638f58df959e44302f186b5b07e5383243a04c406e,2021-05,Northumbria Police,Northumbria Police,-1.680933,55.003648,On or near SHAWDON CLOSE,E01008457,Newcastle upon Tyne 004C,Investigation complete; no suspect identified
19694b30e9ae12ad0e726f798934aabe976cdb9443c8a568bb3e285a8dce459e,2021-05,Northumbria Police,Northumbria Police,-1.371506,54.931748,On or near SEABURN GARDENS,E01008723,Sunderland 002A,Investigation complete; no suspect identified
8764517d67d4a72fb3fc108f13fd8994936b5006f0f44fc86bb868cb8ea428f6,2021-05,Northumbria Police,Northumbria Police,-1.621161,54.969293,On or near WATERLOO STREET,E01033554,Newcastle upon Tyne 024I,Suspect charged
ed4954a4a879fe7836cb40401d8099e41d95b21bac702f7ac6734eb8884a11f6,2021-05,Northumbria Police,Northumbria Police,-1.608580,54.968373,On or near SANDHILL,E01033543,Newcastle upon Tyne 024G,Investigation complete; no suspect identified
fd5730939c13dad2ee9e26074964864f2270558ad7c561cb0e323de500f9c7d3,2021-05,Northumbria Police,Northumbria Police,-1.698251,55.010486,On or near LOWBIGGIN,E01008460,Newcastle upon Tyne 004F,Investigation complete; no suspect identified
fd5730939c13dad2ee9e26074964864f2270558ad7c561cb0e323de500f9c7d3,2021-05,Northumbria Police,Northumbria Police,-1.698251,55.010486,On or near LOWBIGGIN,E01008460,Newcastle upon Tyne 004F,Investigation complete; no suspect identified
fd5730939c13dad2ee9e26074964864f2270558ad7c561cb0e323de500f9c7d3,2021-05,Northumbria Police,Northumbria Police,-1.698251,55.010486,On or near LOWBIGGIN,E01008460,Newcastle upon Tyne 004F,Suspect charged
fd5730939c13dad2ee9e26074964864f2270558ad7c561cb0e323de500f9c7d3,2021-05,Northumbria Police,Northumbria Police,-1.698251,55.010486,On or near LOWBIGGIN,E01008460,Newcastle upon Tyne 004F,Suspect charged
72924b6f88d1109679a56cdf3ec67893c4ca2cb6bc2af85d2b57f374d348a109,2021-05,Northumbria Police,Northumbria Police,-1.600938,55.160867,On or near CROSSWAY,E01027534,Northumberland 017C,Investigation complete; no suspect identified
2b9e8ff85e57a1646df6a67ec839eb7c0d631d85ea238f2f233b9653f0ed331a,2021-05,Northumbria Police,Northumbria Police,-1.626815,54.970982,On or near HIGH SWINBURNE PLACE,E01033554,Newcastle upon Tyne 024I,Suspect charged
277c76962f798a798e3b3d1266772099c607debfb485cb30292999b5ac7faddf,2021-05,Northumbria Police,Northumbria Police,-1.587764,54.949442,On or near LEYTON PLACE,E01008204,Gateshead 011D,Investigation complete; no suspect identified
f94472daad00bedd015279cc1ac48d81b83e02339ffc84d3abb29567265bf593,2021-05,Northumbria Police,Northumbria Police,-1.401799,54.928522,On or near EYEMOUTH LANE,E01008712,Sunderland 004A,Investigation complete; no suspect identified
842cb2b4925feead7f2343b7869585e437fcebd9d3b529b6beed5f105033d0b0,2021-05,Northumbria Police,Northumbria Police,-1.505680,55.121788,On or near MILLCROFT COURT,E01027442,Northumberland 023E,Investigation complete; no suspect identified
4ef8a46f2e2a71fd77a46e447fd8d2a3da7838ddee980a2beae97ab6665db9ce,2021-05,Northumbria Police,Northumbria Police,-1.617588,54.942512,On or near MARKET WAY,E01008259,Gateshead 007D,Investigation complete; no suspect identified
75f22ef28f37636890fc377243acbac9032acfe0589697fd3b503a8028ec08ae,2021-05,Northumbria Police,Northumbria Police,-1.442528,55.043489,On or near SOUTH PARADE,E01008584,North Tyneside 006A,Investigation complete; no suspect identified
982a8c5130b79ae78b92ab360381c00fb48861b7366883134aec14e770fd2031,2021-05,Northumbria Police,Northumbria Police,-1.446171,55.042598,On or near Supermarket,E01008584,North Tyneside 006A,Investigation complete; no suspect identified
2ece3805e8ac39b9b49ac97dfd33858ddfdb337e745032e7054ae867eedd3aec,2021-05,Northumbria Police,Northumbria Police,-1.587882,55.131709,On or near Sports/Recreation Area,E01027515,Northumberland 020A,Investigation complete; no suspect identified
4ed6d64a1c60fa5c85887c72ab93677f76149106f601f7c017d354b3d7fb50be,2021-05,Northumbria Police,Northumbria Police,-1.462486,54.948395,On or near Parking Area,E01008613,South Tyneside 021D,Investigation complete; no suspect identified
1f4eb530d94d4ac686092588eeb5cd626890707d4b55b8a41b9b9bed01fd614f,2021-05,Northumbria Police,Northumbria Police,-1.704153,54.988241,On or near THE GARTH,E01008329,Newcastle upon Tyne 015F,Investigation complete; no suspect identified
f6afcafbe77d74fa8bc95c0813979b22bcd5de9b045c2bc5fd86fc63750352cb,2021-05,Northumbria Police,Northumbria Police,-1.625505,54.970780,On or near SWINBURNE PLACE,E01033554,Newcastle upon Tyne 024I,Investigation complete; no suspect identified
3071a64057cdbd0d4f37d6091b2654f66d5d354f8a45088d670f8175b6e7628b,2021-05,Northumbria Police,Northumbria Police,-1.523509,54.913244,On or near Bus/Coach Station,E01008858,Sunderland 009D,Investigation complete; no suspect identified
8bcf1f150fd6a403d8dff4487469edceb350976b748a755669bc10b7dbe0e1d4,2021-05,Northumbria Police,Northumbria Police,-1.401094,54.903464,On or near LUMLEY STREET,E01008707,Sunderland 011D,Investigation complete; no suspect identified
c75c04a078dba0db0a996f61be9d35b6b6d8199dee8d85a77fa030a04baa11a3,2021-05,Northumbria Police,Northumbria Police,-1.723899,54.991720,On or near Pedestrian Subway,E01008402,Newcastle upon Tyne 014C,Investigation complete; no suspect identified
6bcd54f4e5f4a1a210f6abe025b2d7cea5bee0b04769bf1a8d23f0e64ccf119a,2021-05,Northumbria Police,Northumbria Police,-1.491654,55.024743,On or near GREENLEA,E01008488,North Tyneside 015A,Investigation complete; no suspect identified
589aba1c79e2bdeb75a5c44a548164db03de339d577202f8dd811bb056eba683,2021-05,Northumbria Police,Northumbria Police,-1.520544,55.028769,On or near BENTON ROAD,E01032647,North Tyneside 011E,Suspect charged
a28693a7cf531ec57bc4a779fb0bcd1b513bc2547ed69e0db9f388bf7c48ad7b,2021-05,Northumbria Police,Northumbria Police,-1.609733,54.986367,On or near BURDON TERRACE,E01008370,Newcastle upon Tyne 017C,Investigation complete; no suspect identified
eecb9ed479787935a70da39b3b45074ec22cff84033c969778327c024b3df9b8,2021-05,Northumbria Police,Northumbria Police,-1.520544,55.028769,On or near BENTON ROAD,E01032647,North Tyneside 011E,Suspect charged
e9215112fe1d730915cde67c551133b63984259afb20c9d9fae7b0882bda5c1f,2021-05,Northumbria Police,Northumbria Police,-1.466434,54.836433,On or near SHAKESPEARE STREET,E01008717,Sunderland 034D,Investigation complete; no suspect identified
4918d2e5b784159ada3cb15e5e4ef31c79147c68b52756bac61e9bddee983cb0,2021-05,Northumbria Police,Northumbria Police,-1.520544,55.028769,On or near BENTON ROAD,E01032647,North Tyneside 011E,Suspect charged
e2c89614097d164786043238304612d7f1674efa718fae4db08b0056089d4d3a,2021-05,Northumbria Police,Northumbria Police,-1.414264,54.992116,On or near TADEMA ROAD,E01008648,South Tyneside 004B,Investigation complete; no suspect identified
f21db47cbff28a2d708f1822b2a310a7aac440708e4ab32a04965a69d7e5c6bb,2021-05,Northumbria Police,Northumbria Police,-1.384328,54.894358,On or near CORBY HALL DRIVE,E01008740,Sunderland 022A,Investigation complete; no suspect identified
cfa8b1a8f420a4b52f9f66f1b423dbac555681b42d3aa3cb38bee4947e70ca62,2021-05,Northumbria Police,Northumbria Police,-1.418190,54.991901,On or near ALDWYCH STREET,E01008675,South Tyneside 003B,Investigation complete; no suspect identified
542f6a02efcc563c65b304e1436406a25e24aa88ea224dab74106ba2a604bcaa,2021-05,Northumbria Police,Northumbria Police,-1.543545,54.953930,On or near Supermarket,E01008244,Gateshead 003D,Investigation complete; no suspect identified
6f0272ef165af3a632c5448b624385422f8c5ba9721c3ada852b18c667afe767,2021-05,Northumbria Police,Northumbria Police,-1.547037,55.062748,On or near HAZLITT PLACE,E01027436,Northumberland 032E,Suspect charged
6f0272ef165af3a632c5448b624385422f8c5ba9721c3ada852b18c667afe767,2021-05,Northumbria Police,Northumbria Police,-1.547037,55.062748,On or near HAZLITT PLACE,E01027436,Northumberland 032E,Investigation complete; no suspect identified
6f0272ef165af3a632c5448b624385422f8c5ba9721c3ada852b18c667afe767,2021-05,Northumbria Police,Northumbria Police,-1.547037,55.062748,On or near HAZLITT PLACE,E01027436,Northumberland 032E,Suspect charged
6f0272ef165af3a632c5448b624385422f8c5ba9721c3ada852b18c667afe767,2021-05,Northumbria Police,Northumbria Police,-1.547037,55.062748,On or near HAZLITT PLACE,E01027436,Northumberland 032E,Investigation complete; no suspect identified
6f0272ef165af3a632c5448b624385422f8c5ba9721c3ada852b18c667afe767,2021-05,Northumbria Police,Northumbria Police,-1.547037,55.062748,On or near HAZLITT PLACE,E01027436,Northumberland 032E,Suspect charged
6f0272ef165af3a632c5448b624385422f8c5ba9721c3ada852b18c667afe767,2021-05,Northumbria Police,Northumbria Police,-1.547037,55.062748,On or near HAZLITT PLACE,E01027436,Northumberland 032E,Suspect charged
6f0272ef165af3a632c5448b624385422f8c5ba9721c3ada852b18c667afe767,2021-05,Northumbria Police,Northumbria Police,-1.547037,55.062748,On or near HAZLITT PLACE,E01027436,Northumberland 032E,Investigation complete; no suspect identified
6f0272ef165af3a632c5448b624385422f8c5ba9721c3ada852b18c667afe767,2021-05,Northumbria Police,Northumbria Police,-1.547037,55.062748,On or near HAZLITT PLACE,E01027436,Northumberland 032E,Suspect charged
9202e0364d5ac753f4574f788828bc1a5c4eb9486abf295d5feb824079111cf4,2021-05,Northumbria Police,Northumbria Police,-1.480187,55.010334,On or near SIMONBURN AVENUE,E01008492,North Tyneside 023E,Investigation complete; no suspect identified
7ee940decbb96d3e4b4872b6c9613d365457a28850140d4c56ebc19222959a7b,2021-05,Northumbria Police,Northumbria Police,-1.663083,54.971573,On or near BENWELL LANE,E01008334,Newcastle upon Tyne 029D,Investigation complete; no suspect identified
f189d2f6b0a462b3e3619085568ea7e012cbe42d4f0668dc2ddb9aed5fb29465,2021-05,Northumbria Police,Northumbria Police,-1.495528,54.841769,On or near Parking Area,E01008755,Sunderland 033E,Investigation complete; no suspect identified
0193dfb41fd3be4c5b164e6e7d7c67e10a1de2b8c0bab7cb145f416840025498,2021-05,Northumbria Police,Northumbria Police,-1.686878,54.954922,On or near SANDS ROAD,E01008262,Gateshead 009A,Investigation complete; no suspect identified
c02d2c003be8ee4487b894acebff6659a60776eeefc7047e4d8fb2f485dafece,2021-05,Northumbria Police,Northumbria Police,-2.102471,54.969848,On or near BATTLE HILL,E01027490,Northumberland 035C,Investigation complete; no suspect identified
818596a5c807d955b106025686ba95be6470c64ac84a743001084bad003968d9,2021-05,Northumbria Police,Northumbria Police,-1.548675,54.937809,On or near RENNINGTON,E01008282,Gateshead 015F,Investigation complete; no suspect identified
672425a7bd433a6cd0b673620b109f79d1b950327f075b7bbd6eedfeba61bfe9,2021-05,Northumbria Police,Northumbria Police,-1.608306,54.964391,On or near FLETCHER ROAD,E01008168,Gateshead 027D,Investigation complete; no suspect identified
91e175eeef7257ef8a679870201a4646bc727c75e3b3dc204be35ae70464d239,2021-05,Northumbria Police,Northumbria Police,-1.575731,54.956517,On or near PATTINSON GARDENS,E01008214,Gateshead 003A,Investigation complete; no suspect identified
c1fdb4b867483f09a4a326939a649a181f12c3c09d07cbba8bf5d2c82a371adf,2021-05,Northumbria Police,Northumbria Police,-1.430800,55.030746,On or near GRAND PARADE,E01008496,North Tyneside 010B,Suspect charged
b4836fc907afc0822f43d5f72a4c028c2c9e289d43753953b0a215b999aabe86,2021-05,Northumbria Police,Northumbria Police,-1.398922,54.919476,On or near SUDDICK STREET,E01008709,Sunderland 005B,Suspect charged
2379568539b997cf9aded4a8dff6643b4e95912dff6f57fadf76196056404dcb,2021-05,Northumbria Police,Northumbria Police,-1.664657,55.002014,On or near KENTON LANE,E01008295,Newcastle upon Tyne 008A,Investigation complete; no suspect identified
7b288c7c0fd8920b6773cb7875f111da0ae3b35d03a2d4a3ba34211b99353ae0,2021-05,Northumbria Police,Northumbria Police,-1.845360,54.961068,On or near Petrol Station,E01027500,Northumberland 038D,Investigation complete; no suspect identified
7b288c7c0fd8920b6773cb7875f111da0ae3b35d03a2d4a3ba34211b99353ae0,2021-05,Northumbria Police,Northumbria Police,-1.845360,54.961068,On or near Petrol Station,E01027500,Northumberland 038D,Investigation complete; no suspect identified
162a126435e43245318c6591ea06e104cfab0705915301e652af12a284e7c8e7,2021-05,Northumbria Police,Northumbria Police,-1.575475,54.977823,On or near GLENDALE TERRACE,E01008392,Newcastle upon Tyne 026F,Investigation complete; no suspect identified
2a786f982e4b2f439405f8aec3ccd709f775894220b9512b6df35d00ca2a48dd,2021-05,Northumbria Police,Northumbria Police,-1.403189,54.901003,On or near WOLSELEY TERRACE,E01008832,Sunderland 018C,Investigation complete; no suspect identified
18bb626fed1de84fc1cc1d8a7027dfef69eca7c630d82e1493e3112cb854459c,2021-05,Northumbria Police,Northumbria Police,-1.658322,54.974813,On or near COLSTON STREET,E01008332,Newcastle upon Tyne 029B,Investigation complete; no suspect identified
04ed2b9d2731202841b750bffde73c474589df3bea6d87a89bea022013b2bcbd,2021-05,Northumbria Police,Northumbria Police,-1.384256,54.905204,On or near BROUGHAM STREET,E01008703,Sunderland 013B,Investigation complete; no suspect identified
8bf12060d161a95345c74ab9fedf8f995f90c3779383a11bf86e322b1287b6eb,2021-05,Northumbria Police,Northumbria Police,-1.682916,54.962343,On or near RIVERSIDE WAY,E01008181,Gateshead 005C,Investigation complete; no suspect identified
08e9cce7b76f9f90d81565ed8ade127e91b5606917051257776e29ff9ae694bb,2021-05,Northumbria Police,Northumbria Police,-1.616520,55.427570,On or near BOULMER ROAD,E01027367,Northumberland 004D,Investigation complete; no suspect identified
f171d2d045497918140bc51b92d7298569c29fcde66d1fbfc5bb55cf4e27ba17,2021-05,Northumbria Police,Northumbria Police,-1.677916,54.999740,On or near STONEFOLD CLOSE,E01008298,Newcastle upon Tyne 011C,Investigation complete; no suspect identified
c27a5c42e2c6d9cb156f6d42004b1808c9023a778c275526e1ec88a0203381ae,2021-05,Northumbria Police,Northumbria Police,-1.572702,54.977023,On or near UNION ROAD,E01008392,Newcastle upon Tyne 026F,Investigation complete; no suspect identified
a11a674e3fc8c7377c2ad84734ab4169e97f105d16960d6a5cc3278ddb3b31c7,2021-05,Northumbria Police,Northumbria Police,-1.534365,54.898368,On or near Parking Area,E01008848,Sunderland 019C,Investigation complete; no suspect identified
6351fc36efe932d802fa3d5a8798ed06f984d905bed840735c7900e40cd1570e,2021-05,Northumbria Police,Northumbria Police,-1.616721,54.974644,On or near Shopping Area,E01008397,Newcastle upon Tyne 024C,Investigation complete; no suspect identified
d24ee4d3ef82f2f5b6544a27ab988f541d89f0b35488a15d0b4b353586fcf680,2021-05,Northumbria Police,Northumbria Police,-1.406515,54.925112,On or near OLD MILL ROAD,E01008817,Sunderland 004B,Offender given a caution
3e108aa89de38b0768752fead5a2c5712c4ed0f0cd21b8bd53fa4d83b19abf91,2021-05,Northumbria Police,Northumbria Police,-1.590391,54.979779,On or near STRATFORD ROAD,E01008412,Newcastle upon Tyne 023E,Investigation complete; no suspect identified
8fba922ac0b5a9990c4c275101a0de8782e604ce5ea7e6cd2cb89c9340644f51,2021-05,Northumbria Police,Northumbria Police,-1.747996,54.992150,On or near MAYFIELD AVENUE,E01008401,Newcastle upon Tyne 014B,Investigation complete; no suspect identified
096c6146b3b07c924b38d2e41186618385f83f7f946802da27edc0ec96056f21,2021-05,Northumbria Police,Northumbria Police,-1.619903,55.013187,On or near Supermarket,E01008358,Newcastle upon Tyne 002E,Investigation complete; no suspect identified
ab5d9c0dddc3201a0a0feaa95fbeccdc1ca719c300a4034841a96c7a90db49b8,2021-05,Northumbria Police,Northumbria Police,-1.607170,54.949578,On or near WINDSOR AVENUE,E01008253,Gateshead 010C,Investigation complete; no suspect identified
bfac4e4cc1d2cf8def5040a2c00683af72ad68068a06fcbb5d7c19cf6c3cb0a0,2021-05,Northumbria Police,Northumbria Police,-1.660963,54.969087,On or near JOAN STREET,E01008291,Newcastle upon Tyne 027D,Investigation complete; no suspect identified
dd57fa32fc568379e3376f49110b338ce2a11e84c11df542c45f30ffb0409197,2021-05,Northumbria Police,Northumbria Police,-1.578266,54.893298,On or near Parking Area,E01008175,Gateshead 026D,Investigation complete; no suspect identified
97c45ea4e23b77a9825bda6997b964809d679d2c87986d9d8e0af9b70f80aebf,2021-05,Northumbria Police,Northumbria Police,-1.371967,54.905150,On or near WEST LAWRENCE STREET,E01008836,Sunderland 016F,Investigation complete; no suspect identified
bfaabef0527fc14f4724987f13d259fbbb23f69aa22ba275071b2a5b9107daa6,2021-05,Northumbria Police,Northumbria Police,-1.611339,54.991611,On or near FORSYTH ROAD,E01008369,Newcastle upon Tyne 013B,Investigation complete; no suspect identified
8fcece574cd776e2205d3cf168deb2c7f9f0624c36d42394141da6d2460f3ef9,2021-05,Northumbria Police,Northumbria Police,-1.534751,54.989365,On or near CARVILLE ROAD,E01008575,North Tyneside 030E,Investigation complete; no suspect identified
44c8e5f61cfabf585844eca38d7f1fcd8ed8e1f2babbe88dc252dedeb295e6e0,2021-05,Northumbria Police,Northumbria Police,-1.584951,55.089159,On or near NAIRN ROAD,E01027404,Northumberland 028E,Investigation complete; no suspect identified
482adfaf7062bac78a8734af79acded6355dfbae4dfc80ee480fd2caaea1e11e,2021-05,Northumbria Police,Northumbria Police,-1.387978,54.903462,On or near ALBION PLACE,E01008831,Sunderland 013D,Investigation complete; no suspect identified
d4a99ed63f8a463cbb5184cd33c3128d9d24d5a45a329974f3ebeb7ba7828a58,2021-05,Northumbria Police,Northumbria Police,-1.614561,55.427528,On or near SPRINGFIELD,E01027367,Northumberland 004D,Investigation complete; no suspect identified
130e62c3a5a32cf8c2c3bc2a042b88d93e824665650ca06b556f39427374583d,2021-05,Northumbria Police,Northumbria Police,-1.549303,55.008731,On or near WHARFEDALE,E01008538,North Tyneside 025D,Suspect charged
fe8238b01a51ea534df3a39540023b75e85b7e92aedab7688549fe58488f2e47,2021-05,Northumbria Police,Northumbria Police,-1.588853,55.084463,On or near Parking Area,E01027409,Northumberland 029B,Investigation complete; no suspect identified
12a3cfe2eb02a7c9bea1edfe92d1f278e69b7ebfe8f0d934233fa911c7609e2a,2021-05,Northumbria Police,Northumbria Police,-1.512453,55.126991,On or near Parking Area,E01027415,Northumberland 023B,Suspect charged
ade69a163ef560a1875c409caef247bbb1eb68cd46ab66c765fd62186308a174,2021-05,Northumbria Police,Northumbria Police,-1.634288,55.003050,On or near ASHFIELD ROAD,E01008421,Newcastle upon Tyne 006F,Investigation complete; no suspect identified
58df3e995b6f39b2227735050ad620e9e69efcf04c21e03d684a228f25f416b7,2021-05,Northumbria Police,Northumbria Police,-1.632904,55.002264,On or near ELMFIELD GARDENS,E01008421,Newcastle upon Tyne 006F,Investigation complete; no suspect identified
d1a0768cff256411e3fa515d68714871f047ad0e9b4a135dbc1e4b71cc6c7e0d,2021-05,Northumbria Police,Northumbria Police,-2.096104,54.972360,On or near Sports/Recreation Area,E01027494,Northumberland 035G,Investigation complete; no suspect identified
3f7f7210c98f948ad64099ab86781527a8000cec9598230c58e40640133d2582,2021-05,Northumbria Police,Northumbria Police,-1.636254,55.025934,On or near HALTON WAY,E01033550,Newcastle upon Tyne 002F,Investigation complete; no suspect identified
d9c371790f28becffde9889c0c70c4d5f85a6d579aafe00ca22e1a36c5d983d9,2021-05,Northumbria Police,Northumbria Police,-1.421760,54.971870,On or near LAPWING COURT,E01008682,South Tyneside 005C,Investigation complete; no suspect identified
4c81707c8cbdc2015517d7bc95eccaa9c17afb1c9be5f47a616be8fa10601236,2021-05,Northumbria Police,Northumbria Police,-1.559271,54.929482,On or near WALLACE GARDENS,E01008227,Gateshead 021E,Investigation complete; no suspect identified
7ce7cf36d03300f049d31d32766e54f3c8ff724f7fa32f122c28422484369c85,2021-05,Northumbria Police,Northumbria Police,-1.625932,54.955100,On or near NORTHUMBERLAND STREET,E01008258,Gateshead 007C,Investigation complete; no suspect identified
5f8ed73367b1bbb468ea8b343f84c94030b2aecaa34bc48909bfca5cbe942b34,2021-05,Northumbria Police,Northumbria Police,-2.269890,54.971820,On or near Parking Area,E01027488,Northumberland 040C,Investigation complete; no suspect identified
ead1e5c23aec217ffc624f022c383e8cbfd563ab69b604eae693291a4c2a25d5,2021-05,Northumbria Police,Northumbria Police,-1.401835,54.966058,On or near SUNNIRISE,E01008622,South Tyneside 013A,Investigation complete; no suspect identified
9841c6aae3a4ab60d10daf7bb90762ee2206f3ac62b44843e6372dec434d649f,2021-05,Northumbria Police,Northumbria Police,-1.604153,54.962643,On or near Shopping Area,E01008168,Gateshead 027D,Investigation complete; no suspect identified
7ff7f2b4c5eca2042344f5cc50c5becc69a2f7fe4f907d00eec89b8d8dc641ee,2021-05,Northumbria Police,Northumbria Police,-1.448230,55.006671,On or near BOROUGH ROAD,E01008544,North Tyneside 027D,Investigation complete; no suspect identified
abfe7e382ad4fbb294e2c11470e70e80e7d2d14d5f8f30f4c925be69f21d83fc,2021-05,Northumbria Police,Northumbria Police,-1.614102,54.974025,On or near BLACKETT STREET,E01008397,Newcastle upon Tyne 024C,Investigation complete; no suspect identified
872ae51deb74c5cf258dde02d484698cf72dc0241e348b296e938a1f54fc6ffe,2021-05,Northumbria Police,Northumbria Police,-1.462350,55.003068,On or near WATERVILLE ROAD,E01008545,North Tyneside 027E,Investigation complete; no suspect identified
166310eaba3331c9b1c17034665203f8216637d8690495a8c339d6eb6a08074a,2021-05,Northumbria Police,Northumbria Police,-1.619903,55.013187,On or near Supermarket,E01008358,Newcastle upon Tyne 002E,Investigation complete; no suspect identified
060d4b78e28ccd3b1d857b61ce5dfddb2b903c921d615577c209df36601eb661,2021-05,Northumbria Police,Northumbria Police,-1.742514,54.954846,On or near LONG RIDGE ROAD,E01008278,Gateshead 022D,Investigation complete; no suspect identified
3e4713782cb1cf6f776394b80b2073547607967bd4a12420d4968befe79417a5,2021-05,Northumbria Police,Northumbria Police,-1.434569,54.927367,On or near RISHTON SQUARE,E01008839,Sunderland 003D,Investigation complete; no suspect identified
bfa6c80d9eb2b174eaae7f1766e2e5b0e789ae8fbf43ba61ef55cd6f6ac00e40,2021-05,Northumbria Police,Northumbria Police,-1.436163,54.997477,On or near EAST STREET,E01008667,South Tyneside 002D,Investigation complete; no suspect identified
0d0a792e0d5a1d2f0c0cc8b9cc55ca44582dbe1570c5f51a1457f53c5d976495,2021-05,Northumbria Police,Northumbria Police,-1.443483,54.916947,On or near ASHWOOD GROVE,E01008697,Sunderland 008E,Investigation complete; no suspect identified
b3fd136efc1719d1f053aa3586f1b21d38835d9344093d3ed901afa50af9b5d5,2021-05,Northumbria Police,Northumbria Police,-1.570770,54.988240,On or near WHITEFIELD TERRACE,E01008360,Newcastle upon Tyne 018C,Investigation complete; no suspect identified
4229a7d3385e9db943db2b9d3f6c6a72786a0c62cd3cab8a0ae28ac8708f9f0f,2021-05,Northumbria Police,Northumbria Police,-1.438417,54.974850,On or near STODDART STREET,E01008591,South Tyneside 011B,Investigation complete; no suspect identified
277f6b11576159f61f72700ff729b546dc7077a4096012e5a66fdae9e7d91f3a,2021-05,Northumbria Police,Northumbria Police,-1.510936,55.009725,On or near BRIGHTON CLOSE,E01008461,North Tyneside 021A,Offender given a caution
01e1c0ca31f9b2bf42a5e438e6e4bc7a9f6a857836e9f42f2e82929f0536dd4e,2021-05,Northumbria Police,Northumbria Police,-1.564686,54.993044,On or near BENFIELD ROAD,E01008363,Newcastle upon Tyne 012E,Investigation complete; no suspect identified
ec3d54ac6b62d2abe841808c3109bb6e33f1633ee2405a41221bd9e90240ed1f,2021-05,Northumbria Police,Northumbria Police,-1.731374,54.953564,On or near Sports/Recreation Area,E01008279,Gateshead 005E,Investigation complete; no suspect identified
db74cba12aaba9b8de707ee272ee58fcd07778b834a0d3c7eef4c7b77384a365,2021-05,Northumbria Police,Northumbria Police,-1.570680,54.936667,On or near CAMPION GARDENS,E01008230,Gateshead 018B,Investigation complete; no suspect identified
b1936dafb579f2d7d2513ffb5240f22845e8ea9040bf3c09a594bc332a2f97ec,2021-05,Northumbria Police,Northumbria Police,-1.445446,54.903468,On or near DENE VIEW CRESCENT,E01008811,Sunderland 014B,Investigation complete; no suspect identified
70058b6c47c757614a9131aea364b4a185acd425fe8b3127a99d53eb9c70182a,2021-05,Northumbria Police,Northumbria Police,-1.843246,54.966457,On or near NORTH WYLAM VIEW,E01027497,Northumberland 038A,Investigation complete; no suspect identified
118526d9853fdead44bbecc250923874c3946d7e09ad12db8547b044b98f487b,2021-05,Northumbria Police,Northumbria Police,-1.599108,54.920310,On or near WOODFORD,E01008189,Gateshead 023A,Investigation complete; no suspect identified
16114f377960d680d96a037848385721063091003a522fbeb187a984fe5554cd,2021-05,Northumbria Police,Northumbria Police,-2.483784,54.965810,On or near Sports/Recreation Area,E01027485,Northumberland 037B,Investigation complete; no suspect identified
27cd22fd2ef4d6f37ba142c88d9b05fe68bf9599698ba6fa706529e6ae4d8845,2021-05,Northumbria Police,Northumbria Police,-1.528889,54.990834,On or near VINE STREET,E01008572,North Tyneside 029A,Investigation complete; no suspect identified
bc076a65f6fc2e41d44ee3ed37c6788f5778604f359d762d7368b98bd7407b41,2021-05,Northumbria Police,Northumbria Police,-1.528889,54.990834,On or near VINE STREET,E01008572,North Tyneside 029A,Investigation complete; no suspect identified
84255f0f067fc688465822287340644f806c473f3432d759f4f3391e9787c842,2021-05,Northumbria Police,Northumbria Police,-1.625963,54.951704,On or near MORRIS STREET,E01008259,Gateshead 007D,Investigation complete; no suspect identified
abb201a580cc5384fbc2564a2330748308526fbef299c45bde64d41c1e2d19a3,2021-05,Northumbria Police,Northumbria Police,-1.625963,54.951704,On or near MORRIS STREET,E01008259,Gateshead 007D,Investigation complete; no suspect identified
b03268613e87e1f72197f05bebece2bfa9e59c4e2e9dd795556f6030da3382fb,2021-05,Northumbria Police,Northumbria Police,-1.518859,55.108056,On or near EARLSWOOD GROVE,E01027439,Northumberland 026C,Investigation complete; no suspect identified
f36684019e25402b005ba9e5b73d70130c0459b6f50b3d87cd4c48da6cb43170,2021-05,Northumbria Police,Northumbria Police,-1.605345,54.995626,On or near NORTH JESMOND AVENUE,E01008371,Newcastle upon Tyne 013C,Investigation complete; no suspect identified
980e9355a93bbd10e39f49ccf637d971276da7bce354e089e3181144e2dd64bb,2021-05,Northumbria Police,Northumbria Police,-1.614102,54.974025,On or near BLACKETT STREET,E01008397,Newcastle upon Tyne 024C,Investigation complete; no suspect identified
58e85fb7490dd53f681a2956d69f15e6957b7858a3f818bbe1ea483a3862ea7f,2021-05,Northumbria Police,Northumbria Police,-1.638816,55.042000,On or near WINDT STREET,E01008308,Newcastle upon Tyne 001D,Investigation complete; no suspect identified
11398a82fd0e1e8aff929a21853eb4205522cca50114598d9b41383cfb56ba4f,2021-05,Northumbria Police,Northumbria Police,-1.898261,55.311270,On or near KNOCKLAW PARK,E01027368,Northumberland 007B,Investigation complete; no suspect identified
c3d170b19c6e2e95e43e7f0ffcc2e3e3fd081a6fc795219f7a60fd61dc565a56,2021-05,Northumbria Police,Northumbria Police,-1.520888,54.909342,On or near SPOUT LANE,E01008853,Sunderland 009A,Investigation complete; no suspect identified
51db8e70cf3bf3a6798a4ae188427ff33f2b71cd109121cd50feabeff046e4f5,2021-05,Northumbria Police,Northumbria Police,-1.526581,55.023607,On or near CARLISLE CLOSE,E01008501,North Tyneside 018D,Investigation complete; no suspect identified
e6bb47dc9d7708b22b645ca44c018e43cbcf1f2dc4a9cfe36b0997677e2225b9,2021-05,Northumbria Police,Northumbria Police,-1.560568,55.225319,On or near WANSBECK CLOSE,E01027446,Northumberland 008D,Investigation complete; no suspect identified
655826a004fb49e04d7e417d1fb34ea803509c1be1d6f72c54f2174076a4d1d6,2021-05,Northumbria Police,Northumbria Police,-1.642471,55.012833,On or near THE MEADOWS,E01008336,Newcastle upon Tyne 003A,Investigation complete; no suspect identified
db973dd68e5d0a15244d477321af65ade630aeab1e24f5e43c71067695d0f886,2021-05,Northumbria Police,Northumbria Police,-1.485714,55.018364,On or near ALDWYCH DRIVE,E01008491,North Tyneside 015D,Investigation complete; no suspect identified
544d460458057d21395e0906d40f352e61960a4db0644b036f8b6a2c8df6d3e8,2021-05,Northumbria Police,Northumbria Police,-1.519045,55.119972,On or near JUBILEE COURT,E01027429,Northumberland 024D,Investigation complete; no suspect identified
e251a1a1d0ba5883861211c59a186f55136adb5f6a15258632acc28da8bf25c1,2021-05,Northumbria Police,Northumbria Police,-1.493674,54.865486,On or near GALASHIELS GROVE,E01008793,Sunderland 030A,Investigation complete; no suspect identified
05157395b69009b1365e900c8374330c192bbbb25abd20dcfa9bd5d6ca001c89,2021-05,Northumbria Police,Northumbria Police,-1.710306,54.982334,On or near HONISTER PLACE,E01008382,Newcastle upon Tyne 021B,Investigation complete; no suspect identified
3500e85fa5d6398317f00762623ed94ec56436f6efe9c9c5c0bc858bee415172,2021-05,Northumbria Police,Northumbria Police,-1.647647,54.971718,On or near GRAINGER PARK ROAD,E01008333,Newcastle upon Tyne 029C,Investigation complete; no suspect identified
01675542a09ea77cd1d8da7324d016207d39f44afee472f5523937f923efaf26,2021-05,Northumbria Police,Northumbria Police,-1.639337,54.952463,On or near Supermarket,E01008210,Gateshead 007B,Investigation complete; no suspect identified
3d3b2fb23bc44ee20c8110fd5cbef3f076a8d3f69d9a86491ae10e88285a1927,2021-05,Northumbria Police,Northumbria Police,-1.651772,54.986126,On or near REDEWATER ROAD,E01008452,Newcastle upon Tyne 016D,Investigation complete; no suspect identified
efb0a5feba4ecae1287774db452ba5f97bcd58fa0764203a924158409caf7fb9,2021-05,Northumbria Police,Northumbria Police,-1.596932,54.988131,On or near FARQUHAR STREET,E01008368,Newcastle upon Tyne 017B,Investigation complete; no suspect identified
0c4ac926a729d06aee4ea09caf7084d4e98baf349a3c0c8814efb595eb7a8b9b,2021-05,Northumbria Police,Northumbria Police,-1.536850,55.212669,On or near Supermarket,E01027451,Northumberland 008E,Suspect charged
c9a6116ee12f1551be565272bd32d1e71cfa3676709f43f837cc4341a2c9e99d,2021-05,Northumbria Police,Northumbria Police,-1.536850,55.212669,On or near Supermarket,E01027451,Northumberland 008E,Suspect charged
64b28d9373f78a69ef98e8c241dc4b84ae10b3ff79fc8ec0c360d06c6ecd9bff,2021-05,Northumbria Police,Northumbria Police,-1.536850,55.212669,On or near Supermarket,E01027451,Northumberland 008E,Suspect charged
64b28d9373f78a69ef98e8c241dc4b84ae10b3ff79fc8ec0c360d06c6ecd9bff,2021-05,Northumbria Police,Northumbria Police,-1.536850,55.212669,On or near Supermarket,E01027451,Northumberland 008E,Suspect charged
bde49600357b1ddfbf7df799ccb83ae667a4ff426e14bd8299743c1c4c4094fb,2021-05,Northumbria Police,Northumbria Police,-2.008707,55.763293,On or near WELL SQUARE,E01027387,Northumberland 001D,Investigation complete; no suspect identified
4d886982dbc92bbb13a34f7faff350c88a1f221cfd5d35ee46fc843add41af1e,2021-05,Northumbria Police,Northumbria Police,-1.576942,54.934802,On or near HEDGEHOPE,E01008221,Gateshead 021C,Investigation complete; no suspect identified
fd0e81a612c3229a0966c0f741fa356db951d726daf771f71b89cb46912cfe9f,2021-05,Northumbria Police,Northumbria Police,-1.569863,54.900539,On or near MOUNT ROAD,E01008222,Gateshead 025A,Investigation complete; no suspect identified
25a81b2ac32a619a2d166e3e5411a8919a15571302eb31859bae61d65e309b96,2021-05,Northumbria Police,Northumbria Police,-1.380490,54.924991,On or near MARCIA AVENUE,E01008786,Sunderland 006A,Investigation complete; no suspect identified
95de808f20db793c5b9bf22a6c35c41733d5ecfe87271067eebe63a42f229954,2021-05,Northumbria Police,Northumbria Police,-1.747655,54.966718,On or near STARGATE LANE,E01008248,Gateshead 001C,Investigation complete; no suspect identified
a49ac1f1e3b05fd8a36821b072d65ec5f5c9efbb47969f1c89e0377ce66b7db4,2021-05,Northumbria Police,Northumbria Police,-1.756252,54.970825,On or near THE CRESCENT,E01008247,Gateshead 001B,Offender given a caution
6fd4eabaab9691bf4035943380015c30aa73a62404b338253177e6f0a3bfa802,2021-05,Northumbria Police,Northumbria Police,-1.541490,54.899842,On or near ALNWICK COURT,E01008867,Sunderland 020A,Investigation complete; no suspect identified
53fa3a54ef2c31f14dadb84f8572ba53bd7f404a043c288a83419bf0f80307ed,2021-05,Northumbria Police,Northumbria Police,-1.548759,54.977772,On or near ASHBOURNE AVENUE,E01008431,Newcastle upon Tyne 020B,Suspect charged
437048417b74d374e7200dafdda378818a7f6d46619181359c6ee0fa78a04865,2021-05,Northumbria Police,Northumbria Police,-1.501703,54.866409,On or near CLAREMONT DRIVE,E01008795,Sunderland 030B,Investigation complete; no suspect identified
ac84130f2b15554f7e722d3fc70f86920037a59a9cc22ea35f0f55627eeb6d9d,2021-05,Northumbria Police,Northumbria Police,-1.579536,55.058686,On or near BURNSIDE AVENUE,E01008480,North Tyneside 002B,Investigation complete; no suspect identified
ac84130f2b15554f7e722d3fc70f86920037a59a9cc22ea35f0f55627eeb6d9d,2021-05,Northumbria Police,Northumbria Police,-1.579536,55.058686,On or near BURNSIDE AVENUE,E01008480,North Tyneside 002B,Offender given a caution
ca0c6cceefd116ff8ea76dd05cb4d1c7f03d81b975f270f723a52959f001f714,2021-05,Northumbria Police,Northumbria Police,-1.685369,55.008216,On or near EASTGARTH,E01008459,Newcastle upon Tyne 004E,Investigation complete; no suspect identified
7eeef0db3fb8806ec56b5ec74babfb8f55f2a97c51df56c5e8545388d2f0cd4b,2021-05,Northumbria Police,Northumbria Police,-1.614472,54.971249,On or near BIGG MARKET,E01033543,Newcastle upon Tyne 024G,Offender given a caution
33c022954cc4ed4f0460c9254d08e67f9dbb8bf1d971c9e49ebc5a57e08fc55b,2021-05,Northumbria Police,Northumbria Police,-1.658704,54.972136,On or near DOLPHIN STREET,E01008332,Newcastle upon Tyne 029B,Investigation complete; no suspect identified
eca1b0359a1e89533cf45da03a19ec6d218d4718454ab71b6f07b2e4ad78b07a,2021-05,Northumbria Police,Northumbria Police,-1.597819,54.972867,On or near HOWARD STREET,E01033548,Newcastle upon Tyne 023G,Investigation complete; no suspect identified
66cedaf1ae781ad40977152a62fe8bdc6f8f430df6fece082d2ad40b3b4dbad6,2021-05,Northumbria Police,Northumbria Police,-1.614472,54.971249,On or near BIGG MARKET,E01033543,Newcastle upon Tyne 024G,Investigation complete; no suspect identified
c31914c71940963d92eeaeca9bcd7be18551f950d35df821e6b158e0b71cfb0d,2021-05,Northumbria Police,Northumbria Police,-1.620821,54.968906,On or near FORTH PLACE,E01033545,Newcastle upon Tyne 024H,Investigation complete; no suspect identified
e528520a8a9f239b31637106a14636c345ae9489e18b5a596fbc1afd837cf178,2021-05,Northumbria Police,Northumbria Police,-1.448967,54.931144,On or near KENTUCKY ROAD,E01008837,Sunderland 003B,Investigation complete; no suspect identified
e528520a8a9f239b31637106a14636c345ae9489e18b5a596fbc1afd837cf178,2021-05,Northumbria Police,Northumbria Police,-1.448967,54.931144,On or near KENTUCKY ROAD,E01008837,Sunderland 003B,Suspect charged
dbb1f6412716aee67a3d6e6fca69333a930a22442f98eb89e616b06ed1983927,2021-05,Northumbria Police,Northumbria Police,-1.578801,55.009394,On or near BENTON LANE,E01008320,Newcastle upon Tyne 007C,Investigation complete; no suspect identified
9a9b26b973e65fd7943296521349c5a201566455d648ca58ece3c4f620839b3a,2021-05,Northumbria Police,Northumbria Police,-1.995577,55.756357,On or near Pedestrian Subway,E01027388,Northumberland 001E,Investigation complete; no suspect identified
2361b010d7a2f2918a99733dc38e2fd30256fb0f087c8d2c36dc3aaa26b409c3,2021-05,Northumbria Police,Northumbria Police,-1.553353,55.176041,On or near RUSKIN AVENUE,E01027533,Northumberland 013A,Investigation complete; no suspect identified
ed63f300bd0164fdac87612101db999e8d048209d690e9488435180c02be2158,2021-05,Northumbria Police,Northumbria Police,-1.756252,54.970825,On or near THE CRESCENT,E01008247,Gateshead 001B,Investigation complete; no suspect identified
4bf3869831838b713cf9461a0194c37f2c65ec4ce3815e6df3385c34f58d16ac,2021-05,Northumbria Police,Northumbria Police,-1.608236,55.005296,On or near BALMORAL TERRACE,E01008418,Newcastle upon Tyne 005C,Investigation complete; no suspect identified
fe0a0e37f9cc4b4510ac1c65d8d279b28ff84821f28be67c87cda1f8e18e15ba,2021-05,Northumbria Police,Northumbria Police,-1.556493,54.952243,On or near HIGH HOUSE GARDENS,E01008215,Gateshead 003B,Investigation complete; no suspect identified
e942476f4bba8df08fecdaf2024e02d8ae831a27fc4f76db385b2f3cde1ba499,2021-05,Northumbria Police,Northumbria Police,-1.587334,54.954841,On or near HOWE STREET,E01008164,Gateshead 027B,Investigation complete; no suspect identified
282cb4e3195177f752ed1bf777fd31fede7b34b5c71014ced754c34943ab2626,2021-05,Northumbria Police,Northumbria Police,-1.547876,54.975738,On or near WESTBOURNE AVENUE,E01008429,Newcastle upon Tyne 028D,Investigation complete; no suspect identified
38ebc0c2221008e8cb221d633da202d7b491ed32632ee63b72fbac70bc631929,2021-05,Northumbria Police,Northumbria Police,-1.570759,55.185440,On or near LINTONVILLE TERRACE,E01027529,Northumberland 010B,Investigation complete; no suspect identified
ea4fc03930f3d9a1fc87f28279e577028432ac450df6a746e7e4675ca7a28e6f,2021-05,Northumbria Police,Northumbria Police,-1.576430,54.970197,On or near GARMONDSWAY,E01008305,Newcastle upon Tyne 026D,Investigation complete; no suspect identified
836e1b384f72681083433ba98226611825822700ef3fb054dcb3f7521d55e58c,2021-05,Northumbria Police,Northumbria Police,-1.572927,55.138361,On or near Petrol Station,E01027517,Northumberland 020B,Investigation complete; no suspect identified
30fd511d9f145fc75ad02535252b593a07871d7b0480da0f08343934e452dba9,2021-05,Northumbria Police,Northumbria Police,-1.871045,54.967630,On or near BURNSIDE CLOSE,E01027496,Northumberland 036B,Investigation complete; no suspect identified
0cd5951f3322d35f5dd0b62ceaa23ad0a37ea606014f51ce3a308a69acb3503b,2021-05,Northumbria Police,Northumbria Police,-1.645188,54.974254,On or near WESTGATE ROAD,E01008333,Newcastle upon Tyne 029C,Investigation complete; no suspect identified
27a7013106a8311a212bca174bf43c18ff9117ebbb8a734fd72e066c97f1f761,2021-05,Northumbria Police,Northumbria Police,-1.624266,54.967919,On or near BLANDFORD STREET,E01033545,Newcastle upon Tyne 024H,Investigation complete; no suspect identified
4c1182c432377b16baff278328eac5568f89bb04495c599ff071054b142a6940,2021-05,Northumbria Police,Northumbria Police,-1.559278,55.018752,On or near STUDLEY VILLAS,E01008472,North Tyneside 018B,Investigation complete; no suspect identified
dab77541fc15b7b8de9eb052ef894274bb17187e334c6c61ba4d02f5d49b7a54,2021-05,Northumbria Police,Northumbria Police,-1.505827,55.037373,On or near Sports/Recreation Area,E01008567,North Tyneside 007D,Investigation complete; no suspect identified
7338ecd48acddc5dc76f18ffc45d27591303816f2ba9fede1ef507271aaf2336,2021-05,Northumbria Police,Northumbria Police,-1.526906,54.990683,On or near HOLLY AVENUE,E01008572,North Tyneside 029A,Investigation complete; no suspect identified
20e08200d6aa22b95be0f69b91f0a064d9f6b5900b7496ee4b913e517a5e81da,2021-05,Northumbria Police,Northumbria Police,-1.584710,54.977693,On or near HEATON PARK ROAD,E01008304,Newcastle upon Tyne 026C,Investigation complete; no suspect identified
b0dde451d756b3be61e86d3329adb3bd19809e04d937a1697d9aa9fd6b33b5a8,2021-05,Northumbria Police,Northumbria Police,-1.615061,54.975034,On or near Shopping Area,E01008397,Newcastle upon Tyne 024C,Investigation complete; no suspect identified
5f0d66795bead04ad6d86f11e00c7f83ce5c9f2f9dda43e55975bfafb6ad0743,2021-05,Northumbria Police,Northumbria Police,-1.612740,54.974308,On or near Shopping Area,E01008397,Newcastle upon Tyne 024C,Investigation complete; no suspect identified
d0f01f93694850f68a6ba18c75ea1ffa1000aad0323dfe8254c2bfc88ca0d0c1,2021-05,Northumbria Police,Northumbria Police,-1.438313,54.877042,On or near TILBURY GARDENS,E01008823,Sunderland 023A,Investigation complete; no suspect identified
f5f71d124e6319bc2ed409681823fcae4672921372e3e28dc99c2770f9a86199,2021-05,Northumbria Police,Northumbria Police,-1.535170,54.908355,On or near CROSSGILL,E01008880,Sunderland 010E,Investigation complete; no suspect identified
2e674518f49ac764bcdd1680c9adf5ebd38545cb05eb12b5fb9b202d90f55e3e,2021-05,Northumbria Police,Northumbria Police,-1.544751,55.003377,On or near SHERWOOD VIEW,E01008532,North Tyneside 025B,Investigation complete; no suspect identified
b4ab4ab2683373849835016b1beb96839d97fff657755e46144783a8d17851ba,2021-05,Northumbria Police,Northumbria Police,-1.615365,54.971045,On or near GRAINGER STREET,E01033543,Newcastle upon Tyne 024G,Investigation complete; no suspect identified
5fc592980304f8323f1ba4fc4a6b2361d89d42f3dbf29be6bc9cadd88e0346c2,2021-05,Northumbria Police,Northumbria Police,-1.451586,54.811896,On or near BELMONT RISE,E01008745,Sunderland 036C,Investigation complete; no suspect identified
8e9faf7c68dc4d4d5bc07471ad7491c4737effc9a4ee6ca902959861b423953c,2021-05,Northumbria Police,Northumbria Police,-1.613245,54.955861,On or near THE MILL,E01008170,Gateshead 008C,Investigation complete; no suspect identified
5507f2519244952c0a30e8dc63e20721205179c56805c6203fe93947b66122d4,2021-05,Northumbria Police,Northumbria Police,-1.532991,55.044085,On or near DUKES MEADOW,E01008565,North Tyneside 007C,Investigation complete; no suspect identified
b100dc2b3bf20041c08975d7cb880e4dad03d5c9f690a082c5deb3b01803415e,2021-05,Northumbria Police,Northumbria Police,-1.434454,54.806417,On or near TYNE STREET,E01008746,Sunderland 036D,Investigation complete; no suspect identified
71ee558fcf5e8ddda453fcdae2e6bb21009652246877e76d074459f0732948da,2021-05,Northumbria Police,Northumbria Police,-1.617134,54.972264,On or near NEWGATE STREET,E01033543,Newcastle upon Tyne 024G,Investigation complete; no suspect identified
f742d124e4788331c2a066a2606f4370658ae28b7de843c15d70e1177eb681b4,2021-05,Northumbria Police,Northumbria Police,-1.449227,55.006936,On or near WILLIAM STREET WEST,E01008544,North Tyneside 027D,Investigation complete; no suspect identified
ebc0496bda87d52920c3269d04f0d3819648a05c147039c90a7aa2d5a329e526,2021-05,Northumbria Police,Northumbria Police,-1.608260,54.985167,On or near EAST FRONT,E01008370,Newcastle upon Tyne 017C,Investigation complete; no suspect identified
6e37688799f9aa82d379425e4dfe656566b032f7b7de04d3062226022f3f8a47,2021-05,Northumbria Police,Northumbria Police,-1.607114,54.990564,On or near NORHAM PLACE,E01008369,Newcastle upon Tyne 013B,Investigation complete; no suspect identified
a8f9146633a98366f369bd840450802afa82196ba90a2db37c68259e8d3d7ba3,2021-05,Northumbria Police,Northumbria Police,-1.692927,54.984934,On or near Pedestrian Subway,E01008345,Newcastle upon Tyne 019C,Investigation complete; no suspect identified
dfeb3f18966ef29438cf636bb28543bbec403e5cda327d2ce62c807ac0be4d31,2021-05,Northumbria Police,Northumbria Police,-1.756257,55.060381,On or near Police Station,E01033714,Northumberland 033F,Investigation complete; no suspect identified
ac0d5bfccd58cafe0efb1056df310c40004faf5b2356ef5b3c7a029728439adb,2021-05,Northumbria Police,Northumbria Police,-1.614002,54.976262,On or near Shopping Area,E01008397,Newcastle upon Tyne 024C,Suspect charged
ccab8de4ad12df26a0b06973c9bd9d839a8a6263b432d9ef64ee4ecd09dcd7f5,2021-05,Northumbria Police,Northumbria Police,-1.576294,55.029092,On or near COMET ROW,E01008477,North Tyneside 008C,Suspect charged
5804c09da1e5a5dc0bac64c10ec12a6dc3fcfa135f5c212386a639a998751f8d,2021-05,Northumbria Police,Northumbria Police,-1.425903,54.923354,On or near REETH ROAD,E01008819,Sunderland 004C,Investigation complete; no suspect identified
49da03cf7a752fdb6bb13ace4fa5abd626bd600ca710c8b2fa7f68267a7b5e71,2021-05,Northumbria Police,Northumbria Police,-1.564869,54.951546,On or near Petrol Station,E01008215,Gateshead 003B,Investigation complete; no suspect identified
946c502cd919f8d34d3faadb64c11e6b6241cbe869b2daad0f22dcb32f83c4fd,2021-05,Northumbria Police,Northumbria Police,-1.719748,54.983974,On or near CAMELFORD COURT,E01008381,Newcastle upon Tyne 021A,Investigation complete; no suspect identified
e4907e573bd1934ef5836092263032a9c33f08eaa9419fc047d809ceb9c07c4a,2021-05,Northumbria Police,Northumbria Police,-1.626908,55.058714,On or near PEEL COURT,E01008582,North Tyneside 004E,Investigation complete; no suspect identified
29fe0aca08fca505a39763c77bc1602582188f99e805b3441ab5c021d3b5fab8,2021-05,Northumbria Police,Northumbria Police,-1.441779,54.886718,On or near GREENOCK ROAD,E01008733,Sunderland 021E,Investigation complete; no suspect identified
ee4a7fa5e908d5f0828d2c846777daafd61400fba36f70059a85d0ba65c6a8f2,2021-05,Northumbria Police,Northumbria Police,-1.410218,54.879919,On or near Sports/Recreation Area,E01008809,Sunderland 026E,Investigation complete; no suspect identified
2827698eca2f7492f24872b3c15633ca6f1aebb19ffa8846ba5440a1e4b53a7a,2021-05,Northumbria Police,Northumbria Police,-1.577416,54.967073,On or near GLASSHOUSE STREET,E01008301,Newcastle upon Tyne 026A,Investigation complete; no suspect identified
07343d119593244426d96acff47f78b1ba81ac476b02d6ed5ef925770a3584e3,2021-05,Northumbria Police,Northumbria Police,-1.547077,55.128536,On or near TEESDALE PLACE,E01027424,Northumberland 022D,Investigation complete; no suspect identified
1bf52b9002e182ed97af914effc86447397fa6a7002213e04ac8adee9d663e59,2021-05,Northumbria Police,Northumbria Police,-1.590772,55.085242,On or near Shopping Area,E01027409,Northumberland 029B,Investigation complete; no suspect identified
f83771ef6eb5ca6460748f2fe874e75f596d4e9828d467f78f07ec6770b761b5,2021-05,Northumbria Police,Northumbria Police,-1.712947,55.413026,On or near WINDSOR GARDENS,E01027359,Northumberland 005B,Investigation complete; no suspect identified
ea0482b96a1d711174e002cbb061106933eecd20e1dca3b0c1d2d3a052b95fab,2021-05,Northumbria Police,Northumbria Police,-1.809059,54.919724,On or near TAY STREET,E01008186,Gateshead 024B,Investigation complete; no suspect identified
3e584721460f242b51c703ea71e205b36ee88dfc1a6f6db71247ddc5ae92f3d3,2021-05,Northumbria Police,Northumbria Police,-1.610047,54.923257,On or near ELEVENTH AVENUE,E01008226,Gateshead 025D,Investigation complete; no suspect identified
855238bef141aab47cb0ac2578f862fa844d570e4ff993ae6e37b4830529d93c,2021-05,Northumbria Police,Northumbria Police,-1.493675,54.997235,On or near STEAD STREET,E01008542,North Tyneside 028B,Investigation complete; no suspect identified
091e68b4eef2584c51e0eb5bdb65fa02868ffee9a373a557aefd5831aee30214,2021-05,Northumbria Police,Northumbria Police,-1.744717,54.984173,On or near DAVISON STREET,E01008404,Newcastle upon Tyne 014E,Investigation complete; no suspect identified
6f3b6fc8695eb600a708f0fe9b8c00f831d2c8ea03551874b950193006ba6406,2021-05,Northumbria Police,Northumbria Police,-1.457024,54.817169,On or near TEN FIELDS,E01008748,Sunderland 035E,Investigation complete; no suspect identified
d105f954f489ec42a8dcf8210b3813b9d821869e43fa3ebba7c0fa5bc8e9bf8d,2021-05,Northumbria Police,Northumbria Police,-1.574567,55.330638,On or near ANNE CRESCENT,E01027363,Northumberland 006C,Investigation complete; no suspect identified
4c19dc53dba4f5b68dbe943226ac3d41c0c241c96ad1d07173ea95d049c5d66e,2021-05,Northumbria Police,Northumbria Police,-1.743883,55.049078,On or near Supermarket,E01027464,Northumberland 033A,Investigation complete; no suspect identified
4f03ac2d1f402c10a63fedb1de2a471d30414868d97f77a1bc0a5b7d32a813a4,2021-05,Northumbria Police,Northumbria Police,-1.624311,55.011655,On or near Further/Higher Educational Building,E01008358,Newcastle upon Tyne 002E,Investigation complete; no suspect identified
6e4a634b8e2ce5079273c93a6dc7cba3c6a71678026023812137da8ef6955862,2021-05,Northumbria Police,Northumbria Police,-1.617454,54.946789,On or near WETHERBY GROVE,E01008257,Gateshead 008E,Investigation complete; no suspect identified
85071322c82fa572a168b62f49d08714be7318f86420345d729a633037283294,2021-05,Northumbria Police,Northumbria Police,-1.618773,54.922871,On or near Parking Area,E01008226,Gateshead 025D,Investigation complete; no suspect identified
12c3fd481df5bd2635b8fa0dc16196911512e870574e90068e9bdd698fd429c2,2021-05,Northumbria Police,Northumbria Police,-2.270005,55.276831,On or near Parking Area,E01027503,Northumberland 019C,Investigation complete; no suspect identified
486182a63951e2a3fa31b34b4cae2e3c4ea91519d60e1ecd818208f91eb4709e,2021-05,Northumbria Police,Northumbria Police,-1.409683,54.923986,On or near ELMWOOD AVENUE,E01008817,Sunderland 004B,Investigation complete; no suspect identified
432def0761be44f80afbb43d752cb01ee1ccf31dafc910a227ca3564260a9d6d,2021-05,Northumbria Police,Northumbria Police,-1.611154,54.975165,On or near LISLE STREET,E01008397,Newcastle upon Tyne 024C,Investigation complete; no suspect identified
5deb5ddc405c0eb86898fad6fb8012de4ea23ae9c5c7f115035e3146b87fd72e,2021-05,Northumbria Police,Northumbria Police,-2.462997,54.971417,On or near FLEMING COURT,E01027485,Northumberland 037B,Investigation complete; no suspect identified
59128fae9e9cec85a4af8142f7d4a06857a3625e31c19acaa27c5b4245e4e1e9,2021-05,Northumbria Police,Northumbria Police,-1.576294,55.029092,On or near COMET ROW,E01008477,North Tyneside 008C,Suspect charged
53d1eb93ff02acee1567b7c8f7b7a855c10c597a5d26f845c2b84e81274ea5f8,2021-05,Northumbria Police,Northumbria Police,-1.624376,55.009777,On or near REGENT ROAD NORTH,E01008355,Newcastle upon Tyne 006B,Investigation complete; no suspect identified
ff91ed8773295f3bfed0845a3e79d4dd947cb65a4812f3259cfb7bcf7837f427,2021-05,Northumbria Police,Northumbria Police,-1.646486,54.977708,On or near WINGROVE AVENUE,E01008449,Newcastle upon Tyne 022D,Investigation complete; no suspect identified
1095499e7a68b7be616bf304861e767a4ab9c0be9af19467a4a8f07806ac1fc6,2021-05,Northumbria Police,Northumbria Police,-1.576162,54.924393,On or near EASEDALE GARDENS,E01008217,Gateshead 023E,Investigation complete; no suspect identified
29ab2a2ffb5059cf68598a6445e11272a6bef33e86a3bcd94c63c014feb6d41b,2021-05,Northumbria Police,Northumbria Police,-1.493675,54.997235,On or near STEAD STREET,E01008542,North Tyneside 028B,Investigation complete; no suspect identified
04f492da0025f1ef6d9e38c564502c4d98b67f5b62abae5302a961d1df3eb847,2021-05,Northumbria Police,Northumbria Police,-1.373086,54.897365,On or near ATHOL TERRACE,E01008735,Sunderland 016B,Investigation complete; no suspect identified
fc99da19d5fe504c72bddbd845dbd085a4a3d71cec5713a491bbf7dc00cc1ca9,2021-05,Northumbria Police,Northumbria Police,-1.533681,54.992686,On or near HAWTHORN GROVE,E01008536,North Tyneside 030C,Investigation complete; no suspect identified
f0a2365f125282624c1b21dfadac3f0dc7c32fbaf63c84f51eb8eeb9edc33f49,2021-05,Northumbria Police,Northumbria Police,-1.576854,54.977378,On or near ROBINSON STREET,E01008303,Newcastle upon Tyne 018A,Investigation complete; no suspect identified
497359a02db8e6c7bd412740325a43b8755ff3d1dc4b53a8f7aa063e2569a04b,2021-05,Northumbria Police,Northumbria Police,-1.560946,55.173741,On or near Supermarket,E01027532,Northumberland 014A,Investigation complete; no suspect identified
8ed6bc7400d659f7461831de2ea484e6c3822f6810b6a95c5fe25d5962a7c4c3,2021-05,Northumbria Police,Northumbria Police,-1.615335,55.237024,On or near MARGARET STREET,E01027474,Northumberland 008F,Investigation complete; no suspect identified
5beb48a686c2259abfedc89f0b9a88ca89364d39de998282a8b8fd4309edd6a5,2021-05,Northumbria Police,Northumbria Police,-1.538935,54.989723,On or near PORTUGAL PLACE,E01008575,North Tyneside 030E,Investigation complete; no suspect identified
b8f6e1afbf35214d384fa8b37af35dcbde8f77ac7e148d1341fb713f045caf41,2021-05,Northumbria Police,Northumbria Police,-1.431635,54.997141,On or near BURROW STREET,E01008667,South Tyneside 002D,Investigation complete; no suspect identified
bc4b563bf5ecb55bcf8571754f5fb4622edbf83b4db46e4ec1845436f3710e33,2021-05,Northumbria Police,Northumbria Police,-1.438913,54.968409,On or near Petrol Station,E01008594,South Tyneside 011D,Investigation complete; no suspect identified
5ac87af7f18aa45ad50e99bc5106fbfd51a59cdc7cd110f9ce89e8d4864f7ec7,2021-05,Northumbria Police,Northumbria Police,-1.638768,54.970703,On or near BRITANNIA PLACE,E01008331,Newcastle upon Tyne 029A,Investigation complete; no suspect identified
592926d94dbad98bddfdafba62b2472c33d147fb1eda9a3df58610047ccf8c2d,2021-05,Northumbria Police,Northumbria Police,-1.573377,55.182924,On or near Shopping Area,E01027529,Northumberland 010B,Investigation complete; no suspect identified
8d4dd9e690062b0e8cab58e96210a6da4409bfd49dc076573d1c2847672b6fef,2021-05,Northumbria Police,Northumbria Police,-1.433167,54.960547,On or near WINSHIP CLOSE,E01008689,South Tyneside 019B,Investigation complete; no suspect identified
d1be672b7dfcacf32dca757501bffa1f26611b0245e51239847fa3cbd2ebbe8e,2021-05,Northumbria Police,Northumbria Police,-1.446793,55.006521,On or near GARDNER PLACE,E01008524,North Tyneside 022B,Investigation complete; no suspect identified
f3e5826e92de3e9be7ae77c9880091b1d1bb402d0a2fab6fcb70c0c1c86ce797,2021-05,Northumbria Police,Northumbria Police,-1.680292,54.952542,On or near CLAVERING ROAD,E01008262,Gateshead 009A,Investigation complete; no suspect identified
f5307eefb9ca480873e1b0f5e8e3dbc0e56bbf4c4f83ec33cb7ca77105a42ea3,2021-05,Northumbria Police,Northumbria Police,-1.609886,54.951249,On or near WHITEHALL ROAD,E01008171,Gateshead 008D,Investigation complete; no suspect identified
ac75c2925f906e14e59b006db4bbb0903d211dd23ae67c21b028e621d0924202,2021-05,Northumbria Police,Northumbria Police,-1.618773,54.922871,On or near Parking Area,E01008226,Gateshead 025D,Investigation complete; no suspect identified
0de380e2684353ec2bf3e987c2e219100b4d9ff0c5c95a8e88563994071e5ce2,2021-05,Northumbria Police,Northumbria Police,-1.618773,54.922871,On or near Parking Area,E01008226,Gateshead 025D,Investigation complete; no suspect identified
01de320a241a0d7f16bddf54a6f0d72ca7b38a989daf45d6cafed23f09600c4b,2021-05,Northumbria Police,Northumbria Police,-1.383341,54.907887,On or near Shopping Area,E01008703,Sunderland 013B,Offender given a caution
19cdfb3680699fe68b26e7c8778241556ab03c30fb243397786ede2f36dabd17,2021-05,Northumbria Police,Northumbria Police,-1.530957,55.132393,On or near SPENCER COURT,E01027392,Northumberland 022A,Investigation complete; no suspect identified
24dd62c8713c7b030ed0a04030e09f526804430f6b91cbb522df0de892c26125,2021-05,Northumbria Police,Northumbria Police,-1.402017,54.906434,On or near Supermarket,E01008706,Sunderland 011C,Investigation complete; no suspect identified
e52da1059a6b1863e186e33d3e32504a80d7bd84894f8d2757d056b02794a612,2021-05,Northumbria Police,Northumbria Police,-1.658322,54.974813,On or near COLSTON STREET,E01008332,Newcastle upon Tyne 029B,Investigation complete; no suspect identified
e88e81dfadae1a9be8a9fd2d20c5ece784179e023f3e689a265cf80d2f7fcfda,2021-05,Northumbria Police,Northumbria Police,-1.579144,54.951173,On or near GOWER WALK,E01008165,Gateshead 011A,Investigation complete; no suspect identified
6f3cb1d001ffcb50c49bd691e86e2828c2e7179ce86a8f9ea0c2b68276e118f2,2021-05,Northumbria Police,Northumbria Police,-1.618773,54.922871,On or near Parking Area,E01008226,Gateshead 025D,Investigation complete; no suspect identified
3272556ae72e39015d87fa16c9c89d7abad70dac30bdf14ad98563da5d8179f7,2021-05,Northumbria Police,Northumbria Police,-1.439622,54.990465,On or near TRINITY WALK,E01008666,South Tyneside 002C,Investigation complete; no suspect identified
307b31d225090b816bdc7f395ededc9b1f373dcbddc4626184d31936e13cddb0,2021-05,Northumbria Police,Northumbria Police,-1.571144,54.948800,On or near COLDWELL STREET,E01008215,Gateshead 003B,Investigation complete; no suspect identified
b968034585d5faa1caa354bf8f590177cd19cee132f8d3ed1797e0284027d9ae,2021-05,Northumbria Police,Northumbria Police,-1.666590,54.981917,On or near TWO BALL LONNEN,E01008346,Newcastle upon Tyne 019D,Investigation complete; no suspect identified
afa59cbe25a516cb49ae52cc8fcf81aa0aca162e7621e40a6f2da4734a69b2dd,2021-05,Northumbria Police,Northumbria Police,-1.368061,54.864781,On or near Hospital,E01008768,Sunderland 028D,Investigation complete; no suspect identified
4891fea2b3b67251e1b1d500efaa72b301a84d2bf62828e452d281d9f53f317f,2021-05,Northumbria Police,Northumbria Police,-1.518522,54.886651,On or near THE SPINNEY,E01008861,Sunderland 025B,Investigation complete; no suspect identified
03098c79644d55b5f818b1cf87a7aaf4043065377f485ca2b87f54bd6dd7d677,2021-05,Northumbria Police,Northumbria Police,-1.429462,54.990508,On or near JOHN CLAY STREET,E01008668,South Tyneside 002E,Investigation complete; no suspect identified
ec46595df2589f9206640b6afa08bd1a1124713d83192868397ecb87781def46,2021-05,Northumbria Police,Northumbria Police,-1.436688,54.890721,On or near GALASHIELS SQUARE,E01008732,Sunderland 021D,Investigation complete; no suspect identified
311e24cc106d03c93a982c9b8152b7cde50c9e025b988c3539eb43d1c46e0dae,2021-05,Northumbria Police,Northumbria Police,-1.790362,54.962953,On or near DALE VIEW GARDENS,E01008198,Gateshead 002C,Investigation complete; no suspect identified
89c84f846062954cabd0d65886c3dbc6574e0ce528d76318e1336405f6f8dc71,2021-05,Northumbria Police,Northumbria Police,-1.609051,54.977774,On or near COLLEGE LANE,E01008397,Newcastle upon Tyne 024C,Investigation complete; no suspect identified
d6dfc84def27dc3d1f99c6c580acd653b6252ba62226a19524ae6c79ba740700,2021-05,Northumbria Police,Northumbria Police,-1.462486,54.948395,On or near Parking Area,E01008613,South Tyneside 021D,Investigation complete; no suspect identified
865dba38c5ef9423e499778e7a8e692f9b4550e85d1a735b30eb99744662dffd,2021-05,Northumbria Police,Northumbria Police,-1.371903,54.916266,On or near AKELD MEWS,E01008791,Sunderland 006F,Investigation complete; no suspect identified
1576408a49507c27a7b4fa0d6a26752450dd4058a5042e03982c90470cf6690b,2021-05,Northumbria Police,Northumbria Police,-1.606647,54.950358,On or near WESTFIELD ROAD,E01008253,Gateshead 010C,Investigation complete; no suspect identified
66dd6a796709b16ca9209db3ab2786c806f056c60b504dc5b22d527cfe7eaf10,2021-05,Northumbria Police,Northumbria Police,-1.577416,54.967073,On or near GLASSHOUSE STREET,E01008301,Newcastle upon Tyne 026A,Investigation complete; no suspect identified
035dd32baaea149bf647117a4fab013fc6154ed5e8278c66049997703325f0be,2021-05,Northumbria Police,Northumbria Police,-1.590412,54.950089,On or near LAMBETH PLACE,E01008204,Gateshead 011D,Investigation complete; no suspect identified
f6d28234cefae3e66fe66158de23198a4cb59bb603226d5bf2ef702e262f47a3,2021-05,Northumbria Police,Northumbria Police,-1.443777,55.043746,On or near NORTH PARADE,E01008584,North Tyneside 006A,Investigation complete; no suspect identified
2e3ca491e3f2455a9da05dbcd436cf0bb36d70de46a2b2660e0dcc11b509cbed,2021-05,Northumbria Police,Northumbria Police,-1.573280,54.978534,On or near Shopping Area,E01008392,Newcastle upon Tyne 026F,Offender given a caution
83332039153c211c5e18042c56f46eb6558ae71810895c02c7552fdf410f281c,2021-05,Northumbria Police,Northumbria Police,-1.592116,54.983820,On or near GREYSTOKE GARDENS,E01008410,Newcastle upon Tyne 023D,Investigation complete; no suspect identified
014b855e3f1a393eff4aab3850ceca1925ac9a32dac4abfa3b99d2a34bc046b8,2021-05,Northumbria Police,Northumbria Police,-1.515929,55.032722,On or near HEATHFIELD,E01032648,North Tyneside 011F,Investigation complete; no suspect identified
59dd441d2b419f484348d878b29db6bdf2a0a87d230e799b46cf286a54f39627,2021-05,Northumbria Police,Northumbria Police,-1.503214,55.034882,On or near PARK CRESCENT,E01008568,North Tyneside 011B,Investigation complete; no suspect identified
4abb0925fd18f879f355bbae0e667ee475a28309e6efa7bdb7b5e419a8311c2e,2021-05,Northumbria Police,Northumbria Police,-1.536580,55.020537,On or near Supermarket,E01008501,North Tyneside 018D,Investigation complete; no suspect identified
4920bdd8f5b1e9b5c356a5871f047883a94eda6b3d8cd9e8fe613e0616ff999b,2021-05,Northumbria Police,Northumbria Police,-1.508855,54.848348,On or near Sports/Recreation Area,E01020590,County Durham 015A,Investigation complete; no suspect identified
e5013a18eabaf1bd768928817fbc7669c9f053dc44bd54675b8b3c790d76ae20,2021-05,Northumbria Police,Northumbria Police,-1.691687,54.969223,On or near SCOTSWOOD ROAD,E01008415,Newcastle upon Tyne 025B,Investigation complete; no suspect identified
97849dc58e86e6896dc10ae876f3279b03c1fc9d20798cb11656347bb9455aec,2021-05,Northumbria Police,Northumbria Police,-1.450266,54.894243,On or near DELLFIELD DRIVE,E01008730,Sunderland 021B,Investigation complete; no suspect identified
82360c80cc994249bb92da2984c75af41f2c92a386988675a288e2372911cf92,2021-05,Northumbria Police,Northumbria Police,-1.654336,55.580813,On or near Supermarket,E01027383,Northumberland 003D,Investigation complete; no suspect identified
11e4d8025c145d38609631b0f2a8fc318ac2a7f1d499c891508067160f40df58,2021-05,Northumbria Police,Northumbria Police,-1.549301,54.976794,On or near JACKSON STREET,E01008431,Newcastle upon Tyne 020B,Investigation complete; no suspect identified
a1e5c378cd17263a56bbe0ee5c7b10a1475c5e4ad88a52eed9bceb5af4ba778e,2021-05,Northumbria Police,Northumbria Police,-1.667937,54.992875,On or near CARWARDING PLACE,E01008297,Newcastle upon Tyne 011B,Investigation complete; no suspect identified
e783b575e768fda90bf47c6cf0be4a919d23ac89cba9a17235d163e183086af3,2021-05,Northumbria Police,Northumbria Police,-1.540989,55.212217,On or near KINGSLEY ROAD,E01027451,Northumberland 008E,Investigation complete; no suspect identified
54d017f51baf086635aa48ff7706c3205071572f20d48db007661e071743cc05,2021-05,Northumbria Police,Northumbria Police,-1.386805,54.906817,On or near CROWTREE ROAD,E01008703,Sunderland 013B,Investigation complete; no suspect identified
2ef31169ff5a62bc90bb847281fccab39892d44b65d9ac286a5436900a4d4a6b,2021-05,Northumbria Police,Northumbria Police,-1.561197,55.176689,On or near FIFTH AVENUE,E01027545,Northumberland 010D,Investigation complete; no suspect identified
38d225f8a8fc9afea0cab68add1f6a3179a10fd28b6ef7103eaa290f7d79e2cc,2021-05,Northumbria Police,Northumbria Police,-1.657586,54.985981,On or near QUEENSWAY,E01008450,Newcastle upon Tyne 016B,Investigation complete; no suspect identified
56794e04490a3797ff8562347967cf04f3e3649f4e6e0b0ccfbda3fc490528ec,2021-05,Northumbria Police,Northumbria Police,-1.628600,54.950283,On or near Parking Area,E01008259,Gateshead 007D,Investigation complete; no suspect identified
2d8a8071a1b7176942fd6cb1901e185715afa6998a0d067e89fa0b5e265d0fd9,2021-05,Northumbria Police,Northumbria Police,-1.575385,54.894421,On or near ST JOHN'S PLACE,E01008175,Gateshead 026D,Investigation complete; no suspect identified
e55ed7c9671cbd41fc385466cdec4ac00bbb02c1e9cc2451aa0f867639539885,2021-05,Northumbria Police,Northumbria Police,-1.572756,54.969043,On or near HARBOTTLE COURT,E01008301,Newcastle upon Tyne 026A,Investigation complete; no suspect identified
021ea02c2bc60351843b68572028ca334f7691dc25e20c967d5bd07c6979486c,2021-05,Northumbria Police,Northumbria Police,-1.651385,55.308048,On or near Parking Area,E01027372,Northumberland 006G,Investigation complete; no suspect identified
121dd3488c634b60699cc70d6e14e10da19c853ee64781ea9ef8b329cd3b3c24,2021-05,Northumbria Police,Northumbria Police,-1.629643,54.965868,On or near KYLE CLOSE,E01008438,Newcastle upon Tyne 029G,Investigation complete; no suspect identified
feba71d8400cf8cbf2a22dc03204af6f2ad317030babc3dfda027b7657ee2837,2021-05,Northumbria Police,Northumbria Police,-1.445804,55.009113,On or near Shopping Area,E01008524,North Tyneside 022B,Investigation complete; no suspect identified
bbbdca2dcc15a73d5c26322c889a515bdc2b3fc9c72b6256e48e5300d8bc9951,2021-05,Northumbria Police,Northumbria Police,-1.626652,54.951481,On or near WOOLER CRESCENT,E01008259,Gateshead 007D,Investigation complete; no suspect identified
2b9265cd06cc1c6fe5b9a8475024fb5af33c76e1c8ba7067ea3a552de42690e9,2021-05,Northumbria Police,Northumbria Police,-1.466071,55.004162,On or near AVON AVENUE,E01008482,North Tyneside 023B,Investigation complete; no suspect identified
0b518d521057413ee9a2a86dff229bd35c4b748b2da3d28278264d2c0f72bb5c,2021-05,Northumbria Police,Northumbria Police,-1.641422,54.974441,On or near CALLERTON PLACE,E01008449,Newcastle upon Tyne 022D,Investigation complete; no suspect identified
0b518d521057413ee9a2a86dff229bd35c4b748b2da3d28278264d2c0f72bb5c,2021-05,Northumbria Police,Northumbria Police,-1.641422,54.974441,On or near CALLERTON PLACE,E01008449,Newcastle upon Tyne 022D,Investigation complete; no suspect identified
21ef2976558c93f95e53a461933d683befd25c2fe5c21cb29c0405403b983a90,2021-05,Northumbria Police,Northumbria Police,-1.747706,55.050937,On or near MEADOWFIELD,E01033714,Northumberland 033F,Investigation complete; no suspect identified
3e519469f028f68ce6340cf5d66749ba610097e35479587feb1141329cc174d1,2021-05,Northumbria Police,Northumbria Police,-1.635961,54.952938,On or near CLOCKMILL ROAD,E01008210,Gateshead 007B,Investigation complete; no suspect identified
d4a7b8e55b75c93178a1f845b454726e1a8b0146c6d63136dd7ef3efb012b9d5,2021-05,Northumbria Police,Northumbria Police,-1.461242,54.949199,On or near HUBERT STREET,E01008613,South Tyneside 021D,Investigation complete; no suspect identified
3db24d47dd91103bdb49a9c21e19ef32925005e281bad12b3f4169ad88f6da32,2021-05,Northumbria Police,Northumbria Police,-1.555255,55.020462,On or near MEAD CRESCENT,E01008502,North Tyneside 014C,Investigation complete; no suspect identified
42f163d3f5e081f450641c4b031b95652d7679dd5da20af9b36852de468c5440,2021-05,Northumbria Police,Northumbria Police,-1.439166,54.973847,On or near BRINKBURN STREET,E01008590,South Tyneside 011A,Investigation complete; no suspect identified
bba9bc7838fe3742737d46ce2f829c352d28e5070ca73366e55e6c07d641d617,2021-05,Northumbria Police,Northumbria Police,-1.436927,54.882526,On or near TYLDESLEY SQUARE,E01008823,Sunderland 023A,Investigation complete; no suspect identified
d65e4fb212d3559a29408bfdec5ca107bfa867bad601a280597c6815a10d04b1,2021-05,Northumbria Police,Northumbria Police,-1.611052,54.974419,On or near NEW BRIDGE STREET WEST,E01008397,Newcastle upon Tyne 024C,Investigation complete; no suspect identified
5610836065d42d898ab3fad0c54598967314fa348a3730167cf1dc388daffea2,2021-05,Northumbria Police,Northumbria Police,-1.660282,54.970280,On or near ATKINSON TERRACE,E01008291,Newcastle upon Tyne 027D,Investigation complete; no suspect identified
6ab1ba4d43612bd62b47c306e08eea153be3febbebd080b244557404c14731b9,2021-05,Northumbria Police,Northumbria Police,-1.539527,55.040416,On or near KILLINGWORTH AVENUE,E01008565,North Tyneside 007C,Suspect charged
cf9eb45e327331315f70da2b2c5a64bc3cfbdb8e3986590e4c55164ecb88d70f,2021-05,Northumbria Police,Northumbria Police,-1.602375,54.978246,On or near NAPIER STREET,E01008407,Newcastle upon Tyne 023B,Investigation complete; no suspect identified
e63b8a93925ba57b0b7493b80d5657f1282eb03668869237e5929225e247180b,2021-05,Northumbria Police,Northumbria Police,-1.617099,54.975966,On or near MORDEN STREET,E01008397,Newcastle upon Tyne 024C,Investigation complete; no suspect identified
9a69f35c288b320567a014af22e47bb68e5ec12ab7b86e25bde76e75b4bf9229,2021-05,Northumbria Police,Northumbria Police,-1.567986,55.014685,On or near LINDEN ROAD,E01008473,North Tyneside 018C,Investigation complete; no suspect identified
98c0b2371880faeb5477a7ce0ca4a9c14e54afa5ed7022ec40aa20839ad7799b,2021-05,Northumbria Police,Northumbria Police,-1.652347,54.990081,On or near PONTELAND ROAD,E01008380,Newcastle upon Tyne 008G,Investigation complete; no suspect identified
32a3ca91d3670e749c60659670b4b4c13e755f20163adb996c2d50106ad76eaf,2021-05,Northumbria Police,Northumbria Police,-1.425633,54.993815,On or near TENNYSON STREET,E01008595,South Tyneside 001A,Investigation complete; no suspect identified
489b77d2a2f87d9550e9c65285745f5ad0ff16e3ff50af0f480f498685b1113b,2021-05,Northumbria Police,Northumbria Police,-1.459874,54.949867,On or near GIBSON COURT,E01008613,South Tyneside 021D,Investigation complete; no suspect identified
d43368ea99c789b18082326340fc5b3e057445be11a5aeb339b589fdd10e289c,2021-05,Northumbria Police,Northumbria Police,-1.586238,54.991690,On or near JESMOND PARK EAST,E01008315,Newcastle upon Tyne 012B,Investigation complete; no suspect identified
cfeb57d3ad7730d5e33e7aa28e707f24d1317943f9f8db162652756bb62d99ea,2021-05,Northumbria Police,Northumbria Police,-1.742218,54.986531,On or near TOWNFIELD GARDENS,E01008402,Newcastle upon Tyne 014C,Investigation complete; no suspect identified
96768405879010a1a2b09643a9696e51489c50675ab2e2cb5eeab08f08097d53,2021-05,Northumbria Police,Northumbria Police,-1.565043,54.957154,On or near BREWERY LANE,E01008215,Gateshead 003B,Investigation complete; no suspect identified
fd75a446063d16381efb56db1506a622d163013b5958a69d32c24f6c87d3b236,2021-05,Northumbria Police,Northumbria Police,-1.439538,55.009920,On or near CHARLOTTE STREET,E01008561,North Tyneside 016C,Investigation complete; no suspect identified
da9143470810b0b64d9f2f7c4065fa20e2a005c7675f4eebf348f169e4c795f2,2021-05,Northumbria Police,Northumbria Police,-1.519591,55.033887,On or near BLACKWORTH COURT,E01032647,North Tyneside 011E,Suspect charged
da9143470810b0b64d9f2f7c4065fa20e2a005c7675f4eebf348f169e4c795f2,2021-05,Northumbria Police,Northumbria Police,-1.519591,55.033887,On or near BLACKWORTH COURT,E01032647,North Tyneside 011E,Suspect charged
d27521fb63445945ad81b8c8af35d682e56c73ca4b1347054011d148fde7ced8,2021-05,Northumbria Police,Northumbria Police,-1.454681,55.041692,On or near NORHAM ROAD,E01008585,North Tyneside 006B,Investigation complete; no suspect identified
269c10c005c51863f09e4e7e9c108d5062224fa7c125681d42dd36694ab87ab0,2021-05,Northumbria Police,Northumbria Police,-1.508396,55.122805,On or near COOMASSIE ROAD,E01027431,Northumberland 023C,Investigation complete; no suspect identified
015a4c7b88db861ec00f9b7c2e6417688e91faefb4613ea6278bb9d8b1a23fd9,2021-05,Northumbria Police,Northumbria Police,-1.577093,54.892108,On or near DURHAM ROAD,E01008175,Gateshead 026D,Investigation complete; no suspect identified
f0041e97fc6b2e11e4be653509328b5f5dfc7761d31bd215ba71e42c06ddeec6,2021-05,Northumbria Police,Northumbria Police,-1.910138,55.549234,On or near NEW ROAD,E01027375,Northumberland 003B,Investigation complete; no suspect identified
84a10d25d5280f813d1e53679b2e04786e07e766924f8e1e470c6a8dac8d4284,2021-05,Northumbria Police,Northumbria Police,-1.440530,54.871112,On or near AMELIA GARDENS,E01008772,Sunderland 029A,Investigation complete; no suspect identified
32c818d453a8c1e98274cbb31a18e07663025d088e0eec87480be12b7c8869db,2021-05,Northumbria Police,Northumbria Police,-1.456354,55.011722,On or near LANSDOWNE TERRACE,E01008528,North Tyneside 022C,Investigation complete; no suspect identified
9d50b1ca19df633c25dbb1724aceaf250881023e96b13a4b56d4db92031e0005,2021-05,Northumbria Police,Northumbria Police,-1.432104,54.958358,On or near COPLEY AVENUE,E01008689,South Tyneside 019B,Investigation complete; no suspect identified
35b6e81d02816a70e363d025588d6d410fda3dc8f44d2f16795af33ebe88bfac,2021-05,Northumbria Police,Northumbria Police,-1.668240,55.013032,On or near KINGSTON PARK AVENUE,E01008294,Newcastle upon Tyne 001A,Investigation complete; no suspect identified
1724117d1e1a103774e709fdf36df0423f4ff0bd198c490b7d33a72dccd4c133,2021-05,Northumbria Police,Northumbria Police,-2.013815,55.787202,On or near Sports/Recreation Area,E01027376,Northumberland 001A,Investigation complete; no suspect identified
4c67fa0baa3d2316475fdb86e1fb715d94b300a6f57d71105429ca64e787ce7d,2021-05,Northumbria Police,Northumbria Police,-1.692968,54.987701,On or near EASTBURY AVENUE,E01008327,Newcastle upon Tyne 015D,Investigation complete; no suspect identified
3e8d3e0b3e14aa24a3dbfaa2ed6dce11f1b91e846da7162212d75fcb29c12d18,2021-05,Northumbria Police,Northumbria Police,-2.008696,55.783078,On or near SEA VIEW,E01027376,Northumberland 001A,Investigation complete; no suspect identified
4bc12180fa75b203fe83e5dccefb04b78de6952882d314b9ec30b96dcbefee62,2021-05,Northumbria Police,Northumbria Police,-1.428037,54.903837,On or near FENTON SQUARE,E01008812,Sunderland 012C,Investigation complete; no suspect identified
7353329eabfc52f6dbb2ac05f7e2c2eae4bf977eb9f7b3a186c9667577c0ee68,2021-05,Northumbria Police,Northumbria Police,-1.562136,54.938649,On or near WESTFIELD,E01008229,Gateshead 018A,Investigation complete; no suspect identified
b417b1ee416274082d30eb56b3be306530e2ddeb0f2ed44a7a4a7572408f19a0,2021-05,Northumbria Police,Northumbria Police,-2.020229,55.763472,On or near Shopping Area,E01027387,Northumberland 001D,Investigation complete; no suspect identified
41f60af5c80be54dbae28041f706cf15a253e34ce164b34c16371b3bf77f8c34,2021-05,Northumbria Police,Northumbria Police,-1.622699,54.951802,On or near HAZEL ROAD,E01008259,Gateshead 007D,Investigation complete; no suspect identified
ae3c01d9c42d7f68dd4f3b05e8f097b034578480e6ca73230d25b1b617ec3e3f,2021-05,Northumbria Police,Northumbria Police,-1.525702,54.913728,On or near Petrol Station,E01008860,Sunderland 009F,Investigation complete; no suspect identified
98222d8fea6f9cf43c0f516bd711b4aef41b8476c141a081eaacbd1b0a0d8c34,2021-05,Northumbria Police,Northumbria Police,-1.624648,55.035919,On or near Petrol Station,E01033551,Newcastle upon Tyne 002G,Investigation complete; no suspect identified
ef18801aabc295876dfa3d8b44f3ad4271ea263c3ec35cfefdc3364a96cdaa1f,2021-05,Northumbria Police,Northumbria Police,-1.396897,54.981814,On or near WARKWORTH AVENUE,E01008651,South Tyneside 004D,Investigation complete; no suspect identified
05d20f5434403a8c7446e2d5f028d3d142f063abe64a62426468683a9e8dc3cb,2021-05,Northumbria Police,Northumbria Police,-1.562623,55.172624,On or near ROTHLEY AVENUE,E01027537,Northumberland 014B,Investigation complete; no suspect identified
5b5120dc6727bf439cb15b85df4de105a89240e54ce51e6e3620dee21b8d4b6f,2021-05,Northumbria Police,Northumbria Police,-1.579144,54.951173,On or near GOWER WALK,E01008165,Gateshead 011A,Investigation complete; no suspect identified
dcf8e86ea005ca3f7da21b43bbc75c4e1603bdddfca301323d810a8071f8e910,2021-05,Northumbria Police,Northumbria Police,-1.520864,55.129145,On or near COWPEN ROAD,E01027416,Northumberland 022C,Suspect charged
dcf8e86ea005ca3f7da21b43bbc75c4e1603bdddfca301323d810a8071f8e910,2021-05,Northumbria Police,Northumbria Police,-1.520864,55.129145,On or near COWPEN ROAD,E01027416,Northumberland 022C,Suspect charged
ab1fce3b8d95e7ff4d10bdca7ed16f5e27cba30ec66d4e66a8fcbc157d9a06d1,2021-05,Northumbria Police,Northumbria Police,-1.695883,54.984591,On or near CENTURION ROAD,E01008384,Newcastle upon Tyne 021D,Investigation complete; no suspect identified
ab1fce3b8d95e7ff4d10bdca7ed16f5e27cba30ec66d4e66a8fcbc157d9a06d1,2021-05,Northumbria Police,Northumbria Police,-1.695883,54.984591,On or near CENTURION ROAD,E01008384,Newcastle upon Tyne 021D,Investigation complete; no suspect identified
7871895b680b6049e98f07e0d2720a08eee0cc213ce27a673b7d91c6becff3b9,2021-05,Northumbria Police,Northumbria Police,-2.017181,55.789619,On or near KINGS MOUNT,E01027376,Northumberland 001A,Investigation complete; no suspect identified
0eadeb1f1c5e8023a612036a8e29fbcef46d1bb133f396991be9fc6c31416715,2021-05,Northumbria Police,Northumbria Police,-1.540497,54.896729,On or near WITTON COURT,E01008867,Sunderland 020A,Offender given a caution
0d583830f2e0471e43ed2c8ab7f6b344c6e5f29a2ac450af7598604bc3e86adb,2021-05,Northumbria Police,Northumbria Police,-1.640235,54.974320,On or near WELLESLEY TERRACE,E01008449,Newcastle upon Tyne 022D,Suspect charged
0d583830f2e0471e43ed2c8ab7f6b344c6e5f29a2ac450af7598604bc3e86adb,2021-05,Northumbria Police,Northumbria Police,-1.640235,54.974320,On or near WELLESLEY TERRACE,E01008449,Newcastle upon Tyne 022D,Suspect charged
598e971e830aac9260802a3b66aacec174f7e739cd08733ed68c8f54d9a800c9,2021-05,Northumbria Police,Northumbria Police,-1.384522,54.916385,On or near ABBS STREET,E01008711,Sunderland 005D,Investigation complete; no suspect identified
c9f9b05c51b9c139b1d6cd8ada9d83b2f8e6b8f21cf8e75be23dc5f146a34a44,2021-05,Northumbria Police,Northumbria Police,-2.008344,55.779484,On or near WESTFIELD AVENUE,E01027376,Northumberland 001A,Suspect charged
bc77c958320c97f95c2b20e5bd2a192fe1419e9c015692b27fe9b97c3b26f9ce,2021-05,Northumbria Police,Northumbria Police,-1.381905,54.917126,On or near Shopping Area,E01008787,Sunderland 006B,Suspect charged
25944acf361574dd795964b50a1b0f417ef6129e68320601e386591d99e20a29,2021-05,Northumbria Police,Northumbria Police,-1.409765,54.909833,On or near THE FORGE,E01008700,Sunderland 013A,Investigation complete; no suspect identified
3975ed5ce44c03882f48b2b2dbb8ca1f733b8ebb8b8c0a90e6bf4a91b3339cac,2021-05,Northumbria Police,Northumbria Police,-1.580788,54.940180,On or near Parking Area,E01008219,Gateshead 016A,Investigation complete; no suspect identified
fa2ec1324b9c3ce2e0d81d351144c1b6708f1ff947a10c19f6532aecd86b0edf,2021-05,Northumbria Police,Northumbria Police,-2.008344,55.779484,On or near WESTFIELD AVENUE,E01027376,Northumberland 001A,Suspect charged
dfa4c33aafc1aedcb3797266dc3c13052b82ee372a384bbdd1978b2b891edb82,2021-05,Northumbria Police,Northumbria Police,-2.008344,55.779484,On or near WESTFIELD AVENUE,E01027376,Northumberland 001A,Investigation complete; no suspect identified
dfa4c33aafc1aedcb3797266dc3c13052b82ee372a384bbdd1978b2b891edb82,2021-05,Northumbria Police,Northumbria Police,-2.008344,55.779484,On or near WESTFIELD AVENUE,E01027376,Northumberland 001A,Suspect charged
1ae10fcd69ec80a6eb1e4219552cfe1bb3e44ace183356702b49a7d94d19731b,2021-05,Northumbria Police,Northumbria Police,-1.448092,55.007605,On or near WILLIAM STREET,E01008524,North Tyneside 022B,Investigation complete; no suspect identified
7433281db148f81d85d2cdaebe358fe387d7043be8c4ec92cc3d63511bb80b85,2021-05,Northumbria Police,Northumbria Police,-1.540873,54.900666,On or near BAMBURGH CLOSE,E01008867,Sunderland 020A,Investigation complete; no suspect identified
7ed146d15bf7174410e78ae316c5c69b97f2840bd41a4a05bf44856d822a2b08,2021-05,Northumbria Police,Northumbria Police,-1.603262,54.978573,On or near BYRON STREET,E01008407,Newcastle upon Tyne 023B,Investigation complete; no suspect identified
70bd905fa988f3c877c7ed9ece09025977a9e400e7787f0566521bae830fa853,2021-05,Northumbria Police,Northumbria Police,-1.564305,54.974827,On or near CRESSWELL STREET,E01008388,Newcastle upon Tyne 028A,Investigation complete; no suspect identified
7469f2c1563f4b87d03b3340344c0d2daf4baae65b3e883832770503142011f4,2021-05,Northumbria Police,Northumbria Police,-1.571193,55.080520,On or near BROWNRIGG DRIVE,E01027395,Northumberland 028A,Investigation complete; no suspect identified
d83b526bc8618d39b7660f8270581d471619ae984951765f8782a6584dada8f0,2021-05,Northumbria Police,Northumbria Police,-1.476621,55.003202,On or near MORPETH TERRACE,E01008484,North Tyneside 023C,Investigation complete; no suspect identified
2bfc5e6d2a8d772a2c120c961489d4e57fdadae2b74a7ef7079e6df9b7d8b3d9,2021-05,Northumbria Police,Northumbria Police,-1.672527,54.983937,On or near ABBOTSMEADE CLOSE,E01008344,Newcastle upon Tyne 019B,Investigation complete; no suspect identified
94bfff76bfa3bfb5599eea185d392948375d6c18834becb6e12c263fe13a239c,2021-05,Northumbria Police,Northumbria Police,-1.569607,54.974280,On or near GILLIES STREET,E01008302,Newcastle upon Tyne 026B,Investigation complete; no suspect identified
8ebc724b6d26502ec96e77207e89c0f590c062b48aae51b5d4b6c534dd4c5459,2021-05,Northumbria Police,Northumbria Police,-1.429462,54.990508,On or near JOHN CLAY STREET,E01008668,South Tyneside 002E,Suspect charged
cb40cc3b6d5670fbffa2ea3e982a8f5edf5aa6b7a52697cd6ba5b245017fc1c8,2021-05,Northumbria Police,Northumbria Police,-1.569751,54.949128,On or near Supermarket,E01008215,Gateshead 003B,Investigation complete; no suspect identified
9f708533ce424e5379b57d2ededde2b07cdaf97692c525d42dc2d4fe45241651,2021-05,Northumbria Police,Northumbria Police,-1.728959,54.968943,On or near STELLA HALL DRIVE,E01008248,Gateshead 001C,Offender given a caution
ea99543e4a3dc3c7604e34dd02266ed122b6e2d7331a259632c1794584a8295e,2021-05,Northumbria Police,Northumbria Police,-1.569607,54.974280,On or near GILLIES STREET,E01008302,Newcastle upon Tyne 026B,Investigation complete; no suspect identified
485c4a46cbcf8d40d20ae2c0e1c44902c910a76eda266a1a3a031bd124535024,2021-05,Northumbria Police,Northumbria Police,-1.562941,55.140653,On or near EDWARD ROAD,E01027551,Northumberland 020F,Investigation complete; no suspect identified
0e45468f7d4c9e2ce15cbe1d107d4e67f121a5605f5866a4ccaa4a780a9fcaaf,2021-05,Northumbria Police,Northumbria Police,-1.508257,55.126399,On or near BACK CROFT ROAD,E01027414,Northumberland 023A,Investigation complete; no suspect identified
1f0028eb8054c39d884b8909a27138df2b3b1f34e334b0ec7be9ff84e5d6afc3,2021-05,Northumbria Police,Northumbria Police,-1.601348,55.092916,On or near ROSE AVENUE,E01027412,Northumberland 029D,Suspect charged
1f0028eb8054c39d884b8909a27138df2b3b1f34e334b0ec7be9ff84e5d6afc3,2021-05,Northumbria Police,Northumbria Police,-1.601348,55.092916,On or near ROSE AVENUE,E01027412,Northumberland 029D,Suspect charged
3324cddf66f05a94f8a541d713d585c8acb3f05e94af9d31240db03ef9aca0a4,2021-05,Northumbria Police,Northumbria Police,-1.369255,54.899053,On or near NOBLE STREET,E01008736,Sunderland 016C,Investigation complete; no suspect identified
33e4000d76ee29164da25a436ae163a27012911c95255dd14ddccd690757b1cb,2021-05,Northumbria Police,Northumbria Police,-1.393240,54.897890,On or near THORNHOLME ROAD,E01008835,Sunderland 022G,Investigation complete; no suspect identified
047e512cb581d50f552b509b44c8c65d01841a1a78df7beb112ab236412ddce3,2021-05,Northumbria Police,Northumbria Police,-1.640235,54.974320,On or near WELLESLEY TERRACE,E01008449,Newcastle upon Tyne 022D,Suspect charged
2836fb493e45424858e6b5e50d29514ab22142377a098373211f17d74f5dce13,2021-05,Northumbria Police,Northumbria Police,-1.579055,54.896869,On or near WEST STREET,E01008175,Gateshead 026D,Investigation complete; no suspect identified
126336c70aabadd709b9f9f5b465c7ce23becb6eea623785d0e4e36eed4cfc48,2021-05,Northumbria Police,Northumbria Police,-1.484339,55.084039,On or near WESTLANDS,E01027417,Northumberland 030A,Offender given a caution
6742b6b800ee2c03dbafde7925b5fcedbd3ab9e04a931df691a4fb5732a57bf0,2021-05,Northumbria Police,Northumbria Police,-1.428163,54.901519,On or near HYLTON ROAD,E01008812,Sunderland 012C,Investigation complete; no suspect identified
f200a6acb4e14d71b623e49fd77f18ac8766782490eceb0839662f5aac0f01df,2021-05,Northumbria Police,Northumbria Police,-1.575290,54.974641,On or near MICHAELGATE,E01008305,Newcastle upon Tyne 026D,Investigation complete; no suspect identified
c442748cc9d566396c530d3d6f4a1a05bf7797175cd7c60c81d3e05c5a118d16,2021-05,Northumbria Police,Northumbria Police,-1.369564,54.934173,On or near KINGS AVENUE,E01008723,Sunderland 002A,Suspect charged
0b6980b052fe4c88788568944e22448ffa1b52d5fdef338de91ccd5bd7712ed2,2021-05,Northumbria Police,Northumbria Police,-1.624533,55.048256,On or near Supermarket,E01008577,North Tyneside 004A,Investigation complete; no suspect identified
0b03fb24953efbb4afa5cd685a815a72a8279f515b41c314c280241966048412,2021-05,Northumbria Police,Northumbria Police,-1.612740,54.974308,On or near Shopping Area,E01008397,Newcastle upon Tyne 024C,Investigation complete; no suspect identified
68c339f2cafa5f78d2c56579d2d325978ceb4ffefff9d4f5059ec08b0a891080,2021-05,Northumbria Police,Northumbria Police,-1.462758,54.970117,On or near HENDERSON ROAD,E01008601,South Tyneside 012A,Suspect charged
0a1d6d558c8840a74d1634b3cd41c63d813a68799bdc2227240ecf5f6ea25d89,2021-05,Northumbria Police,Northumbria Police,-1.445007,54.927505,On or near KIDDERMINSTER ROAD,E01008841,Sunderland 003F,Investigation complete; no suspect identified
36870f652e7388962d152c275cca50fb919902e6b35f3acdc3abc820cdb86d2c,2021-05,Northumbria Police,Northumbria Police,-1.442320,54.889282,On or near GREENWOOD ROAD,E01008733,Sunderland 021E,Investigation complete; no suspect identified
7e2f4377af5b1749727ac2debfd0042ffc84b80a5940595ecdbafb9b11315703,2021-05,Northumbria Police,Northumbria Police,-1.560048,55.179749,On or near ROSALIND STREET,E01027546,Northumberland 010E,Investigation complete; no suspect identified
2ad269ab18ccb364615a0a3313bdb7e93c2762d13e6b66bcf1beb84697673e43,2021-05,Northumbria Police,Northumbria Police,-1.578055,55.034283,On or near Parking Area,E01008477,North Tyneside 008C,Investigation complete; no suspect identified
aa3fe2b296896b426e814e3a3679ce2214abe9392dba4a9dc26a3f716bbb84cb,2021-05,Northumbria Police,Northumbria Police,-1.614445,54.974044,On or near BLACKETT STREET,E01008397,Newcastle upon Tyne 024C,Investigation complete; no suspect identified
a77d7c63842efefd4f4436befbe64d0263d006d2e80e19e5047447207fb12daf,2021-05,Northumbria Police,Northumbria Police,-1.541180,54.986074,On or near EASTFIELD AVENUE,E01008436,Newcastle upon Tyne 020F,Investigation complete; no suspect identified
097b43cec8336de2fe2eb71d6bdf211c2d86a17a7d76abc3ee0df1dae1fbd45e,2021-05,Northumbria Police,Northumbria Police,-1.914995,55.671311,On or near Petrol Station,E01027380,Northumberland 002C,Investigation complete; no suspect identified
ef1313ba0137a88520e300c85b0a97a0ae54919c468e4f304a0846435769ce86,2021-05,Northumbria Police,Northumbria Police,-1.444448,54.889894,On or near GENEVA ROAD,E01008729,Sunderland 021A,Investigation complete; no suspect identified
b0b2e9fb449ec544c9057c77d94bdd4e317e9614e8d81ce33cb306deae5b8f60,2021-05,Northumbria Police,Northumbria Police,-1.479882,55.021880,On or near SELKIRK WAY,E01008490,North Tyneside 015C,Investigation complete; no suspect identified
3119f207896b436983d42d5564370a458792b5a88b347f7505dd3d96b085f54b,2021-05,Northumbria Police,Northumbria Police,-1.638455,55.012542,On or near WHALTON AVENUE,E01008336,Newcastle upon Tyne 003A,Investigation complete; no suspect identified
6ccd63aa49fa658e37905c047123b11fdc1be098cac9b00aea6479ca37ccb9c1,2021-05,Northumbria Police,Northumbria Police,-1.726884,54.954785,On or near Supermarket,E01008280,Gateshead 004E,Investigation complete; no suspect identified
5b22c8cf737a550c36506e3544f674f2328e85d9219294ce4e9390b6c85e344e,2021-05,Northumbria Police,Northumbria Police,-1.428318,54.908241,On or near ST LUKE'S ROAD,E01008762,Sunderland 012B,Investigation complete; no suspect identified
1a6f0d8675acce189f6736f0c61c26db9ca0a08549911c3a8a9ec6bacc820619,2021-05,Northumbria Police,Northumbria Police,-1.593016,54.959668,On or near CHAUCER CLOSE,E01008162,Gateshead 027A,Suspect charged
1a6f0d8675acce189f6736f0c61c26db9ca0a08549911c3a8a9ec6bacc820619,2021-05,Northumbria Police,Northumbria Police,-1.593016,54.959668,On or near CHAUCER CLOSE,E01008162,Gateshead 027A,Offender given a caution
0f27e8e3cfc04e85669e873317a78b6dfd8a37a37f303fa76610362a43f8db4a,2021-05,Northumbria Police,Northumbria Police,-1.561571,54.934666,On or near WHITE OAKS,E01008232,Gateshead 018C,Investigation complete; no suspect identified
b4311a9187bdc22e119ae7651147c849a07832f48a66c6841a1cd903b17eea44,2021-05,Northumbria Police,Northumbria Police,-1.600676,54.988827,On or near GOWAN TERRACE,E01008368,Newcastle upon Tyne 017B,Investigation complete; no suspect identified
d669e83e23f16a8f452c2f55700eb398020a3ac0050a8eb2b07f3ca2bee51f62,2021-05,Northumbria Police,Northumbria Police,-1.600676,54.988827,On or near GOWAN TERRACE,E01008368,Newcastle upon Tyne 017B,Investigation complete; no suspect identified
750dbc740538aa94f998c89b95353b394bd7b7df91e9d12c8ed9ce4e3c826041,2021-05,Northumbria Police,Northumbria Police,-1.497619,54.864001,On or near HUNTER STREET,E01008793,Sunderland 030A,Investigation complete; no suspect identified
417b432455746c455f7a8afc6bd8fc723bec70c73d56cae621ae2f7f0676628e,2021-05,Northumbria Police,Northumbria Police,-1.463628,54.835531,On or near MILTON AVENUE,E01008717,Sunderland 034D,Investigation complete; no suspect identified
23b2ac0acbaef0b69a135ffb4ac04b3021073b894346e1189a72ece1c830327f,2021-05,Northumbria Police,Northumbria Police,-1.566870,55.183494,On or near WOODHORN ROAD,E01027528,Northumberland 010A,Suspect charged
7a2f55e50d0e7e15a36e90702eace58e2d868c9eeacc538b41e0bbb00dfed081,2021-05,Northumbria Police,Northumbria Police,-1.582386,55.087173,On or near Parking Area,E01027409,Northumberland 029B,Suspect charged
7a2f55e50d0e7e15a36e90702eace58e2d868c9eeacc538b41e0bbb00dfed081,2021-05,Northumbria Police,Northumbria Police,-1.582386,55.087173,On or near Parking Area,E01027409,Northumberland 029B,Suspect charged
4e1af422719e02def79047600fa53de0b3fef9491f28e3ae10936c96ec0e329e,2021-05,Northumbria Police,Northumbria Police,-1.590013,55.335327,On or near RIVERGREEN,E01027372,Northumberland 006G,Suspect charged
5c79fe247ea391fd9049e50c071928b590fff48af969bd632225bd31774184f2,2021-05,Northumbria Police,Northumbria Police,-1.537312,54.988153,On or near CRAWLEY ROAD,E01008575,North Tyneside 030E,Investigation complete; no suspect identified
141d0cd72ef8521cf0a83f46bf2fbf9a1c367c94f937dcbf717318566cb4bd2b,2021-05,Northumbria Police,Northumbria Police,-1.373015,54.904994,On or near WEST LAWRENCE STREET,E01008836,Sunderland 016F,Investigation complete; no suspect identified
9dd01c428715ccdd16f43c2a2427e6791b379fdc15641952c0f81ced69ce49f4,2021-05,Northumbria Police,Northumbria Police,-1.444146,54.895994,On or near PARKHURST ROAD,E01008731,Sunderland 021C,Investigation complete; no suspect identified
fe9a505a92bc8ac987c704dd065a57add5f88e247318770ab41a06b1ca2460ba,2021-05,Northumbria Police,Northumbria Police,-1.441003,54.976561,On or near Pedestrian Subway,E01008590,South Tyneside 011A,Investigation complete; no suspect identified
4e67b09547dd2f8a26b7a7cd67ee9b7a6ea5e7b0d1e412c819c26744eecc26f0,2021-05,Northumbria Police,Northumbria Police,-1.611983,54.973470,On or near HOOD STREET,E01033543,Newcastle upon Tyne 024G,Investigation complete; no suspect identified
525c418ef7660f34b4668086bac1199a0d5e5acf91be585768796a8329d0e3e0,2021-05,Northumbria Police,Northumbria Police,-1.436669,54.899878,On or near PENWOOD ROAD,E01008813,Sunderland 014C,Investigation complete; no suspect identified
4827b610f277c6402faf3cf575c66283d27335edd25fe6ce7f8f57797a73cfa5,2021-05,Northumbria Police,Northumbria Police,-1.545807,55.006733,On or near EXETER ROAD,E01008532,North Tyneside 025B,Investigation complete; no suspect identified
f3a7593d4f7cdd5c7df60cad8b6316ee43749a0de036180adfb4acd3d802d018,2021-05,Northumbria Police,Northumbria Police,-1.655345,54.983144,On or near MIDDLEWOOD PARK,E01008346,Newcastle upon Tyne 019D,Investigation complete; no suspect identified
85434a7f146aa1760742ba059e5028647490974fbe8b677aa1f8dff45a4e0259,2021-05,Northumbria Police,Northumbria Police,-1.658991,54.969612,On or near ETHEL STREET,E01008291,Newcastle upon Tyne 027D,Investigation complete; no suspect identified
ec3827e32aa6dcfe9a339befe43953ddff7e18d5cfe3473b3e7c387fa7d4c328,2021-05,Northumbria Police,Northumbria Police,-1.518994,54.975276,On or near MAY CLOSE,E01008639,South Tyneside 009A,Investigation complete; no suspect identified
b875c689e78e13546148355939ab62b3f6c1badc086b9b72e57c3a551f7e034a,2021-05,Northumbria Police,Northumbria Police,-1.432366,54.896515,On or near HAMPSTEAD ROAD,E01008813,Sunderland 014C,Investigation complete; no suspect identified
e0962dc39cf0e9e264d89bfdbb446a6697c5b3af6a2a7ca4327ff3e1ff08a5cb,2021-05,Northumbria Police,Northumbria Police,-1.647625,55.009972,On or near AMBRIDGE WAY,E01008340,Newcastle upon Tyne 003E,Suspect charged
e0962dc39cf0e9e264d89bfdbb446a6697c5b3af6a2a7ca4327ff3e1ff08a5cb,2021-05,Northumbria Police,Northumbria Police,-1.647625,55.009972,On or near AMBRIDGE WAY,E01008340,Newcastle upon Tyne 003E,Suspect charged
a809a11c8e71395e43ca686d2b0cfa79055ce2eea8a9644c3678cd41fc1893ca,2021-05,Northumbria Police,Northumbria Police,-1.665922,54.981412,On or near Supermarket,E01008346,Newcastle upon Tyne 019D,Investigation complete; no suspect identified
fb3db01fa2ce42b1b27b4ef98de2ac8d3b38583d574bfe20f343b6b440da008d,2021-05,Northumbria Police,Northumbria Police,-1.408584,54.922309,On or near THE POPLARS,E01008820,Sunderland 005F,Investigation complete; no suspect identified
f788e5f3c33e420bda757fd42294c6026b2b5f6750908ac6eba05b84f87225e2,2021-05,Northumbria Police,Northumbria Police,-1.478998,55.040550,On or near MELVILLE GARDENS,E01008521,North Tyneside 005C,Investigation complete; no suspect identified
db21d917a69f3c14cfffad1689283de9020d77ea8f55d311032deec1b139cbe5,2021-05,Northumbria Police,Northumbria Police,-1.443822,54.887788,On or near GLADWYN ROAD,E01008733,Sunderland 021E,Investigation complete; no suspect identified
25e3db9225e3be63a0e4756196ed4ef49122b47a991b80ac47042b3da345ab5d,2021-05,Northumbria Police,Northumbria Police,-1.613117,54.956193,On or near BENSHAM ROAD,E01008170,Gateshead 008C,Investigation complete; no suspect identified
73dbce123b816268301bbcf43bd75b7114c2ce2ee3d680b71e4885cbc0dbbbda,2021-05,Northumbria Police,Northumbria Police,-1.530642,55.115102,On or near HOLYSTONE AVENUE,E01027427,Northumberland 025C,Investigation complete; no suspect identified
37993b736fe3ab4ade6ee6d8b6aad578d93059afae4c5bcd87aaadedaaddce10,2021-05,Northumbria Police,Northumbria Police,-1.688927,54.999059,On or near Supermarket,E01008445,Newcastle upon Tyne 031D,Investigation complete; no suspect identified
4b16367e94bd599228e1fa8b9ba8734e179e37a378deb4a87a1ca52034e5ff8a,2021-05,Northumbria Police,Northumbria Police,-1.520346,55.033603,On or near ALGERNON DRIVE,E01032647,North Tyneside 011E,Investigation complete; no suspect identified
c58115e2d6db3d8296c2e7a25f1a89e56c5f1abf126f4cba37e438ab3d2aa5dd,2021-05,Northumbria Police,Northumbria Police,-1.405897,54.922575,On or near GORDON TERRACE,E01033075,Sunderland 005G,Investigation complete; no suspect identified
f14c34cd3c5d1df1e4f36f3cbf8581170bcf3a55a537c5e58d85609b02c2ca63,2021-05,Northumbria Police,Northumbria Police,-1.517491,55.182545,On or near CLEVELAND TERRACE,E01027544,Northumberland 009D,Investigation complete; no suspect identified
74e712d195dd00021a4a35afe1b861bf7829991abde4a2bd153214454c752cf8,2021-05,Northumbria Police,Northumbria Police,-1.479882,55.021880,On or near SELKIRK WAY,E01008490,North Tyneside 015C,Investigation complete; no suspect identified
ceb873954eb3e13b1d593932223c36799bb98753ff54003452d3ddbfca9089bf,2021-05,Northumbria Police,Northumbria Police,-1.564085,55.023999,On or near DELAVAL ROAD,E01008500,North Tyneside 012A,Investigation complete; no suspect identified
f2ea79ba695afaed54f6dd4981209fe75aefa93da75988ee38add4177ef516a6,2021-05,Northumbria Police,Northumbria Police,-1.567854,54.948339,On or near CROWHALL LANE,E01008216,Gateshead 012C,Offender given a caution
f2ea79ba695afaed54f6dd4981209fe75aefa93da75988ee38add4177ef516a6,2021-05,Northumbria Police,Northumbria Police,-1.567854,54.948339,On or near CROWHALL LANE,E01008216,Gateshead 012C,Offender given a caution
ba369f364c31b47f88e6d21044272d1925f715a608d629706ab0a640d27d16af,2021-05,Northumbria Police,Northumbria Police,-1.377618,54.904847,On or near BOROUGH ROAD,E01008836,Sunderland 016F,Investigation complete; no suspect identified
ed0cba5a0f07ed02b8d747d3f2594c048b59e5ca34d73389d360ac330e49ffe9,2021-05,Northumbria Police,Northumbria Police,-1.682916,54.962343,On or near RIVERSIDE WAY,E01008181,Gateshead 005C,Investigation complete; no suspect identified
69c74cca017584cbb26c75d2c9e5e8d8f59cf5b8b85c5a09c97cda0be45333ff,2021-05,Northumbria Police,Northumbria Police,-1.659236,54.988636,On or near Petrol Station,E01008451,Newcastle upon Tyne 016C,Investigation complete; no suspect identified
92767499bdddb54c3682ed0a68eb56fe6bbe42811a8ae6776a8ba799df7f7182,2021-05,Northumbria Police,Northumbria Police,-1.587341,54.922176,On or near IVANHOE VIEW,E01008190,Gateshead 023B,Investigation complete; no suspect identified
e2d30b17b073bb37560025805a18412b4ea3bfcc1ddf3f74995440f2bb4a7089,2021-05,Northumbria Police,Northumbria Police,-1.497293,54.842630,On or near FRONT STREET,E01008755,Sunderland 033E,Investigation complete; no suspect identified
08a6532ef40c38f834f0e07aed317494e4302fba80009fa68bd5c2269dafbc24,2021-05,Northumbria Police,Northumbria Police,-1.620742,55.000546,On or near THE POPLARS,E01008420,Newcastle upon Tyne 005D,Investigation complete; no suspect identified
b95d2359fbb10185432fa6b0537f07aa8273317aa620d668f09ff030f88d0294,2021-05,Northumbria Police,Northumbria Police,-1.377551,54.903103,On or near LAURA STREET,E01008836,Sunderland 016F,Investigation complete; no suspect identified
69f958ea97db4354296eb2bb3f06749ba11741fe3b3f7b795450eada1b83df23,2021-05,Northumbria Police,Northumbria Police,-1.627916,54.983719,On or near CROSS MORPETH STREET,E01008394,Newcastle upon Tyne 024A,Investigation complete; no suspect identified
3847ea0a6e4d70be573c1585ff3fd7cbd035e1be930f138b3d41155930ba9c8f,2021-05,Northumbria Police,Northumbria Police,-1.626652,54.951481,On or near WOOLER CRESCENT,E01008259,Gateshead 007D,Investigation complete; no suspect identified
9e9ff8dda47fa53bbe3b4b605c0cafd14126309f1ae648c74ca2d9716fa000c6,2021-05,Northumbria Police,Northumbria Police,-1.614464,54.968814,On or near Pedestrian Subway,E01033545,Newcastle upon Tyne 024H,Investigation complete; no suspect identified
23e2a5a869ceee47d72be41246e0c584756e33255076b287d6f9e4127758bebd,2021-05,Northumbria Police,Northumbria Police,-1.699590,54.988311,On or near HARLE CLOSE,E01008330,Newcastle upon Tyne 015G,Investigation complete; no suspect identified
dbd81244600dd9ee645035567f2478c5bec2a6c27443b271bb00ee3b21b1843a,2021-05,Northumbria Police,Northumbria Police,-1.398248,54.922816,On or near COLDSTREAM AVENUE,E01033075,Sunderland 005G,Investigation complete; no suspect identified
5617d9b98e01b6fd8d801ae6539f53501d5dd4b1773c1945385a395810ddbcb7,2021-05,Northumbria Police,Northumbria Police,-1.647873,55.013765,On or near BRUNTON GROVE,E01008338,Newcastle upon Tyne 003C,Investigation complete; no suspect identified
50d87a905f2853e807340f3f09642e46dc110710268cc0801cdfe0ac83f6b309,2021-05,Northumbria Police,Northumbria Police,-1.518440,55.068560,On or near MINDRUM WAY,E01027421,Northumberland 030E,Investigation complete; no suspect identified
7a7658d3247990a430783d0ba06e97b6465a14561bba25e70f92187bba845c9a,2021-05,Northumbria Police,Northumbria Police,-1.637935,54.969524,On or near SOVEREIGN PLACE,E01008331,Newcastle upon Tyne 029A,Investigation complete; no suspect identified
51130bdcec1c1af46acf01ead2c6fe9a48f7a3c9b55344b3c611ec3dc2f967a1,2021-05,Northumbria Police,Northumbria Police,-1.373576,54.895966,On or near EDITH STREET,E01008737,Sunderland 016D,Investigation complete; no suspect identified
eb1c2c9fd5ee05e75e5e8513c5c12ab9ac14b0eea71c313ac43198d5d34cf663,2021-05,Northumbria Police,Northumbria Police,-1.637935,54.969524,On or near SOVEREIGN PLACE,E01008331,Newcastle upon Tyne 029A,Investigation complete; no suspect identified
d01322125a1faee57a09e82c60cb9988d19e90bfa372c7831f2bcc08035902ea,2021-05,Northumbria Police,Northumbria Police,-1.496431,55.000562,On or near DENBIGH AVENUE,E01008510,North Tyneside 026C,Investigation complete; no suspect identified
49803e7da1044d5fa7c22f19fedbfcb24a89ec0de900db200608305579c89399,2021-05,Northumbria Police,Northumbria Police,-1.600613,54.976291,On or near BEADNELL PLACE,E01008406,Newcastle upon Tyne 023A,Investigation complete; no suspect identified
cfee2d402229d2172273bb19ceded0039df8294f0e0452519f863358db02e310,2021-05,Northumbria Police,Northumbria Police,-1.420583,54.913596,On or near Supermarket,E01008762,Sunderland 012B,Investigation complete; no suspect identified
b95ff30d56a50a553cdf1cb38f8b6e5e2eaee86e734a928ac8bc2ec1c7106b26,2021-05,Northumbria Police,Northumbria Police,-1.612740,54.974308,On or near Shopping Area,E01008397,Newcastle upon Tyne 024C,Investigation complete; no suspect identified
f5002ce37b3deb552d24ae41f615344d79c600cb4ae51998e20e4b4ae32d4add,2021-05,Northumbria Police,Northumbria Police,-1.419906,54.908597,On or near WILFRED STREET,E01008762,Sunderland 012B,Investigation complete; no suspect identified
05fb3a7c6b0d8732a9ed1e84b57bb43c25d9e5c2cd2d6c7b6b3982eabe43d545,2021-05,Northumbria Police,Northumbria Police,-1.380861,54.904881,On or near Further/Higher Educational Building,E01008703,Sunderland 013B,Investigation complete; no suspect identified
e5d7d3fb2a9bddaa6b9fcc5a11c38e03657c82b51e180f6c01d9d9247bffb108,2021-05,Northumbria Police,Northumbria Police,-1.497775,54.962987,On or near BLACKPOOL PARADE,E01008658,South Tyneside 015F,Investigation complete; no suspect identified
4b3e8efcc5fa5e37d19a5e928eee0538fa3b92ca7cf9bc84d5ff994f402fb0b2,2021-05,Northumbria Police,Northumbria Police,-1.585309,55.001437,On or near PATTERDALE GARDENS,E01008322,Newcastle upon Tyne 007E,Investigation complete; no suspect identified
0cc45c6b7f4fc910595e0ba7d493d5aea69cca15a5270712b8527cfa6e3442e0,2021-05,Northumbria Police,Northumbria Police,-1.579227,54.989581,On or near SEFTON AVENUE,E01008365,Newcastle upon Tyne 012F,Offender given a caution
88581e50b7559ffa288d62db9a06f9f9583e3aedd2eadcd76425c32bb554d77c,2021-05,Northumbria Police,Northumbria Police,-1.489810,54.983964,On or near ELLISON PLACE,E01008604,South Tyneside 007B,Investigation complete; no suspect identified
5ac14a1c98ae7a564bf1b78e9c88cc5d9298bfc2e8ebc49b31cee1b2e6f2b856,2021-05,Northumbria Police,Northumbria Police,-1.515748,54.972406,On or near PARK ROAD,E01008641,South Tyneside 010C,Investigation complete; no suspect identified
ac23bcb002b081b52968d5fbd50f0d3f2fec800e7e992272684f73856923dae5,2021-05,Northumbria Police,Northumbria Police,-1.597801,54.935564,On or near LOWREY'S LANE,E01008239,Gateshead 020D,Investigation complete; no suspect identified
054aa63ce12e99d1eff5744071e3e48c4962cdaf38d60079a7dce291a1fb7ed8,2021-05,Northumbria Police,Northumbria Police,-1.575475,54.977823,On or near GLENDALE TERRACE,E01008392,Newcastle upon Tyne 026F,Investigation complete; no suspect identified
c9c877ad291225eda4e612659ad3ea13dc36db931df5be6c13b178a0a580649a,2021-05,Northumbria Police,Northumbria Police,-1.650234,55.008425,On or near COLGROVE PLACE,E01008340,Newcastle upon Tyne 003E,Investigation complete; no suspect identified
745d7406bb422c43dff745d6a18b57ab07f20fb014f92f7755b5bb3efae77584,2021-05,Northumbria Police,Northumbria Police,-1.646486,54.977708,On or near WINGROVE AVENUE,E01008449,Newcastle upon Tyne 022D,Suspect charged
c1a5e1a8f53ce9549aa4cd2fb460e832db86e5a66184efc4f94b4e85db60afbd,2021-05,Northumbria Police,Northumbria Police,-1.646973,55.000499,On or near MILLGROVE VIEW,E01008379,Newcastle upon Tyne 008F,Investigation complete; no suspect identified
1e30c71291d213c344ccdf2266aaa0e3c8fbf2d08620caa6f4ea738ec8b1a37f,2021-05,Northumbria Police,Northumbria Police,-1.605867,54.988601,On or near HOLLY AVENUE WEST,E01008367,Newcastle upon Tyne 017A,Offender given a caution
fe966951c52b1f60cfa2e0f1af5943f8a849bb44f8e621bc16ff640fced4d786,2021-05,Northumbria Police,Northumbria Police,-1.677757,54.974677,On or near BRAMBLE DYKES,E01033547,Newcastle upon Tyne 025E,Suspect charged
fe966951c52b1f60cfa2e0f1af5943f8a849bb44f8e621bc16ff640fced4d786,2021-05,Northumbria Police,Northumbria Police,-1.677757,54.974677,On or near BRAMBLE DYKES,E01033547,Newcastle upon Tyne 025E,Suspect charged
4d8106d23828b78dae7068be239762a2fa7d15638af79ed452a1ef76f4d9abd0,2021-05,Northumbria Police,Northumbria Police,-1.577517,55.037759,On or near MALLARD COURT,E01008477,North Tyneside 008C,Suspect charged
387b58626c4d1cbd139a8309131451048a6bb0ad6a2dfffe529c03789d1add80,2021-05,Northumbria Police,Northumbria Police,-1.605867,54.988601,On or near HOLLY AVENUE WEST,E01008367,Newcastle upon Tyne 017A,Offender given a caution
cebd43d676d8bff985e6270bcb9e82690b0796adbdf04e3d461f1b4b8d1f4fe9,2021-05,Northumbria Police,Northumbria Police,-1.605867,54.988601,On or near HOLLY AVENUE WEST,E01008367,Newcastle upon Tyne 017A,Offender given a caution
45fdb4ba90bc0a2d0b55f4c1ce5738ec67cab941c65b1ce90360dc957c0fd35f,2021-05,Northumbria Police,Northumbria Police,-1.641422,54.974441,On or near CALLERTON PLACE,E01008449,Newcastle upon Tyne 022D,Investigation complete; no suspect identified
31b8c202cb7900de56cda800351e01c19092bbd5cda0cc610483af04701398ce,2021-05,Northumbria Police,Northumbria Police,-1.572927,55.138361,On or near Petrol Station,E01027517,Northumberland 020B,Investigation complete; no suspect identified
c6de70a09469cbdac00704ac1e702a62d585cc1657d15471cdb39a79a8913eff,2021-05,Northumbria Police,Northumbria Police,-1.603791,54.969337,On or near QUAYSIDE,E01033548,Newcastle upon Tyne 023G,Investigation complete; no suspect identified
4dfdfc44f83432fd388336632dc577309e311539035c48c638cc7943961a8bac,2021-05,Northumbria Police,Northumbria Police,-1.429170,54.884377,On or near TAUNTON SQUARE,E01008829,Sunderland 023G,Investigation complete; no suspect identified
a13103bd7c87dbd732608d64deb264a6051c043bb04043bc8908d25661af48f1,2021-05,Northumbria Police,Northumbria Police,-1.381302,54.923953,On or near MORAY STREET,E01008788,Sunderland 006C,Investigation complete; no suspect identified
a23dd95b9958899550fe875f98de37b6d4ff79777a06acb1fd4f86d56619475c,2021-05,Northumbria Police,Northumbria Police,-1.442950,55.040202,On or near STATION SQUARE,E01008588,North Tyneside 006D,Investigation complete; no suspect identified
e6a02b9d4e1e6078afb5aa8ee63c66f520f34a748eb86d1ba9bd8d1216cba450,2021-05,Northumbria Police,Northumbria Police,-1.389024,54.907511,On or near LIVINGSTONE ROAD,E01008703,Sunderland 013B,Investigation complete; no suspect identified
23f4813ea49e1f746509ba832893a3ee16484cf9e1ac4ff5feac7b78f47145c1,2021-05,Northumbria Police,Northumbria Police,-1.435014,54.962451,On or near Sports/Recreation Area,E01008692,South Tyneside 019E,Investigation complete; no suspect identified
fc4eaef1f7a62b27041f8b1b562b5f73816ca0a0cc8b9dcfea55a93dc6318dfa,2021-05,Northumbria Police,Northumbria Police,-1.617444,55.041558,On or near A1056,E01008581,North Tyneside 004D,Investigation complete; no suspect identified
48647da64171d493c8f157c4a92bee7f5b967311748398301856c92e3f8d9353,2021-05,Northumbria Police,Northumbria Police,-1.557599,54.889864,On or near Motorway Service Area,E01008172,Gateshead 026A,Investigation complete; no suspect identified
d333cba14d9d9139dd5c7b4cc0a4e47e279692e9b282d950675cbd18d18a8818,2021-05,Northumbria Police,Northumbria Police,-1.486497,55.030544,On or near THE BRIDLE,E01008552,North Tyneside 009A,Investigation complete; no suspect identified
a788f4daa4e94c76c4475e8e979548afd877df5d283662fbc9eb62363ae2c858,2021-05,Northumbria Police,Northumbria Police,-1.361766,54.880600,On or near MILLTHORP CLOSE,E01008741,Sunderland 024B,Investigation complete; no suspect identified
56e5d6731f444e0b72ce64051c49f8012289f07b98a809839eaec0ea5628088c,2021-05,Northumbria Police,Northumbria Police,-1.557327,54.953055,On or near ABBOTSFORD ROAD,E01008241,Gateshead 015C,Investigation complete; no suspect identified
ea959ee4d939964bebed4cd8925df02e3a9061576837a37b34818776bae6c66a,2021-05,Northumbria Police,Northumbria Police,-1.435014,54.962451,On or near Sports/Recreation Area,E01008692,South Tyneside 019E,Investigation complete; no suspect identified
1848ae71aa052772d1f47a427d304fb4cc3abefcd456962a1d5865c8701a052e,2021-05,Northumbria Police,Northumbria Police,-1.380398,54.896459,On or near ACER COURT,E01008735,Sunderland 016B,Investigation complete; no suspect identified
6667dbe91f8a59a7bfd658d0713b81eebb006946e28f38440d411da4e5d6e76c,2021-05,Northumbria Police,Northumbria Police,-1.590977,54.920579,On or near Petrol Station,E01008190,Gateshead 023B,Investigation complete; no suspect identified
2ae25097825d361f2142e9e92ffd05882f299e912e0344516dfd7b6f13303e9d,2021-05,Northumbria Police,Northumbria Police,-1.464700,54.961561,On or near IONA ROAD,E01008603,South Tyneside 014B,Investigation complete; no suspect identified
f0242268686997168f26b9195f31a8d1ae5c258ed2c28cf9ba7e5f97a543e5db,2021-05,Northumbria Police,Northumbria Police,-1.735656,54.955325,On or near BURN ROAD,E01008279,Gateshead 005E,Investigation complete; no suspect identified
5e163cf61a789feff7ef1d07deec024b80f22b949ab01042133f15a869f789f9,2021-05,Northumbria Police,Northumbria Police,-1.477969,55.010181,On or near DENTON AVENUE,E01008492,North Tyneside 023E,Investigation complete; no suspect identified
17d82eec031c5004d5583bd34080b84c8ed5f2f25c802406f27b11cb4624c53f,2021-05,Northumbria Police,Northumbria Police,-1.554117,55.025760,On or near GREAT LIME ROAD,E01008500,North Tyneside 012A,Investigation complete; no suspect identified
73a347af8b16fe62904dc6126b98ebca532418d7ddb1cbea3fb5ebb958275c7d,2021-05,Northumbria Police,Northumbria Police,-1.378401,54.902568,On or near TOWARD ROAD,E01008836,Sunderland 016F,Investigation complete; no suspect identified
d384326a41cdce9c2ebbcb13d6a2edfc2850fc5284995b8042dd16037cf569ec,2021-05,Northumbria Police,Northumbria Police,-1.397294,54.969900,On or near EASTWAY,E01008624,South Tyneside 018A,Investigation complete; no suspect identified
63f6f352738258ab223f5bc974ccbdecb21558b4d808c8ccb889b16cbc80e9e3,2021-05,Northumbria Police,Northumbria Police,-1.578935,55.324524,On or near Bus/Coach Station,E01027362,Northumberland 006B,Investigation complete; no suspect identified
82a4a25d75fb1ce3330eaf77dffdf3b62de4b6ce873a59f92726934632ce821a,2021-05,Northumbria Police,Northumbria Police,-1.677757,54.974677,On or near BRAMBLE DYKES,E01033547,Newcastle upon Tyne 025E,Investigation complete; no suspect identified
9d2af2186d49a661db410a679b877791b920c5ceab6ed619e0cbff000125684e,2021-05,Northumbria Police,Northumbria Police,-1.512960,54.978146,On or near THE CORNFIELDS,E01008653,South Tyneside 009C,Investigation complete; no suspect identified
0467cad541b73a48ba2ce0e5c7400849be672fb93aa99416b55fe1c7fdf5cd2a,2021-05,Northumbria Police,Northumbria Police,-1.565415,54.928426,On or near BRANDON GARDENS,E01008227,Gateshead 021E,Investigation complete; no suspect identified
c5b1597d10990da0655f066e9bc30fa50472267d288abbdd31a2ccac774e424e,2021-05,Northumbria Police,Northumbria Police,-1.609215,55.133010,On or near THE CHASE,E01027522,Northumberland 021E,Investigation complete; no suspect identified
f87b10eca40e85db42714d67c005acbfd2b5785160d44c6ccb4623bfcfa1be8f,2021-05,Northumbria Police,Northumbria Police,-1.487205,55.024068,On or near BROOMLEA,E01008488,North Tyneside 015A,Investigation complete; no suspect identified
3a73368daada29f9e6745e977b54fb56beeb2e277bc1d6226da1d301a5fe7e16,2021-05,Northumbria Police,Northumbria Police,-1.678155,54.989398,On or near BECKFOOT CLOSE,E01008350,Newcastle upon Tyne 019H,Investigation complete; no suspect identified
8691df08e6941c203410d848d48515a665e273f0e4287e689d65952f29f360e5,2021-05,Northumbria Police,Northumbria Police,-1.447605,55.010038,On or near CHURCH WAY,E01008524,North Tyneside 022B,Investigation complete; no suspect identified
e386864e9dfa89189763eadc5536e0e32e01d716592cf958d99c9b815a3938bc,2021-05,Northumbria Police,Northumbria Police,-1.394309,54.870288,On or near GOATHLAND DRIVE,E01008765,Sunderland 031A,Investigation complete; no suspect identified
6facea7cbf0fa3d0d34dd4eb65b6436b0f49468621d03987a102b59c6d952849,2021-05,Northumbria Police,Northumbria Police,-1.581851,54.977629,On or near MATTHEW CLOSE,E01008303,Newcastle upon Tyne 018A,Investigation complete; no suspect identified
d0de44751d3a681afa05d702b813dfb77a9643fb75341555758bdbdc8bec629b,2021-05,Northumbria Police,Northumbria Police,-1.391179,54.908420,On or near Parking Area,E01008700,Sunderland 013A,Investigation complete; no suspect identified
f15b3f4b6b0ed699f7cd5c30c9ab417ef6bafacc936e185d97e671840fdd0cc3,2021-05,Northumbria Police,Northumbria Police,-1.601202,54.973606,On or near STEPNEY LANE,E01033553,Newcastle upon Tyne 023H,Investigation complete; no suspect identified
6a5cd01d574e697396de1d88bc2ab67b141847921313a1675ed2864767f7317a,2021-05,Northumbria Police,Northumbria Police,-1.756262,54.992410,On or near THE BY-WAY,E01008400,Newcastle upon Tyne 014A,Suspect charged
6a5cd01d574e697396de1d88bc2ab67b141847921313a1675ed2864767f7317a,2021-05,Northumbria Police,Northumbria Police,-1.756262,54.992410,On or near THE BY-WAY,E01008400,Newcastle upon Tyne 014A,Suspect charged
fb433bef524b47ab207a0bc584e0aed0534bc553500b69c4c4d7c9d67a8f738e,2021-05,Northumbria Police,Northumbria Police,-1.548354,55.182106,On or near FALDO DRIVE,E01027549,Northumberland 013E,Investigation complete; no suspect identified
7a2fb48218faf8ac3ab50f2400869b695d2a7ccd90473acce136330ae7e70043,2021-05,Northumbria Police,Northumbria Police,-1.374793,54.904958,On or near HUDSON ROAD,E01008836,Sunderland 016F,Investigation complete; no suspect identified
92a712502f3295ad8944218311781270a400fc5b0039fb1eb0d09438e3d4b619,2021-05,Northumbria Police,Northumbria Police,-1.533031,54.940967,On or near SEATON CLOSE,E01008284,Gateshead 014B,Investigation complete; no suspect identified
73e7c59fa699aaf4670275da05237f1dd4325dfd2a4517b954c4cf3640a2929c,2021-05,Northumbria Police,Northumbria Police,-1.693267,54.989455,On or near CROSSLAW,E01008325,Newcastle upon Tyne 015B,Investigation complete; no suspect identified
ec0afd56cf155265a3ef0940819c8e3981e0d1b8bc5c69bc0431c3cad5dc7b6a,2021-05,Northumbria Police,Northumbria Police,-1.533031,54.940967,On or near SEATON CLOSE,E01008284,Gateshead 014B,Investigation complete; no suspect identified
f181a5db1096a6c153f1c8a435a48989d2835562423cfdd3b7a2b7b17eebaabd,2021-05,Northumbria Police,Northumbria Police,-1.474776,55.022397,On or near BLANDFORD ROAD,E01008489,North Tyneside 015B,Investigation complete; no suspect identified
10a7aa5dc864ba0aefe8bb55a0737cc6de2d5d42a6ea66cd6d6048bfd32f94c3,2021-05,Northumbria Police,Northumbria Police,-1.567314,54.928855,On or near WINGATE GARDENS,E01008218,Gateshead 021A,Investigation complete; no suspect identified
d6965d477f0a014f88115457309926123140720cfb0c08ec205e2f1ae7b42f80,2021-05,Northumbria Police,Northumbria Police,-1.601804,54.961701,On or near JACKSON STREET,E01008166,Gateshead 027C,Investigation complete; no suspect identified
ae2e9b85b02b792a050df899e4d1fded327da8ee6ca72e604cd3dfd6e0e5f62b,2021-05,Northumbria Police,Northumbria Police,-1.477686,54.854841,On or near HILLVIEW ROAD,E01008721,Sunderland 032B,Investigation complete; no suspect identified
5700cc9ecd5d767b0feb7b85ea3367f00e41157baf128b651c968cc65e82b101,2021-05,Northumbria Police,Northumbria Police,-1.431131,54.988575,On or near CHICHESTER ROAD,E01008664,South Tyneside 002A,Investigation complete; no suspect identified
7aee2818e4114235baaa8daedbdb6aa77f3309440ca9941231451d9940d95782,2021-05,Northumbria Police,Northumbria Police,-1.622615,54.967464,On or near Bus/Coach Station,E01033545,Newcastle upon Tyne 024H,Investigation complete; no suspect identified
1c6a767fa1302d2f633afa9e9518520696a7e845ab39b47af544015de684c218,2021-05,Northumbria Police,Northumbria Police,-1.413473,54.970222,On or near ORCHID GARDENS,E01033074,South Tyneside 013E,Investigation complete; no suspect identified
88781af692f0552b34fa374374b9b039e4ce72dd531e8e7b0e83a540f5d6ec7d,2021-05,Northumbria Police,Northumbria Police,-1.760024,54.972288,On or near Supermarket,E01008249,Gateshead 001D,Investigation complete; no suspect identified
bcc8b72d2310f686324942d670099907d65e8b86edd322fe68452ff87ba42f08,2021-05,Northumbria Police,Northumbria Police,-1.661568,54.980735,On or near SORREL CLOSE,E01008348,Newcastle upon Tyne 019F,Investigation complete; no suspect identified
3c549a5d5e69b9dfcc9237c481b55181d0b9a5a7a4bc46b3f8884321c7fb4d9f,2021-05,Northumbria Police,Northumbria Police,-1.637935,54.969524,On or near SOVEREIGN PLACE,E01008331,Newcastle upon Tyne 029A,Investigation complete; no suspect identified
9ffe681d7a8a9e19a42f0550a25296916e7075ac788423bd1002f099245938b4,2021-05,Northumbria Police,Northumbria Police,-1.599078,54.949965,On or near DURHAM ROAD,E01008203,Gateshead 028B,Investigation complete; no suspect identified
612a81854d2416d3897a842e2b00d50dd09f09785b5a74539d2bf0a2ca6e85ca,2021-05,Northumbria Police,Northumbria Police,-1.590612,54.950386,On or near EDGWARE ROAD,E01008204,Gateshead 011D,Investigation complete; no suspect identified
9bfc5c24e0b78e01cd7412778a9049c5c18490a7ca74db8579297f185d874903,2021-05,Northumbria Police,Northumbria Police,-1.536580,55.020537,On or near Supermarket,E01008501,North Tyneside 018D,Investigation complete; no suspect identified
f28e59cffd516f8541b3e1970bf6a7c57bb289f9665f6da1b9c7962772799914,2021-05,Northumbria Police,Northumbria Police,-1.457831,54.840546,On or near EARSDON ROAD,E01008714,Sunderland 034A,Investigation complete; no suspect identified
2c4fe35e0cbbd7b709df8c8834def40769d3451bcaf4c97edbe8322766e2987a,2021-05,Northumbria Police,Northumbria Police,-1.571358,55.021140,On or near WEARDALE AVENUE,E01008471,North Tyneside 019A,Investigation complete; no suspect identified
b5b10a3a8e80161de471a5a89de0114e3a09544e4d2ce94098fa122137525fe7,2021-05,Northumbria Police,Northumbria Police,-1.586985,54.976757,On or near Petrol Station,E01008304,Newcastle upon Tyne 026C,Investigation complete; no suspect identified
5aa01bac9a1586ed9fe2f74e456035ed728169caf066f61d02ea7da735bfeefb,2021-05,Northumbria Police,Northumbria Police,-1.548974,55.185640,On or near ST CHRISTOPHERS CLOSE,E01027540,Northumberland 013B,Investigation complete; no suspect identified
f147a5b107df60968e05c5f994a6ca10bf349a9c5764d9bc5626393885fa74a7,2021-05,Northumbria Police,Northumbria Police,-1.585779,54.954225,On or near KING EDWARD PLACE,E01008164,Gateshead 027B,Investigation complete; no suspect identified
a883e2a24d5a3e9e9011a8e6f262d6949aa161196c6907a8d2d7980e292b1dc5,2021-05,Northumbria Police,Northumbria Police,-1.521409,55.006046,On or near BOREHAM CLOSE,E01008462,North Tyneside 024A,Investigation complete; no suspect identified
41d6cf331da7071f40c0b0b80bc63a70b3f08943f6195accb8038e015615d697,2021-05,Northumbria Police,Northumbria Police,-1.586985,54.976757,On or near Petrol Station,E01008304,Newcastle upon Tyne 026C,Investigation complete; no suspect identified
1ae72a27eba5a3b262536a56fa87bd631c3bb49e8cac30a65eaf8e0644359921,2021-05,Northumbria Police,Northumbria Police,-1.510467,55.135520,On or near WORSDELL STREET,E01027552,Northumberland 020G,Investigation complete; no suspect identified
aecf99b8d2d65fea96900a6b2383feaced8d9a7399559bf31733e18b9585456e,2021-05,Northumbria Police,Northumbria Police,-1.615061,54.975034,On or near Shopping Area,E01008397,Newcastle upon Tyne 024C,Investigation complete; no suspect identified
afe8b7802282994e155fef8d15f9cc68cad4510ccc451f243391173242ff4b71,2021-05,Northumbria Police,Northumbria Police,-1.444423,54.981168,On or near DEVONSHIRE STREET,E01008671,South Tyneside 012C,Investigation complete; no suspect identified
3cbcd819a7b9cb6c0db38203a777e857b888c1e2402ea602ff3babe800151a43,2021-05,Northumbria Police,Northumbria Police,-1.388963,54.906423,On or near Theatre/Concert Hall,E01008703,Sunderland 013B,Investigation complete; no suspect identified
37d04a43aca9af2eee4bc865c8bb9db924b7d5d8177b43af4ca21e138f0b0ade,2021-05,Northumbria Police,Northumbria Police,-1.465641,54.967155,On or near JOHN REID ROAD,E01008602,South Tyneside 014A,Investigation complete; no suspect identified
e9fa9b3276471dc6a07032c620ad19d9baa9f66f13972874821341ba3c7718cf,2021-05,Northumbria Police,Northumbria Police,-1.505820,55.124439,On or near MAUGHAN STREET,E01027414,Northumberland 023A,Investigation complete; no suspect identified
74e932b8501090c2487b56fe732bcd683d5ae6459e489089f374e5c291f6f179,2021-05,Northumbria Police,Northumbria Police,-1.614223,54.974393,On or near ELDON LANE,E01008397,Newcastle upon Tyne 024C,Investigation complete; no suspect identified
62bf1baea424c1b49609f7c379517852f832c7e89b6fb8cb3e9143a9281c9675,2021-05,Northumbria Police,Northumbria Police,-1.592391,55.127851,On or near MILLFIELD NORTH,E01027514,Northumberland 021A,Investigation complete; no suspect identified
5ae444cca1a9bb817b8c2774aa53fd80ed10627b961f56ec22495c268cd47d91,2021-05,Northumbria Police,Northumbria Police,-1.441335,54.924459,On or near ROBERTSON SQUARE,E01008839,Sunderland 003D,Investigation complete; no suspect identified
238ab5892581dc806a4b7372ffd8baa04a53d880ede3d55980d86f275b7414d6,2021-05,Northumbria Police,Northumbria Police,-1.386652,54.888106,On or near STANNINGTON GARDENS,E01008784,Sunderland 022E,Investigation complete; no suspect identified
a30ff3055f66f9ca1ef3a0a3e60646453dba4ded242fac8e09bbb9c5cf17fa90,2021-05,Northumbria Police,Northumbria Police,-1.501319,55.110574,On or near OBERON WAY,E01027441,Northumberland 023D,Investigation complete; no suspect identified
e7e5f60c2dee7a5d5e724b6e1805b9729a9f97806acdbecf69a7f6d613bd6452,2021-05,Northumbria Police,Northumbria Police,-1.401799,54.928522,On or near EYEMOUTH LANE,E01008712,Sunderland 004A,Offender given a drugs possession warning
390554ba0e0e6b97d13831ce168ea64c12971d8786068a56b8e5176a4b499761,2021-05,Northumbria Police,Northumbria Police,-1.379180,54.926989,On or near FRIARAGE AVENUE,E01008728,Sunderland 002D,Investigation complete; no suspect identified
c99207ea4f94393a1e47cbd7d9b515f16c151284449028fd68bd979624f89510,2021-05,Northumbria Police,Northumbria Police,-1.737736,54.921299,On or near Parking Area,E01008184,Gateshead 022A,Investigation complete; no suspect identified
49f217f077afc340917578533bf074c9f63edbe3fd988172930391d8c3f5488c,2021-05,Northumbria Police,Northumbria Police,-1.734853,54.953913,On or near HERD CLOSE,E01008279,Gateshead 005E,Investigation complete; no suspect identified
1c9042d37c369b3c4a742d7d4d9f66eba659bb8e65920c2ba59c27879a9b770d,2021-05,Northumbria Police,Northumbria Police,-1.599108,54.920310,On or near WOODFORD,E01008189,Gateshead 023A,Investigation complete; no suspect identified
aa618fbb39fb5c28f43b82e60b46e723c658a8e88241e4cdb95d0b06e7f0b3bf,2021-05,Northumbria Police,Northumbria Police,-1.580118,54.896594,On or near MORRIS STREET,E01008175,Gateshead 026D,Investigation complete; no suspect identified
1bae9b05261810641e7219f607804b946386a80233f0b743cf7e4d65fd074b2a,2021-05,Northumbria Police,Northumbria Police,-1.668687,55.009942,On or near BEAMINSTER WAY,E01008293,Newcastle upon Tyne 004A,Investigation complete; no suspect identified
6ebd1aeeff2dd9b7874bd21d57146e9d38494ea07e41bf5f8c2f22aa079b4a95,2021-05,Northumbria Police,Northumbria Police,-1.585962,54.954675,On or near KINGS CLOSE,E01008164,Gateshead 027B,Investigation complete; no suspect identified
6f3dbb64f573d26251be18f9eb352a4d9a2973e5a598cd9c7563b541cf63eb54,2021-05,Northumbria Police,Northumbria Police,-1.666770,54.946934,On or near WINDERMERE GARDENS,E01008264,Gateshead 009C,Investigation complete; no suspect identified
ccb4809f0329d307a3ce1b09127bfa439d702bb2c022cad38c31f8a5599bff8a,2021-05,Northumbria Police,Northumbria Police,-1.601912,55.056605,On or near GREEN CRESCENT,E01008583,North Tyneside 002E,Investigation complete; no suspect identified
32cab6652366ab10ff374f8e00a0e3895b10ef3539c10b02bc50b69d1cd76d72,2021-05,Northumbria Police,Northumbria Police,-1.458460,54.841250,On or near THRUNTON COURT,E01008714,Sunderland 034A,Investigation complete; no suspect identified
c08d16af392deb1ce6e47bce9ca699a75779d6e8b4a39d64b45ef6e17a55b891,2021-05,Northumbria Police,Northumbria Police,-1.433036,54.959800,On or near HOGARTH ROAD,E01008689,South Tyneside 019B,Investigation complete; no suspect identified
65221597f4bc92030596ef0e35d410b6a95c09aeb9e9b504cd59429c5b1e7f7c,2021-05,Northumbria Police,Northumbria Police,-1.414404,54.923353,On or near PINEWOOD SQUARE,E01008817,Sunderland 004B,Investigation complete; no suspect identified
5ed26744b7ce3c53e1070bf537d649659851dd9bceb96219569d29c86733da8b,2021-05,Northumbria Police,Northumbria Police,-1.433036,54.959800,On or near HOGARTH ROAD,E01008689,South Tyneside 019B,Investigation complete; no suspect identified
225b71e527f27db4136ec8224c57c65e539681e67365dcc619dcb615e517f6ef,2021-05,Northumbria Police,Northumbria Police,-1.382451,54.906974,On or near STATION STREET,E01008703,Sunderland 013B,Investigation complete; no suspect identified
b16da8cc1a57537d839ebffcf87ad8b209242bec45d05b5d2b0af1fb2a2c39d1,2021-05,Northumbria Police,Northumbria Police,-1.607817,54.971327,On or near Pedestrian Subway,E01033553,Newcastle upon Tyne 023H,Investigation complete; no suspect identified
d58c5fa0cd93ef60c28bed4c7f6f27d1b5f9c275628758c14597e086149ceeb2,2021-05,Northumbria Police,Northumbria Police,-1.605905,54.992717,On or near Supermarket,E01008372,Newcastle upon Tyne 013D,Investigation complete; no suspect identified
4d0eac6924b35465e7512ad1964df362e71c941b9cde5c775302b480313698eb,2021-05,Northumbria Police,Northumbria Police,-1.820785,54.917558,On or near WILLIAM STREET,E01008186,Gateshead 024B,Investigation complete; no suspect identified
e8c2d6a23bcf219ef0cff621b9d03df5a454c0befe8f066c25e689d3c51b8178,2021-05,Northumbria Police,Northumbria Police,-1.572467,54.985918,On or near ROTHBURY TERRACE,E01008360,Newcastle upon Tyne 018C,Investigation complete; no suspect identified
be5e88aea1da0ccb44ffc6ad4aca7498d35b5482d4bb03c13fb89e6142cf0c28,2021-05,Northumbria Police,Northumbria Police,-1.558986,54.965480,On or near ELSTOB PLACE,E01008390,Newcastle upon Tyne 030A,Investigation complete; no suspect identified
16f794d15b5e643be18aeca28332a19c0a0c0271db39c821946a039121a049de,2021-05,Northumbria Police,Northumbria Police,-1.555656,54.934618,On or near KELLSWAY,E01008232,Gateshead 018C,Investigation complete; no suspect identified
1f853f7cb6e758cda6880fab9464cf6b8df0f5c6fac014f4009678a3d54a1c9e,2021-05,Northumbria Police,Northumbria Police,-1.591407,55.012079,On or near WEST FARM AVENUE,E01032649,North Tyneside 019F,Investigation complete; no suspect identified
469557d9795a58e366136444e15287af2ba102dfe0abf03fbe226383d5bcd0f5,2021-05,Northumbria Police,Northumbria Police,-1.445616,54.812723,On or near WHITE GATES DRIVE,E01008745,Sunderland 036C,Investigation complete; no suspect identified
9a2276879d393463b528abfe53b59fcf0ebd8e6652e005f19dae4515ed8e7aaa,2021-05,Northumbria Police,Northumbria Police,-1.501158,54.992485,On or near QUAY VIEW,E01008543,North Tyneside 028C,Investigation complete; no suspect identified
7794f207eecd4af8d91841cc7a00bd17af5a4997d4a3ea3963fb81fc2e06727f,2021-05,Northumbria Police,Northumbria Police,-1.641422,54.974441,On or near CALLERTON PLACE,E01008449,Newcastle upon Tyne 022D,Investigation complete; no suspect identified
ef6c63b76f876c1dbd641f60a7a291b4f72cb56cb5e5536bc2b55dd35c748fe4,2021-05,Northumbria Police,Northumbria Police,-1.556900,54.986186,On or near LARCHWOOD AVENUE,E01008433,Newcastle upon Tyne 020C,Investigation complete; no suspect identified
224b680ba9f49c0923348d8c21f590a745a4b8a603eac26e35c82ddfdc73a80f,2021-05,Northumbria Police,Northumbria Police,-1.604153,54.962643,On or near Shopping Area,E01008168,Gateshead 027D,Investigation complete; no suspect identified
6ee71c06d39f659c2330a82acf7c146ea8506caa4aec7232980df02e5db9b71f,2021-05,Northumbria Police,Northumbria Police,-1.558986,54.965480,On or near ELSTOB PLACE,E01008390,Newcastle upon Tyne 030A,Investigation complete; no suspect identified
082d2a657cb68f4da67df1a9684401e705c18c0fd31279fffbd691877c4877fd,2021-05,Northumbria Police,Northumbria Police,-1.503366,54.845100,On or near A1052,E01008755,Sunderland 033E,Investigation complete; no suspect identified
eb57aafcb5f188b0a58fbb6a4f440364cae66cd47d35871bba857f36123b18af,2021-05,Northumbria Police,Northumbria Police,-1.447330,54.815939,On or near SHAFTSBURY PARK,E01008745,Sunderland 036C,Investigation complete; no suspect identified
6ff8ee2a1eb496205df4ecc31bb2e4c8fc0da95bcd890ed130a17d3af1f0f9bb,2021-05,Northumbria Police,Northumbria Police,-1.606291,54.945279,On or near Park/Open Space,E01008255,Gateshead 010E,Investigation complete; no suspect identified
53cab6d3701038d3264d4dd8e01cd1d4932c347f0810100259873af54e7b9acd,2021-05,Northumbria Police,Northumbria Police,-1.614464,54.968814,On or near Pedestrian Subway,E01033545,Newcastle upon Tyne 024H,Investigation complete; no suspect identified
726b84385e70c84670a010a48357d2c50ce9a1400252f7bbd044f09bb1c35ea0,2021-05,Northumbria Police,Northumbria Police,-1.579217,54.956134,On or near PENSHER STREET,E01008214,Gateshead 003A,Investigation complete; no suspect identified
aa793d851302f9197f45aaa49eff7f72b1e0ef46f02e3261e40a7e9e2fda2c02,2021-05,Northumbria Police,Northumbria Police,-1.484455,54.954278,On or near CORNHILL,E01008628,South Tyneside 020B,Investigation complete; no suspect identified
484caf5082a5f8c4469f0b55d52509d36ecc2dce753e7eb04a75be3404e7f611,2021-05,Northumbria Police,Northumbria Police,-1.403639,54.885324,On or near NURSERY CLOSE,E01008782,Sunderland 022C,Investigation complete; no suspect identified
d5cf71e65bb8f7b8ac2b36021215c53afffc582e18474ccde50176f25cb51215,2021-05,Northumbria Police,Northumbria Police,-1.433693,54.978612,On or near WEST WAY,E01008591,South Tyneside 011B,Investigation complete; no suspect identified
4163c57ff7a1a3f29f54de50847e7e2d71eee39d3041b88a71d8082c632007e7,2021-05,Northumbria Police,Northumbria Police,-1.388582,54.903788,On or near Further/Higher Educational Building,E01008831,Sunderland 013D,Investigation complete; no suspect identified
0509c4415e19a3973d9d47b7b2df0afdbb718d073d87c099b40541459e24fb15,2021-05,Northumbria Police,Northumbria Police,-1.383537,54.895100,On or near CORBY GATE,E01008740,Sunderland 022A,Investigation complete; no suspect identified
85e75b05847c968bf1f9f00b00acb035d6e158e84a64b4010b0b2a7a3e9261ea,2021-05,Northumbria Police,Northumbria Police,-1.402909,54.872452,On or near SILKSWORTH TERRACE,E01008805,Sunderland 027C,Investigation complete; no suspect identified
3d41b894b9f4e02c9ce8a60da8c980b3258ab5cd1d5b89fad47865d1ecc27509,2021-05,Northumbria Police,Northumbria Police,-1.503967,54.868530,On or near LACEBARK,E01008795,Sunderland 030B,Investigation complete; no suspect identified
cef00724f623df47bab5bd8b74715f7fc3672df884c14b79d0abf28ae0f071c3,2021-05,Northumbria Police,Northumbria Police,-1.531197,55.007378,On or near Sports/Recreation Area,E01008464,North Tyneside 024C,Investigation complete; no suspect identified
880f9956430b7180bfff0ef274ea1606436160d827e7c08b427b9612000cc603,2021-05,Northumbria Police,Northumbria Police,-1.448017,54.921893,On or near CRANBERRY SQUARE,E01008694,Sunderland 008B,Investigation complete; no suspect identified
3bfae0f5e88f23f9e9794c092dbf0c3f695154e08286553a3ca9e11df91be598,2021-05,Northumbria Police,Northumbria Police,-1.447484,55.008618,On or near Supermarket,E01008524,North Tyneside 022B,Investigation complete; no suspect identified
0ba472da06ba7203f93826ed12f9de1a2a8e184daab1d578f1213e6ea9de3c05,2021-05,Northumbria Police,Northumbria Police,-1.429462,54.990508,On or near JOHN CLAY STREET,E01008668,South Tyneside 002E,Investigation complete; no suspect identified
b310cbaf424eba8ab43152d29b90d698e67715c1e6f7e0ee2664fcf4f1c27b1d,2021-05,Northumbria Police,Northumbria Police,-1.369117,54.906915,On or near ADELAIDE PLACE,E01008702,Sunderland 016A,Investigation complete; no suspect identified
459627bbf9e255ba874b4584f76cd6833943f75847e23d4a450a2d44294f9124,2021-05,Northumbria Police,Northumbria Police,-1.376526,54.892746,On or near Petrol Station,E01008740,Sunderland 022A,Investigation complete; no suspect identified
4db12af4a6e249232193cf0fc4ef2982ea939c0b830d6fe41c5c0d53944ff870,2021-05,Northumbria Police,Northumbria Police,-1.671422,54.950847,On or near ALEXANDRA DRIVE,E01008265,Gateshead 009D,Investigation complete; no suspect identified
3e9ed1ba8beb4687c75c7616a0de8080df198e96f6e32db5f66f13432c666b94,2021-05,Northumbria Police,Northumbria Police,-1.431183,54.959468,On or near WHITELEAS WAY,E01008689,South Tyneside 019B,Investigation complete; no suspect identified
968cf64035cd4b8461ee265355454a8163329f88edcf10d129cecfc62994a1b7,2021-05,Northumbria Police,Northumbria Police,-2.066976,54.845098,On or near BALE HILL,E01027506,Northumberland 039D,Investigation complete; no suspect identified
2305dcef6cadf1ce2953b5a741855722079a54cb3a4840f767567ae5cbda3195,2021-05,Northumbria Police,Northumbria Police,-1.570357,55.012366,On or near EASTFIELD ROAD,E01008469,North Tyneside 018A,Investigation complete; no suspect identified
31dc5b96fbd0315f101ec16459005cd8670e813af8878031d43702cdbddb8665,2021-05,Northumbria Police,Northumbria Police,-1.580237,54.948104,On or near SHERIFFS CLOSE,E01008202,Gateshead 011C,Investigation complete; no suspect identified
549c22c9245aae4782d611e11a058372eb1c1ab32b42150ba75c4ed44ae6d8a8,2021-05,Northumbria Police,Northumbria Police,-1.569751,54.949128,On or near Supermarket,E01008215,Gateshead 003B,Suspect charged
68e9d8bcf3b141bf3e85c421bbbada9531707d6586ddb204b6d7adfb6bc06849,2021-05,Northumbria Police,Northumbria Police,-1.585313,54.988946,On or near IVYMOUNT ROAD,E01008365,Newcastle upon Tyne 012F,Investigation complete; no suspect identified
5ba20aed7139588207aa2538fdddd72f87cb7120aee92bc6a942175858a6eece,2021-05,Northumbria Police,Northumbria Police,-1.446908,55.007294,On or near RUDYERD STREET,E01008524,North Tyneside 022B,Offender given a drugs possession warning
d07895dd900bf66d914ec162cbb6f78d1569f878d11fcca202dec53d2c4f9952,2021-05,Northumbria Police,Northumbria Police,-1.626590,55.005434,On or near BROOMFIELD ROAD,E01008419,Newcastle upon Tyne 006E,Investigation complete; no suspect identified
5b0afc68123d46ce846c8636a63bd4ef51c840ea9b524950898d6c5e0f7eeb81,2021-05,Northumbria Police,Northumbria Police,-1.598220,54.992197,On or near GROSVENOR AVENUE,E01008366,Newcastle upon Tyne 013A,Investigation complete; no suspect identified
3346b63110824e32d681b425b52015af37fad0a34a3cdfe0dcb227918bfada66,2021-05,Northumbria Police,Northumbria Police,-1.523994,55.119138,On or near NEWSHAM ROAD,E01027422,Northumberland 024B,Investigation complete; no suspect identified
a8b081eb55e930597e17ea43298dec24ef82824fdecc031cdbf9d17708b8c3f2,2021-05,Northumbria Police,Northumbria Police,-1.581646,54.988394,On or near HEATON ROAD,E01008365,Newcastle upon Tyne 012F,Investigation complete; no suspect identified
94d3c5b86a041b9647028a9607f48592f75257a09d35272af10d6bb30db94e3c,2021-05,Northumbria Police,Northumbria Police,-1.585278,54.902767,On or near MARY AVENUE,E01008223,Gateshead 025B,Offender given a caution
4f8e87ddf7f4d7b1e47dad36c6ecc821950d035912e13e20e38eff984da04d2f,2021-05,Northumbria Police,Northumbria Police,-1.464348,54.975120,On or near CUTHBERT COURT,E01008600,South Tyneside 007A,Investigation complete; no suspect identified
87cf3b158c881ef920e3c19693c8117e8e0915e3edb132639996e2d9fc8caf60,2021-05,Northumbria Police,Northumbria Police,-1.370327,54.916285,On or near Petrol Station,E01008791,Sunderland 006F,Investigation complete; no suspect identified
6a7b27e0b907b245f37590a0803137da918476f193bff7d3464e067a72c47969,2021-05,Northumbria Police,Northumbria Police,-1.600562,55.135606,On or near FORUM COURT,E01027520,Northumberland 021C,Investigation complete; no suspect identified
72167e37506cf90b584d5cf16dba63e56f5e1daeb1488afa57b0be77c57d0d08,2021-05,Northumbria Police,Northumbria Police,-1.526906,54.990683,On or near HOLLY AVENUE,E01008572,North Tyneside 029A,Investigation complete; no suspect identified
d27217c8f5d25b9a31750302132f53cad68bb9a159f3a61c943b99c803f4d9db,2021-05,Northumbria Police,Northumbria Police,-1.439796,54.897071,On or near Supermarket,E01008810,Sunderland 014A,Investigation complete; no suspect identified
b5dfc00e861121a4a3f90625bb6d461bc1ff98a188c8d29e7f6d0d47b0c89062,2021-05,Northumbria Police,Northumbria Police,-1.613800,55.132413,On or near MEADOWDALE CRESCENT,E01027522,Northumberland 021E,Investigation complete; no suspect identified
b3dea0e877fabcb0a55fdb5f142afb18b10961169e0250cfc941c66e671146f4,2021-05,Northumbria Police,Northumbria Police,-1.628600,54.950283,On or near Parking Area,E01008259,Gateshead 007D,Investigation complete; no suspect identified
661f8ab9e51a47b7c33182b4e35018d278dee6c8de407d938a3a24e792aa441f,2021-05,Northumbria Police,Northumbria Police,-1.475631,55.002380,On or near A193,E01008484,North Tyneside 023C,Investigation complete; no suspect identified
42dc052e1db101dc9fca81a377d3623cad82d2e16ca40bf7b5da4ee0ffb1442a,2021-05,Northumbria Police,Northumbria Police,-1.601308,54.958177,On or near HIGH WEST STREET,E01008168,Gateshead 027D,Investigation complete; no suspect identified
dd4aec1c25464d3df3a45a90a1445003c452952122d0ebbd8e2e3dcc94e19d1a,2021-05,Northumbria Police,Northumbria Police,-1.572927,55.138361,On or near Petrol Station,E01027517,Northumberland 020B,Investigation complete; no suspect identified
4d9e614b4fbcaef8e996a67b2bd29569c64dfec84a7163c8e849ba55be2156c3,2021-05,Northumbria Police,Northumbria Police,-1.615687,55.012581,On or near HOLLYWOOD CRESCENT,E01008351,Newcastle upon Tyne 005A,Investigation complete; no suspect identified
e88763721255e3b926fd1b363b35da3908d1240b66d18b130a9ec9fae8fb11aa,2021-05,Northumbria Police,Northumbria Police,-1.509129,55.013015,On or near BELLSHILL CLOSE,E01008467,North Tyneside 021C,Investigation complete; no suspect identified
8b1d845da2caa33fc4e89c3e4a7bf5961e13919881d15d863ec0e52f305f4f75,2021-05,Northumbria Police,Northumbria Police,-1.563565,54.975373,On or near CULLERCOATS STREET,E01008388,Newcastle upon Tyne 028A,Investigation complete; no suspect identified
96e09dfaf6e2373248101e380352a5c86e861622cb40af12c1e646576e6ed5b5,2021-05,Northumbria Police,Northumbria Police,-1.431874,54.973562,On or near NORA STREET,E01008592,South Tyneside 011C,Investigation complete; no suspect identified
f551501ca0bc7a2fa31f212d115e00187b6be82469ec1e258d348f62d228d006,2021-05,Northumbria Police,Northumbria Police,-1.542533,54.959210,On or near THE SLIPWAY,E01008244,Gateshead 003D,Investigation complete; no suspect identified
729392a9655ac576e6e71c867e2356b85982853d7cbecb2cb3aa7bb1474e689f,2021-05,Northumbria Police,Northumbria Police,-1.546080,55.212272,On or near Supermarket,E01027451,Northumberland 008E,Investigation complete; no suspect identified
b77bbacf6e98e4b6d5732ceb34e961bd756e61d33efc34066788bd2cfd4d7f17,2021-05,Northumbria Police,Northumbria Police,-1.384954,54.900346,On or near STOCKTON ROAD,E01008834,Sunderland 013E,Investigation complete; no suspect identified
9f01dbfec9bdfca3cdc6ee4f7c962bd55e1445e56513c7542a6ac599180dba21,2021-05,Northumbria Police,Northumbria Police,-1.665432,54.997091,On or near WILBURY PLACE,E01008297,Newcastle upon Tyne 011B,Investigation complete; no suspect identified
42ec11cde621b3e5ea9e2385a958c3248255af725e86c5ed01e21bc269f9bcb0,2021-05,Northumbria Police,Northumbria Police,-1.655752,54.970249,On or near Supermarket,E01008332,Newcastle upon Tyne 029B,Investigation complete; no suspect identified
5d2d30f8962b571328f56fc9264a7ed4aa7b0129777055a1ce49fc6504c1c809,2021-05,Northumbria Police,Northumbria Police,-1.615435,54.971836,On or near Nightclub,E01033543,Newcastle upon Tyne 024G,Investigation complete; no suspect identified
dadc4212ecd4cbf5a92b163558beb44423ac7fa21954769cba27b2074973cb0d,2021-05,Northumbria Police,Northumbria Police,-1.542305,54.998533,On or near REGENT ROAD,E01008533,North Tyneside 030A,Investigation complete; no suspect identified
31e0a35284a7287e4075955a08b3de3b828fc4fdabc78f01a530e5f0c7060ecd,2021-05,Northumbria Police,Northumbria Police,-1.526231,54.993547,On or near DURHAM STREET,E01008573,North Tyneside 029B,Investigation complete; no suspect identified
acb9dc26a02a58f0acb7a0509a23792429d219db6e15d5f3f8e860de772811e2,2021-05,Northumbria Police,Northumbria Police,-1.582323,54.986366,On or near BURLINGTON GARDENS,E01008365,Newcastle upon Tyne 012F,Investigation complete; no suspect identified
9001aec7f6ee35a2ef9723a5fb3b2e8861c4c1167806e1ba20ac65696822276b,2021-05,Northumbria Police,Northumbria Police,-1.441944,54.895112,On or near PENROSE ROAD,E01008731,Sunderland 021C,Investigation complete; no suspect identified
82d47b55dde6f1338e916445ee57852d4c5b652ec033d8ebb674def0847e7c75,2021-05,Northumbria Police,Northumbria Police,-1.369564,54.934173,On or near KINGS AVENUE,E01008723,Sunderland 002A,Investigation complete; no suspect identified
42a59e111de9c3fe7e7870989b4d51d3fce27d4481f349b3cc4e740ea95269d0,2021-05,Northumbria Police,Northumbria Police,-1.577226,54.976176,On or near CONYERS ROAD,E01008303,Newcastle upon Tyne 018A,Suspect charged
42a59e111de9c3fe7e7870989b4d51d3fce27d4481f349b3cc4e740ea95269d0,2021-05,Northumbria Police,Northumbria Police,-1.577226,54.976176,On or near CONYERS ROAD,E01008303,Newcastle upon Tyne 018A,Investigation complete; no suspect identified
f35f61c3d36f7e90b2bd5f265d78c277abc1b51b73155aef9ac40cc67c46e31f,2021-05,Northumbria Police,Northumbria Police,-1.447484,55.008618,On or near Supermarket,E01008524,North Tyneside 022B,Investigation complete; no suspect identified
2a8faf10e23f1e34457584fd962df8494d38caa7ee58926d59a3bc336227f903,2021-05,Northumbria Police,Northumbria Police,-1.365214,54.869439,On or near THOMAS STREET,E01008769,Sunderland 028E,Suspect charged
2da12612782477ff24a713dc48f46524f8b18d7cdf13186937fccde59915f8a9,2021-05,Northumbria Police,Northumbria Police,-1.426180,55.016804,On or near NEWCASTLE TERRACE,E01008558,North Tyneside 016A,Investigation complete; no suspect identified
80faba495705274946eeea22c467b936f38831a7d1aeb7d2ff6ca79891fa9df4,2021-05,Northumbria Police,Northumbria Police,-1.521409,55.006046,On or near BOREHAM CLOSE,E01008462,North Tyneside 024A,Offender given a caution
4696ca26b82ea01333f0cc64be5d8c5082a8ccaac12ecca8f0b8af67696275bd,2021-05,Northumbria Police,Northumbria Police,-1.521409,55.006046,On or near BOREHAM CLOSE,E01008462,North Tyneside 024A,Offender given a caution
da7aa23caad61ddab89e2a020889fa93fe5811b2454add63f945ae7d9dbc6607,2021-05,Northumbria Police,Northumbria Police,-1.521681,55.005571,On or near ALEXANDREA WAY,E01008462,North Tyneside 024A,Investigation complete; no suspect identified
0e1fce754dbcc83c68a215ebe0bf7f2dd54f66e998453ddad706e244f591021e,2021-05,Northumbria Police,Northumbria Police,-1.549855,54.964961,On or near BURWOOD ROAD,E01008427,Newcastle upon Tyne 030C,Investigation complete; no suspect identified
46099163babac179a9e5573330ba3493b8c6cefe670ce8a46018fea5896e4d20,2021-05,Northumbria Police,Northumbria Police,-1.613189,54.969906,On or near COLLINGWOOD STREET,E01033545,Newcastle upon Tyne 024H,Offender given a caution
63b19a052e0b37c074436151a591243932c56c57bb66671792a4dbad080fab56,2021-05,Northumbria Police,Northumbria Police,-1.541180,54.986074,On or near EASTFIELD AVENUE,E01008436,Newcastle upon Tyne 020F,Investigation complete; no suspect identified
de75990b9e143eb8d30be5e2a98f33248d195611a2878092f7fcffe7d0ccdef1,2021-05,Northumbria Police,Northumbria Police,-1.563189,55.182618,On or near HAWTHORN ROAD,E01027539,Northumberland 010C,Investigation complete; no suspect identified
c60c4756afa5309ebbd5e2c38c35bb50fc176c298a3685d99397c06e90ccf5c7,2021-05,Northumbria Police,Northumbria Police,-1.621934,54.968460,On or near WESTMORLAND ROAD,E01033545,Newcastle upon Tyne 024H,Suspect charged
3471387c4f87f7d9a70f42aeed7711c43b2c844567f24af280315ec817986dea,2021-05,Northumbria Police,Northumbria Police,-1.683354,54.940337,On or near GLENDALE AVENUE,E01008275,Gateshead 017E,Investigation complete; no suspect identified
d9e4c95f0cc8f97280d5ea212beda9f314d5accf6e5c2c8b7849554dd7deef73,2021-05,Northumbria Police,Northumbria Police,-1.449575,55.005491,On or near PRUDHOE STREET BACK,E01008544,North Tyneside 027D,Suspect charged
d9e4c95f0cc8f97280d5ea212beda9f314d5accf6e5c2c8b7849554dd7deef73,2021-05,Northumbria Police,Northumbria Police,-1.449575,55.005491,On or near PRUDHOE STREET BACK,E01008544,North Tyneside 027D,Suspect charged
5d14b0817f9aa421d4b0880917bf78de784d16adcf9f92ee7c3a85c5e565639d,2021-05,Northumbria Police,Northumbria Police,-1.489644,54.958811,On or near HAUGHTON CRESCENT,E01008632,South Tyneside 017B,Investigation complete; no suspect identified
5d14b0817f9aa421d4b0880917bf78de784d16adcf9f92ee7c3a85c5e565639d,2021-05,Northumbria Police,Northumbria Police,-1.489644,54.958811,On or near HAUGHTON CRESCENT,E01008632,South Tyneside 017B,Investigation complete; no suspect identified
11324ce9660bdfe74ebb7cadc571970a5652ceddd2b24d7a2fe04ec625f67828,2021-05,Northumbria Police,Northumbria Police,-1.484586,55.008717,On or near BARMOUTH ROAD,E01008481,North Tyneside 023A,Investigation complete; no suspect identified
7238b50dadf554ff03c00768eb38deffa6a4003fb1a0adfee7d82be5521fd586,2021-05,Northumbria Police,Northumbria Police,-1.484586,55.008717,On or near BARMOUTH ROAD,E01008481,North Tyneside 023A,Investigation complete; no suspect identified
8f87cd74352b56257621c7f392e19a46e6704de15d7ad90caadd10fa07c3e4c1,2021-05,Northumbria Police,Northumbria Police,-1.665016,54.990764,On or near CHEVINGTON GARDENS,E01008297,Newcastle upon Tyne 011B,Suspect charged
cf308ee818d4e2c5201feb286d8606fb4a394f7a6e6b21d945a49a5b9ff1d046,2021-05,Northumbria Police,Northumbria Police,-1.437489,54.906001,On or near ST LUKE'S ROAD,E01008814,Sunderland 014D,Investigation complete; no suspect identified
2d6739bd0a9f81dc58557a1b84b2d9bec6da578821c6e55f48db96bea6d3bf35,2021-05,Northumbria Police,Northumbria Police,-1.580509,54.897943,On or near RAVENSWORTH ROAD,E01008175,Gateshead 026D,Investigation complete; no suspect identified
652d52e2ea929b5d91738f45fb54798ab595aff0d70a5d2f38bd94b6b2be0fbf,2021-05,Northumbria Police,Northumbria Police,-1.435258,54.928322,On or near ROCKINGHAM SQUARE,E01008839,Sunderland 003D,Investigation complete; no suspect identified
cefbcc79924c06a260b5221acdc783725597bda4e353121bf4ea62cb1f40f0a5,2021-05,Northumbria Police,Northumbria Police,-1.509647,54.887128,On or near ROTHLEY,E01008862,Sunderland 025C,Investigation complete; no suspect identified
ac0571cd0a305d85506444d368e7d5b5c393d4a35ddf994a6cc68baf84db1c92,2021-05,Northumbria Police,Northumbria Police,-1.367666,54.890983,On or near ASHBY STREET,E01008738,Sunderland 016E,Investigation complete; no suspect identified
25f1b9d1e996fc8db2be4937513981dcf6e13a88863f547cd2c92ca9b403152b,2021-05,Northumbria Police,Northumbria Police,-1.439106,54.975896,On or near VINE STREET,E01008590,South Tyneside 011A,Suspect charged
64f7a71c0a18f089622184c9a5a789fb2301008feb24f461478a44798e42e882,2021-05,Northumbria Police,Northumbria Police,-1.527300,55.116680,On or near SHELLEY CRESCENT,E01027422,Northumberland 024B,Investigation complete; no suspect identified
ffd55e585e96580178b4daf5c0c138356baf4ad28331cb90e91cc89e0b239da5,2021-05,Northumbria Police,Northumbria Police,-1.565175,55.180514,On or near SECOND AVENUE,E01027528,Northumberland 010A,Investigation complete; no suspect identified
eaa66f1d92119cc747713337916d6e4b3501d878a406e784fe41e9f0c3e33158,2021-05,Northumbria Police,Northumbria Police,-1.689339,55.006375,On or near NEWBIGGIN LANE,E01008457,Newcastle upon Tyne 004C,Investigation complete; no suspect identified
911fdfeece07445bd243fd29af8a8d6c2a71a0d14c1dedeb8e11ce08ad14719d,2021-05,Northumbria Police,Northumbria Police,-1.574070,54.989518,On or near ADDYCOMBE TERRACE,E01008364,Newcastle upon Tyne 018F,Investigation complete; no suspect identified
991d522d1bec9f0d55242dfe2ad1aa1491577f47fa053ba32c1220105c3b105a,2021-05,Northumbria Police,Northumbria Police,-1.445804,55.009113,On or near Shopping Area,E01008524,North Tyneside 022B,Investigation complete; no suspect identified
6a5edea105122b0d1583d7b69a0e9ea58dc03cd97c345f4140dba8ca13b0ca7a,2021-05,Northumbria Police,Northumbria Police,-1.701359,54.989951,On or near LINBRIDGE DRIVE,E01008330,Newcastle upon Tyne 015G,Investigation complete; no suspect identified
d01b2f9c4abf65ef4a00aef843e004332a92f347134bc46b14e0cc16b8807d03,2021-05,Northumbria Police,Northumbria Police,-1.602891,54.922704,On or near SALCOMBE GARDENS,E01008194,Gateshead 020B,Investigation complete; no suspect identified
a42389a44484e20c52b47b29ed84651223345bb4432515573de2a960270e0e48,2021-05,Northumbria Police,Northumbria Police,-1.394937,54.924085,On or near Sports/Recreation Area,E01033075,Sunderland 005G,Investigation complete; no suspect identified
968d7ae88dfbeda38545af66dec99661f42d4e214f78fc824dca9288d60e5a77,2021-05,Northumbria Police,Northumbria Police,-1.563529,54.929686,On or near MEDOMSLEY GARDENS,E01008227,Gateshead 021E,Investigation complete; no suspect identified
e372234d00931a009d4f920858a481a6db416a612dabacfadde91bd34b6176b2,2021-05,Northumbria Police,Northumbria Police,-1.750491,54.919870,On or near SMAILES LANE,E01008185,Gateshead 022B,Investigation complete; no suspect identified
6256fa7718a09f4749064355aeec1989f8af5f8c1e01b40aeaf41173ae25179f,2021-05,Northumbria Police,Northumbria Police,-1.597428,54.951083,On or near CHANDOS STREET,E01008203,Gateshead 028B,Investigation complete; no suspect identified
20f095001d17c330f09b769c66c45ac26f66bbfeb7c54575a7715749beff85fb,2021-05,Northumbria Police,Northumbria Police,-1.460373,55.024563,On or near COLWELL ROAD,E01008556,North Tyneside 013C,Investigation complete; no suspect identified
11fb3dd27fc8688c61b8d6ee7bebb9a6dfdb2d72b3273ddb6b1656c7a9099df3,2021-05,Northumbria Police,Northumbria Police,-1.547907,55.171654,On or near LYNDHURST ROAD,E01027532,Northumberland 014A,Investigation complete; no suspect identified
4bbb40955c7abeb95e59c1db25bb913b4b40c8b3e0e23089651b302316ccd1be,2021-05,Northumbria Police,Northumbria Police,-1.647873,55.013765,On or near BRUNTON GROVE,E01008338,Newcastle upon Tyne 003C,Investigation complete; no suspect identified
b2415ef529f87f9b87fd3fe1d42a208b4caaf3efd4bb758c4f10576220f2915e,2021-05,Northumbria Police,Northumbria Police,-1.380861,54.904881,On or near Further/Higher Educational Building,E01008703,Sunderland 013B,Investigation complete; no suspect identified
b80824cbedee43ac668ab7422daed4bc6175a39dbf6d18dc02a8820f4c0418e3,2021-05,Northumbria Police,Northumbria Police,-1.410619,54.922930,On or near ASHWOOD AVENUE,E01008817,Sunderland 004B,Investigation complete; no suspect identified
f77da732e0bcfd0dd8d02390936eb319c92f6af30ced047698164d2bcc0d7b8b,2021-05,Northumbria Police,Northumbria Police,-1.519086,54.912606,On or near FRONT STREET,E01008853,Sunderland 009A,Suspect charged
601c9d2be5eb4510e878b7cfc10e1980c8aa9f8981b62c04ef029b85bbb7c062,2021-05,Northumbria Police,Northumbria Police,-1.433388,54.983688,On or near RAVENSWORTH TERRACE,E01008683,South Tyneside 005D,Investigation complete; no suspect identified
03f4e9d3e163dc528a72d5888726511fcecef3285382254fe9850f998ce398f7,2021-05,Northumbria Police,Northumbria Police,-1.678296,54.979639,On or near COLDSTREAM ROAD,E01008292,Newcastle upon Tyne 027E,Investigation complete; no suspect identified
b0f040a8609dad74f555b8f07fb2d6389f0dfc313130cd3130c92ce5ba9ba662,2021-05,Northumbria Police,Northumbria Police,-1.569890,54.946306,On or near Sports/Recreation Area,E01008213,Gateshead 012B,Investigation complete; no suspect identified
f09ef65f8470de90c8f9aac3e82a8b16908d5a5a1d19352cb4515b28df5b0754,2021-05,Northumbria Police,Northumbria Police,-1.410632,54.972230,On or near SUNDERLAND ROAD,E01008634,South Tyneside 008B,Investigation complete; no suspect identified
90bab1bd4af92b45debb1083397894388ef6374bbf486ecc34d407bd95e1ceae,2021-05,Northumbria Police,Northumbria Police,-1.431827,55.023355,On or near ALDENHAM GARDENS,E01008563,North Tyneside 017D,Investigation complete; no suspect identified
eef9ef8168eef1614a7e2951b78a9fb471318b879a79f4c85c97687653f210bd,2021-05,Northumbria Police,Northumbria Police,-1.614472,54.971249,On or near BIGG MARKET,E01033543,Newcastle upon Tyne 024G,Investigation complete; no suspect identified
9a887144fa07331910ea235dae8f84883471fecb1c74230e0e1ae74fb475bbae,2021-05,Northumbria Police,Northumbria Police,-1.613802,54.953122,On or near BENSHAM AVENUE,E01008171,Gateshead 008D,Suspect charged
c45d200b12bded7d2cda57b2df27bafa65e81f4008e448a47d941c6aebdababa,2021-05,Northumbria Police,Northumbria Police,-1.426397,54.997251,On or near WOODBINE STREET,E01008596,South Tyneside 001B,Investigation complete; no suspect identified
9cc45fe97a5ef9ff328a3fd4bece1ef2d6c3169779e3f7257821bb074ef8ed24,2021-05,Northumbria Police,Northumbria Police,-1.458584,54.815729,On or near ESKDALE STREET,E01008743,Sunderland 036A,Investigation complete; no suspect identified
9ba7f98a6bc75e779b473a7826316b18afccdba32539fb963c9800a7289e3b7a,2021-05,Northumbria Police,Northumbria Police,-1.693308,55.397487,On or near HAWFINCH DRIVE,E01027356,Northumberland 004A,Investigation complete; no suspect identified
e4c30047491af478e7d8aed25114cfd503a8d082cc2def796b31e6b36b08e765,2021-05,Northumbria Police,Northumbria Police,-1.616721,54.974644,On or near Shopping Area,E01008397,Newcastle upon Tyne 024C,Investigation complete; no suspect identified
ddac989a0a80610a1396d4b629923919d865ed941929644103e0280a7e619761,2021-05,Northumbria Police,Northumbria Police,-1.657685,54.974326,On or near CANNING STREET,E01008332,Newcastle upon Tyne 029B,Investigation complete; no suspect identified
dc6cb62ef5b3640e15b09ef7729e5d6f820007361fa22f2bfd0dd822a499a861,2021-05,Northumbria Police,Northumbria Police,-1.390219,54.895574,On or near BELLE VUE PARK,E01008781,Sunderland 022B,Investigation complete; no suspect identified
6f898b220241474ecc1d2030221e7985536af9671184225a5e907f783e6a2aad,2021-05,Northumbria Police,Northumbria Police,-1.500394,55.045186,On or near CHURCH VIEW,E01008564,North Tyneside 007B,Investigation complete; no suspect identified
0d6184edb5254697a3ce3d45bec471aa627e0df7fe30e5217bbe97fc465a0425,2021-05,Northumbria Police,Northumbria Police,-1.559933,54.964612,On or near PORTMAN PLACE,E01008390,Newcastle upon Tyne 030A,Investigation complete; no suspect identified
07308767c07f58c08f618ae5826478e823f25bffc8e697ad3aebe91e6a65ebd0,2021-05,Northumbria Police,Northumbria Police,-1.523923,55.113270,On or near Petrol Station,E01027430,Northumberland 024E,Investigation complete; no suspect identified
256d5a5f603b215c6ada7c0b988bb7dff2ab81109b37893bd4d57556c0df907f,2021-05,Northumbria Police,Northumbria Police,-1.553950,54.933650,On or near WEALCROFT,E01008285,Gateshead 018E,Investigation complete; no suspect identified
9119bdde954ac8811712df35915b66517b6292405d83d86eb81e4fbcddf5876d,2021-05,Northumbria Police,Northumbria Police,-1.653647,54.973434,On or near LADYKIRK ROAD,E01008335,Newcastle upon Tyne 029E,Investigation complete; no suspect identified
4d371c86fec44f9239670ba09a9f3e2058dfcbee9a5f03c5aa1db35a6370747b,2021-05,Northumbria Police,Northumbria Police,-1.547077,55.128536,On or near TEESDALE PLACE,E01027424,Northumberland 022D,Investigation complete; no suspect identified
4fa1b697c44bef8632a925a83e8f060ed1fba437d5fdffdc2b2a0b079eb44714,2021-05,Northumbria Police,Northumbria Police,-1.554490,55.185301,On or near TYNE STREET,E01027540,Northumberland 013B,Investigation complete; no suspect identified
04621479132ce3a8780c20686d42533d2a93e12861c064456213406914e8259f,2021-05,Northumbria Police,Northumbria Police,-1.602452,55.006832,On or near A191,E01008424,Newcastle upon Tyne 005F,Investigation complete; no suspect identified
857ba414930ecf2133af74e0d91e1f74e9b7f3f414a07ac46f5fec26eaba10c9,2021-05,Northumbria Police,Northumbria Police,-1.614126,54.977988,On or near BARRAS BRIDGE,E01008397,Newcastle upon Tyne 024C,Suspect charged
9902302c3b5c6b5f8aebe5a26ec9f39c741608938e6143fa1127c05af39af1f0,2021-05,Northumbria Police,Northumbria Police,-1.418213,54.866945,On or near PLANE TREE COURT,E01008802,Sunderland 029D,Investigation complete; no suspect identified
76f29e44f8e66ba02b7f4cdb946170a454cf4315d97d6d72a443cc9ea04e8041,2021-05,Northumbria Police,Northumbria Police,-1.438055,54.882109,On or near TAMWORTH SQUARE,E01008823,Sunderland 023A,Investigation complete; no suspect identified
4e6ec651b1e7765f9b064afa4d1eb9104eb054d3e31b39b326f8791c7f9f9062,2021-05,Northumbria Police,Northumbria Police,-1.509731,55.185354,On or near WATT'S LANE,E01027541,Northumberland 009A,Investigation complete; no suspect identified
e3fe979251178ecaf296d36076c32b919145409ef5d25ac17e662209cd951224,2021-05,Northumbria Police,Northumbria Police,-1.434067,54.998716,On or near QUEEN STREET,E01008667,South Tyneside 002D,Suspect charged
93ff0f8bed0dcd7f4056d61e7fd6e99e231428b0d29a8ef95f5a3d8a52479ea7,2021-05,Northumbria Police,Northumbria Police,-1.818573,54.979318,On or near TYNEDALE CLOSE,E01027513,Northumberland 036D,Investigation complete; no suspect identified
bf7220d82c925be1a70009076635790960ed1c3a12639795ea576ad8eae66bb4,2021-05,Northumbria Police,Northumbria Police,-1.510719,55.126400,On or near Shopping Area,E01027414,Northumberland 023A,Investigation complete; no suspect identified
121a5586e65d87e9cf30f7942e93265e7fa30ee0fd2f5e549abeb3f770d810d1,2021-05,Northumbria Police,Northumbria Police,-1.619912,54.949322,On or near ARKLE STREET,E01008257,Gateshead 008E,Investigation complete; no suspect identified
036e9aec77166e802189d5824d51728b2d42c3a3b874b2c33e28533949dbed11,2021-05,Northumbria Police,Northumbria Police,-1.392561,54.909856,On or near FARRINGDON ROW,E01008700,Sunderland 013A,Investigation complete; no suspect identified
2b61f4f67c3627738597c9caf7fef1da08d41148d8eca6f10d717ad40fb40882,2021-05,Northumbria Police,Northumbria Police,-1.700743,55.406087,On or near ST GEORGES CRESCENT,E01033715,Northumberland 005D,Investigation complete; no suspect identified
4e899388668548414855e67f7acb68f27a71d6d083841ab78eee9074a8837531,2021-05,Northumbria Police,Northumbria Police,-1.444504,54.884682,On or near NORTHFIELD DRIVE,E01008734,Sunderland 021F,Investigation complete; no suspect identified
eb5676902052b1774da533a37b97acedf10cede77aa232a65dbe434482bba32a,2021-05,Northumbria Police,Northumbria Police,-1.445772,54.872951,On or near FOXCOVER LANE,E01008772,Sunderland 029A,Investigation complete; no suspect identified
868c8d625faa63e03697e352f8bb8c778914e39c13f1a3dc43c1ae8ba91cf64d,2021-05,Northumbria Police,Northumbria Police,-1.688927,54.999059,On or near Supermarket,E01008445,Newcastle upon Tyne 031D,Investigation complete; no suspect identified
5da900004dc4da0da87ffc572ba53cba14ca4d717b5fc7db3d1812a40613602c,2021-05,Northumbria Police,Northumbria Police,-1.691703,55.400861,On or near Petrol Station,E01027358,Northumberland 005A,Investigation complete; no suspect identified
1b2d6406cc35487128058cb0de4666fd408f482570958a52d2cec1d726b8e551,2021-05,Northumbria Police,Northumbria Police,-1.433608,54.882484,On or near THORNDALE ROAD,E01008829,Sunderland 023G,Investigation complete; no suspect identified
fdc968fc642384e51e29f13cdc535f01ba216338f04347c364882e475a469c48,2021-05,Northumbria Police,Northumbria Police,-1.497796,54.866042,On or near PRINCES STREET,E01008793,Sunderland 030A,Investigation complete; no suspect identified
361761a99d8291b6c6f60de8331296c12b0356b7abf712e405c173155540e592,2021-05,Northumbria Police,Northumbria Police,-1.404257,54.873006,On or near COMET SQUARE,E01033077,Sunderland 027F,Investigation complete; no suspect identified
bd170810b91684b88219528e78348db919e4409383c36c39b154541eefeb43d3,2021-05,Northumbria Police,Northumbria Police,-1.886432,55.039077,On or near DARK LANE,E01027472,Northumberland 034E,Investigation complete; no suspect identified
3e8c0fa914a08b06148fe8721b1a2a86a03df70745171d5c6a40e3c61a78cd86,2021-05,Northumbria Police,Northumbria Police,-1.702057,55.411850,On or near BONDGATE WITHOUT,E01033715,Northumberland 005D,Investigation complete; no suspect identified
bb34f8776c7f8cb42469369e0f86490af4b7495300df210d5dd0acdca3005578,2021-05,Northumbria Police,Northumbria Police,-1.435251,54.974530,On or near EGERTON ROAD,E01008592,South Tyneside 011C,Investigation complete; no suspect identified
b6cc2f8b88d06e57cea7d0d80063c731e84ea1b9700a2481282aa9bb04656c0f,2021-05,Northumbria Police,Northumbria Police,-1.559933,54.964612,On or near PORTMAN PLACE,E01008390,Newcastle upon Tyne 030A,Investigation complete; no suspect identified
bdd630f1f68d1fb666168a0ef8214c07f3c18a6303e007e9375e68c7804d4941,2021-05,Northumbria Police,Northumbria Police,-1.413322,54.963418,On or near Petrol Station,E01008622,South Tyneside 013A,Investigation complete; no suspect identified
f3a1a5964601892e2669bb70c4552fe95602063bb04747c2f8aef8868d45a113,2021-05,Northumbria Police,Northumbria Police,-1.596295,55.011206,On or near WEST FARM WYND,E01008513,North Tyneside 019C,Investigation complete; no suspect identified
bda5baf28501d7c9b07ebbc8fe47e00a119298dfa7ed37171cb4d3cc600318c1,2021-05,Northumbria Police,Northumbria Police,-1.575475,54.977823,On or near GLENDALE TERRACE,E01008392,Newcastle upon Tyne 026F,Investigation complete; no suspect identified
5086f9e21492441140375a7781aa0d3ee93790f48f886a5ea5cde57dd8abc227,2021-05,Northumbria Police,Northumbria Police,-1.588113,54.955014,On or near MOORE STREET,E01008164,Gateshead 027B,Investigation complete; no suspect identified
ff4c4419c091eb97da63705874e163d1ede2ec70331021b3a323c8fd93ea6ae2,2021-05,Northumbria Police,Northumbria Police,-1.614445,54.974044,On or near BLACKETT STREET,E01008397,Newcastle upon Tyne 024C,Investigation complete; no suspect identified
fcb89a093f1cabe8bb455bc37b65e95ca9ebdeec805df62358ea1742ece0805f,2021-05,Northumbria Police,Northumbria Police,-1.531695,55.034429,On or near A19,E01008503,North Tyneside 018E,Investigation complete; no suspect identified
8209f21eb8fa36a79683259087f11887ac62efbb39eaf0b9a1fa405dd7292dbd,2021-05,Northumbria Police,Northumbria Police,-1.440816,54.880801,On or near TINTAGEL CLOSE,E01008823,Sunderland 023A,Investigation complete; no suspect identified
ff63ec5a043e0e833e7993a354bf56530e1d90c4fd8199f91f01d6d8b13134ad,2021-05,Northumbria Police,Northumbria Police,-1.542780,55.131287,On or near GRASMERE WAY,E01027424,Northumberland 022D,Investigation complete; no suspect identified
fc91a1d3cc7e3f0e81c9e083ba823d83e9eeda139d08478b11e4e69f393957b7,2021-05,Northumbria Police,Northumbria Police,-1.505410,55.006467,On or near BEAL GARDENS,E01008512,North Tyneside 026D,Offender given a caution
a27b3df53d4cef60ed09ffc00f8ca937dc933a0ae53dc97b4e494836aa7f6aef,2021-05,Northumbria Police,Northumbria Police,-1.505410,55.006467,On or near BEAL GARDENS,E01008512,North Tyneside 026D,Suspect charged
59db748414e045a34eff54872597319622dfc8c1f3dcf00e3ff6b2225fd8fa3e,2021-05,Northumbria Police,Northumbria Police,-1.484586,55.008717,On or near BARMOUTH ROAD,E01008481,North Tyneside 023A,Investigation complete; no suspect identified
18fccfb30b601b7815c419c9ae68ab1c5899760f126113c8ac7c055739edecd0,2021-05,Northumbria Police,Northumbria Police,-1.387359,54.926805,On or near GRASMERE CRESCENT,E01008713,Sunderland 001A,Investigation complete; no suspect identified
ab10edba77f73737e54366fe1149efb7981c987000260c59568fd5299bd77caf,2021-05,Northumbria Police,Northumbria Police,-1.647079,55.009854,On or near DELAMERE ROAD,E01008340,Newcastle upon Tyne 003E,Investigation complete; no suspect identified
cbe180a09aa6fd76a1a3ab9a92949fcbe622eda9628966544c96870126ee0d68,2021-05,Northumbria Police,Northumbria Police,-1.555988,54.942806,On or near Sports/Recreation Area,E01008229,Gateshead 018A,Investigation complete; no suspect identified
23d2f5f76f8ff8912d4fed7c89844da97aef0fdc895be1cd750b939d99dbcdb6,2021-05,Northumbria Police,Northumbria Police,-1.558496,54.943219,On or near MILLBROOK,E01008229,Gateshead 018A,Investigation complete; no suspect identified
f7ef0377c17f45d7adb6e11e9ac6fa7ce7f17f281b6ee53e7deabc73228e34f0,2021-05,Northumbria Police,Northumbria Police,-1.684558,54.999928,On or near MARSDEN LANE,E01008457,Newcastle upon Tyne 004C,Investigation complete; no suspect identified
db85d622e7581dda951a9b82a4cf52734d0f44548ca499000eeb70ca70a077f9,2021-05,Northumbria Police,Northumbria Police,-1.580255,54.983896,On or near KING JOHN TERRACE,E01008362,Newcastle upon Tyne 018E,Investigation complete; no suspect identified
5d9c537fb34487c40bc232e81db3fd70d8a0e9206ae0a2ee8d21d9f938941c63,2021-05,Northumbria Police,Northumbria Police,-1.475821,55.023813,On or near TAUNTON AVENUE,E01008489,North Tyneside 015B,Investigation complete; no suspect identified
e26699ccaedb7be77267127d1042d3fa21f0fe6259805e609fce2f65bdf33dd9,2021-05,Northumbria Police,Northumbria Police,-1.433720,54.875592,On or near ATLANTIS ROAD,E01008774,Sunderland 029B,Suspect charged
470953d01fa8746d7b706c7cdc5bc937be2e765787767828d420c2a656d789b4,2021-05,Northumbria Police,Northumbria Police,-1.367666,54.890983,On or near ASHBY STREET,E01008738,Sunderland 016E,Investigation complete; no suspect identified
fb91ef27aa8c8d14259e9a1a46c305fd8205b0dec9e52d44569120a77f756d18,2021-05,Northumbria Police,Northumbria Police,-1.580074,54.977237,On or near SHIELDS ROAD,E01008303,Newcastle upon Tyne 018A,Suspect charged
fb91ef27aa8c8d14259e9a1a46c305fd8205b0dec9e52d44569120a77f756d18,2021-05,Northumbria Police,Northumbria Police,-1.580074,54.977237,On or near SHIELDS ROAD,E01008303,Newcastle upon Tyne 018A,Suspect charged
3600df0fb841c342886fd08de0ba0dfb77f62eb7781488a8c68cde2952dd5f14,2021-05,Northumbria Police,Northumbria Police,-1.435332,54.901831,On or near HYLTON ROAD,E01008810,Sunderland 014A,Investigation complete; no suspect identified
3600df0fb841c342886fd08de0ba0dfb77f62eb7781488a8c68cde2952dd5f14,2021-05,Northumbria Police,Northumbria Police,-1.435332,54.901831,On or near HYLTON ROAD,E01008810,Sunderland 014A,Investigation complete; no suspect identified
75b6e22f53fe02c54f7bb29744c79623eae33a710a72035d3fea5fe70eb652ae,2021-05,Northumbria Police,Northumbria Police,-1.610960,55.132512,On or near LINK AVENUE,E01027522,Northumberland 021E,Investigation complete; no suspect identified
10857826e5799c902edad161535838f712176f64f07ddf252a5db2a5ee3c2df2,2021-05,Northumbria Police,Northumbria Police,-1.655337,55.015063,On or near CARTINGTON COURT,E01008338,Newcastle upon Tyne 003C,Investigation complete; no suspect identified
a5ed64b8734f6763fc05e58c236dc80883e5eb26a50c5733c95972555d314a3f,2021-05,Northumbria Police,Northumbria Police,-1.597465,54.953581,On or near ABBEY COURT,E01008203,Gateshead 028B,Investigation complete; no suspect identified
48cc6de90cfdb4414f305e4fdd4a8db350824abfdc45945623ff19497a4eb488,2021-05,Northumbria Police,Northumbria Police,-1.766037,54.975112,On or near CEDAR GROVE,E01008250,Gateshead 001E,Investigation complete; no suspect identified
d4aa9209fa441bf9da9e85b8d7fa938e7b913ee8d7392f149d62ed265aff90bb,2021-05,Northumbria Police,Northumbria Police,-1.584904,54.977092,On or near ROGER STREET,E01008304,Newcastle upon Tyne 026C,Suspect charged
d4aa9209fa441bf9da9e85b8d7fa938e7b913ee8d7392f149d62ed265aff90bb,2021-05,Northumbria Police,Northumbria Police,-1.584904,54.977092,On or near ROGER STREET,E01008304,Newcastle upon Tyne 026C,Suspect charged
757b758ca60b06f9cf4cf37c8ddf537ee6e3bcae133af090df4b7825b74a13f4,2021-05,Northumbria Police,Northumbria Police,-1.575168,54.984669,On or near SPENCER STREET,E01008361,Newcastle upon Tyne 018D,Investigation complete; no suspect identified
ea2130b71a2a131de097ab4f7c522aa787f80ee724c6a0521ef641318c6e2b74,2021-05,Northumbria Police,Northumbria Police,-1.437459,54.992010,On or near TUDOR ROAD,E01008667,South Tyneside 002D,Suspect charged
c3af1e444560ad85408e7dc9467c805d6098ee3b453bffd62310ccfcb106f7a9,2021-05,Northumbria Police,Northumbria Police,-1.597465,54.953581,On or near ABBEY COURT,E01008203,Gateshead 028B,Investigation complete; no suspect identified
4a2668b0044e19e2c10370a822e407536299e206b15d00ec87f78dd8c4847df7,2021-05,Northumbria Police,Northumbria Police,-1.627557,55.117045,On or near Parking Area,E01027521,Northumberland 021D,Investigation complete; no suspect identified
cd4ba3e03561aae3c0be262fa15532a3263ca1fa4d64f6d1dea2d665b1a570d7,2021-05,Northumbria Police,Northumbria Police,-1.605824,54.969065,On or near KING STREET,E01033553,Newcastle upon Tyne 023H,Suspect charged
cd4ba3e03561aae3c0be262fa15532a3263ca1fa4d64f6d1dea2d665b1a570d7,2021-05,Northumbria Police,Northumbria Police,-1.605824,54.969065,On or near KING STREET,E01033553,Newcastle upon Tyne 023H,Investigation complete; no suspect identified
cd4ba3e03561aae3c0be262fa15532a3263ca1fa4d64f6d1dea2d665b1a570d7,2021-05,Northumbria Police,Northumbria Police,-1.605824,54.969065,On or near KING STREET,E01033553,Newcastle upon Tyne 023H,Investigation complete; no suspect identified
4d5ffc5b3e387ea843cad913fdd3da721d546238d1496435d325dc649f6cf968,2021-05,Northumbria Police,Northumbria Police,-1.665016,54.990764,On or near CHEVINGTON GARDENS,E01008297,Newcastle upon Tyne 011B,Suspect charged
bbea174379693ab7c4b54b1efab0f28dc33b03ab8b9f4f6060e718ea0ca6072b,2021-05,Northumbria Police,Northumbria Police,-1.479882,55.021880,On or near SELKIRK WAY,E01008490,North Tyneside 015C,Investigation complete; no suspect identified
aeb9728f1930100c3a0371ea78426a96ee9164f78c077413d75dbff7db3015da,2021-05,Northumbria Police,Northumbria Police,-1.433720,54.875592,On or near ATLANTIS ROAD,E01008774,Sunderland 029B,Suspect charged
aeb9728f1930100c3a0371ea78426a96ee9164f78c077413d75dbff7db3015da,2021-05,Northumbria Police,Northumbria Police,-1.433720,54.875592,On or near ATLANTIS ROAD,E01008774,Sunderland 029B,Suspect charged
16459720519b4c5e19fc9cc8058f160d5c293d744d8091fdf256650869fa2e20,2021-05,Northumbria Police,Northumbria Police,-1.378757,54.913884,On or near WHITBURN STREET,E01008791,Sunderland 006F,Investigation complete; no suspect identified
63142a655518951f53612f91620f4fb90aca843d55bf0c86f73bee6f2211101a,2021-05,Northumbria Police,Northumbria Police,-1.619628,54.976091,On or near TERRACE PLACE,E01008395,Newcastle upon Tyne 024B,Suspect charged
b1c803a47ac96088820b31b4228a682c8156c838fea6dd732dda1fb62471e3fc,2021-05,Northumbria Police,Northumbria Police,-1.578266,54.893298,On or near Parking Area,E01008175,Gateshead 026D,Investigation complete; no suspect identified
ace62ea64d9528df8065bbfb3a4ccba15d6974e89a1c26f42c6c3a852d4ff0a1,2021-05,Northumbria Police,Northumbria Police,-1.707013,55.408070,On or near HOPE HOUSE LANE,E01033717,Northumberland 005E,Suspect charged
3191931f8c55963d8345734f39655011bac264ef0ddaf2bfdbbf5d827ff11ffa,2021-05,Northumbria Police,Northumbria Police,-1.702818,55.407314,On or near SWANSFIELD PARK ROAD,E01033717,Northumberland 005E,Suspect charged
111d3bf480bcfee70981b0c6541ccc7988482d32163104ed0b7a22f13b72b6db,2021-05,Northumbria Police,Northumbria Police,-1.833555,55.597648,On or near WEST STREET,E01027374,Northumberland 003A,Investigation complete; no suspect identified
d35a357121b1634818121a3996b87483bc614f724fc9899efac906898513427c,2021-05,Northumbria Police,Northumbria Police,-1.414857,54.911529,On or near PALERMO STREET,E01008701,Sunderland 011A,Investigation complete; no suspect identified
22f600bab4a661ad2e346992732bc915a340dc3d9db1038aa91fd012dfd31e5f,2021-05,Northumbria Police,Northumbria Police,-1.517379,55.130695,On or near HAMBLEDON STREET,E01027415,Northumberland 023B,Investigation complete; no suspect identified
a7ffb10d8242ca28554a0b8ec03be3c5792d69bf40487b5adc772bd4e60161d9,2021-05,Northumbria Police,Northumbria Police,-1.457834,54.829897,On or near BROOMHILL TERRACE,E01008748,Sunderland 035E,Investigation complete; no suspect identified
934d9da7ea75d4f13696ebe2c74e2b0c4c5a5272c3031227177c8b25e2b96e1b,2021-05,Northumbria Police,Northumbria Police,-1.609932,54.993206,On or near BRENTWOOD AVENUE,E01008373,Newcastle upon Tyne 013E,Investigation complete; no suspect identified
1f8e6b5def150a8e0a5f90a36acda79f1e9d0aae57e09cb8b4320c05e46ac9e0,2021-05,Northumbria Police,Northumbria Police,-1.378495,54.906604,On or near WEST SUNNISIDE,E01008703,Sunderland 013B,Investigation complete; no suspect identified
47614cf5712d0049607463123015f8290e62e26cd0777a9d8c15f4b50b9f4988,2021-05,Northumbria Police,Northumbria Police,-1.519010,55.180349,On or near NORTH VIEW,E01027544,Northumberland 009D,Investigation complete; no suspect identified
7eb5e0afcafe61ccb7f7433c3d9c291ca37d0de7d10a173ad1c90c69c72773b4,2021-05,Northumbria Police,Northumbria Police,-1.582767,55.014449,On or near BENTON LANE,E01008474,North Tyneside 019B,Investigation complete; no suspect identified
17b7948163643256b5b89a1e3220055035d376be438671ddfaf67d8472854cd2,2021-05,Northumbria Police,Northumbria Police,-1.381905,54.917126,On or near Shopping Area,E01008787,Sunderland 006B,Investigation complete; no suspect identified
21c60399ca73d5e59cf69f8130447bea5255c6758a0c9d9c629f0bde4619f3d7,2021-05,Northumbria Police,Northumbria Police,-1.613362,54.953417,On or near OSWALD TERRACE,E01008170,Gateshead 008C,Investigation complete; no suspect identified
76a1a2e131e8c65f693a59ec962c0134c7c09e310c36c5131879d54ba03e13a0,2021-05,Northumbria Police,Northumbria Police,-1.726884,54.954785,On or near Supermarket,E01008280,Gateshead 004E,Investigation complete; no suspect identified
f88c385b8414408e08b6aa7444dcff8b467643121e5ae97d9ab9b6be6d168f9f,2021-05,Northumbria Police,Northumbria Police,-2.005505,55.770059,On or near Nightclub,E01027377,Northumberland 001B,Offender given a caution
ec294c36b30feef1bfb798a7004314a3a2e33e58260b757ce24f0c21ca2379ae,2021-05,Northumbria Police,Northumbria Police,-1.411905,54.927852,On or near WEMBLEY CLOSE,E01008821,Sunderland 004D,Investigation complete; no suspect identified
1cf6c43a1ef0d9253cb14d8843fc9395484f04933fefe36419d3c7d59efeb6d3,2021-05,Northumbria Police,Northumbria Police,-1.507556,55.007429,On or near COAST ROAD,E01008461,North Tyneside 021A,Investigation complete; no suspect identified
b93d94600dec96074310b23af6bf84aadd450c4fc2fce2e2393616a1ebab821e,2021-05,Northumbria Police,Northumbria Police,-1.602683,54.977088,On or near ROCK TERRACE,E01008406,Newcastle upon Tyne 023A,Investigation complete; no suspect identified
1456d2cd4cea52d344938ada9344c64638d13af5fb075e2d9f86278f87d55529,2021-05,Northumbria Police,Northumbria Police,-1.600570,54.952270,On or near SHIPLEY COURT,E01008252,Gateshead 010B,Investigation complete; no suspect identified
b948689173ab529ba5182f0feeeb82253ffc695d5f58a69858255d0d42e56759,2021-05,Northumbria Police,Northumbria Police,-2.005505,55.770059,On or near Nightclub,E01027377,Northumberland 001B,Investigation complete; no suspect identified
80876f5a69a658b6b133a4713d5e9f7735fd8d792bd594ab1fdd262bf70aa551,2021-05,Northumbria Police,Northumbria Police,-2.103081,54.994362,On or near BISHOPS HILL,E01027476,Northumberland 035A,Investigation complete; no suspect identified
f5a433fb17e6993120363819b4ad63b6e7a7a3f6724b8339596b236e18a16de9,2021-05,Northumbria Police,Northumbria Police,-1.604153,54.962643,On or near Shopping Area,E01008168,Gateshead 027D,Investigation complete; no suspect identified
cd86582861e719555b21d055836403933aadb55d0754bf583dea6bf8abaab53d,2021-05,Northumbria Police,Northumbria Police,-1.541969,55.023900,On or near ROSEBERRY GRANGE,E01008503,North Tyneside 018E,Investigation complete; no suspect identified
aa37cd7704bd1d339431cd55f0fbb4d372bd8b0456bb2b6b89abe8098db8ca67,2021-05,Northumbria Police,Northumbria Police,-1.507556,55.007429,On or near COAST ROAD,E01008461,North Tyneside 021A,Investigation complete; no suspect identified
c868b49554a25e806fa066b22a51edc6925ba861ef31b96bb932686ca2202349,2021-05,Northumbria Police,Northumbria Police,-1.631173,54.977924,On or near NEW MILLS,E01008396,Newcastle upon Tyne 022B,Investigation complete; no suspect identified
9bd7cdd858b8810d100576dc587571be87950173d707ec06d61305d19f2b0c68,2021-05,Northumbria Police,Northumbria Police,-1.598688,55.014251,On or near RUNSWICK AVENUE,E01008513,North Tyneside 019C,Investigation complete; no suspect identified
ffc2728c2b42a9a82725d36af0a37fff0c48c3bd4e0a5744b775a9a78e62261c,2021-05,Northumbria Police,Northumbria Police,-1.382451,54.906974,On or near STATION STREET,E01008703,Sunderland 013B,Investigation complete; no suspect identified
9e390161caf313d5292f5d2a235372de805042e8b69dda910a44d5326186364c,2021-05,Northumbria Police,Northumbria Police,-1.446054,55.014812,On or near TREVOR TERRACE,E01008527,North Tyneside 017B,Investigation complete; no suspect identified
f489325ed132d67c1c4a38c96227f393b1928a617520c339406cc80c935cd047,2021-05,Northumbria Police,Northumbria Police,-1.683149,54.926731,On or near PLENMELLER PLACE,E01008273,Gateshead 019F,Investigation complete; no suspect identified
2ae2bcbd346549cb97932fa5c4d083a9136ba36dc7c476f7c44a5691095a6233,2021-05,Northumbria Police,Northumbria Police,-1.382615,54.902383,On or near Parking Area,E01008831,Sunderland 013D,Investigation complete; no suspect identified
089c1cd518a9da11ee00405b9aac89a9f9f2b6fe38ebf82f4b32352e45f8dd9b,2021-05,Northumbria Police,Northumbria Police,-1.428917,54.903382,On or near FRIAR ROAD,E01008812,Sunderland 012C,Investigation complete; no suspect identified
c632c6872475be54ef667e3676931ee37d41f98d423e744eb18e48b9d6c664f5,2021-05,Northumbria Police,Northumbria Police,-1.507725,55.122479,On or near Parking Area,E01027431,Northumberland 023C,Investigation complete; no suspect identified
c632c6872475be54ef667e3676931ee37d41f98d423e744eb18e48b9d6c664f5,2021-05,Northumbria Police,Northumbria Police,-1.507725,55.122479,On or near Parking Area,E01027431,Northumberland 023C,Suspect charged
c632c6872475be54ef667e3676931ee37d41f98d423e744eb18e48b9d6c664f5,2021-05,Northumbria Police,Northumbria Police,-1.507725,55.122479,On or near Parking Area,E01027431,Northumberland 023C,Suspect charged
598d8a4fa087c8828c19dbe1efc2ada75d5c174744b4d334baa5dd9ac1bcf4b0,2021-05,Northumbria Police,Northumbria Police,-1.621977,55.050351,On or near TAYLOR AVENUE,E01008577,North Tyneside 004A,Investigation complete; no suspect identified
182480070488efa42066899dd800f22ca0fb45ca06a76a0b39cedb2e6800286f,2021-05,Northumbria Police,Northumbria Police,-1.441006,54.918895,On or near NYE DENE,E01008693,Sunderland 008A,Investigation complete; no suspect identified
d43985ae898f9bf6dc732c2e1476c8de23fee95cce50936b0ab84661a4c76bf3,2021-05,Northumbria Police,Northumbria Police,-1.514001,55.013601,On or near ADDINGTON DRIVE,E01008467,North Tyneside 021C,Investigation complete; no suspect identified
600703beedd71c9e7f57f6c96c6f307096eeaf32d6477d9f0d4018cebe264609,2021-05,Northumbria Police,Northumbria Police,-1.568156,54.904109,On or near ROBSONS WAY,E01008224,Gateshead 025C,Investigation complete; no suspect identified
b772bb23818e08181c6c28b15b4e598fc5b7a79548eee6210c7612a4bbdddbbd,2021-05,Northumbria Police,Northumbria Police,-1.588960,54.951665,On or near CLYDE STREET,E01008165,Gateshead 011A,Investigation complete; no suspect identified
0cd7dbd8c88b56b1a77abde480fe1bb46372bd5cd291cf86f0464799b180b2c2,2021-05,Northumbria Police,Northumbria Police,-1.601476,55.084748,On or near LANGDALE DRIVE,E01027413,Northumberland 029E,Investigation complete; no suspect identified
146b24295cdcdca87920269e99b28131c0aeee1d9674512ca56b651a9172e52f,2021-05,Northumbria Police,Northumbria Police,-1.572752,54.898671,On or near GROVE VIEW,E01008174,Gateshead 026C,Investigation complete; no suspect identified
057eb92dd6e0ad5afdf9ae5aee478a09e22a5d07ae9d08026ef64498b3b313df,2021-05,Northumbria Police,Northumbria Police,-1.420583,54.913596,On or near Supermarket,E01008762,Sunderland 012B,Investigation complete; no suspect identified
2b011eab319885759b6f016081a7bc97e53fef793896583b77eb676571c315a8,2021-05,Northumbria Police,Northumbria Police,-1.637285,54.977529,On or near PHILIP STREET,E01008396,Newcastle upon Tyne 022B,Investigation complete; no suspect identified
d127d2dfb8239485bb41ac5d25d99d9e2f860ca0812080b6e048d2b994e174a9,2021-05,Northumbria Police,Northumbria Police,-1.601804,54.961701,On or near JACKSON STREET,E01008166,Gateshead 027C,Investigation complete; no suspect identified
438516ca109a045f6179f9e3fee43efbf81f9903ede08c61ab6f677884b8d0ac,2021-05,Northumbria Police,Northumbria Police,-1.426348,54.918458,On or near HYLTON PARK ROAD,E01008693,Sunderland 008A,Suspect charged
438516ca109a045f6179f9e3fee43efbf81f9903ede08c61ab6f677884b8d0ac,2021-05,Northumbria Police,Northumbria Police,-1.426348,54.918458,On or near HYLTON PARK ROAD,E01008693,Sunderland 008A,Suspect charged
68dc6155a15a846c599f60f624aa9289ccb4c3f4a739f2d834360d6458ee98c2,2021-05,Northumbria Police,Northumbria Police,-1.606291,54.945279,On or near Park/Open Space,E01008255,Gateshead 010E,Investigation complete; no suspect identified
1055d5a59b01517809f29319aad017179bb7dda065ca7531997b03193f69f366,2021-05,Northumbria Police,Northumbria Police,-1.617134,54.972264,On or near NEWGATE STREET,E01033543,Newcastle upon Tyne 024G,Investigation complete; no suspect identified
4aa5e8f9122e0c094a8939a2f68c3ca6f70fdd306498db80d0c0604a006afa0c,2021-05,Northumbria Police,Northumbria Police,-1.615322,54.972222,On or near NUN STREET,E01033543,Newcastle upon Tyne 024G,Investigation complete; no suspect identified
34b0feea39aeb41a0e902703dbaa8c29f640bc4d03ef599c8d2b7ba27fb3baf5,2021-05,Northumbria Police,Northumbria Police,-1.446306,54.978319,On or near A194,E01008672,South Tyneside 012D,Investigation complete; no suspect identified
b530de8498e4b06ff8976b3e97bfde82cf63156898203c8668dc607f52329ccc,2021-05,Northumbria Police,Northumbria Police,-1.568231,55.035597,On or near Shopping Area,E01008479,North Tyneside 008D,Investigation complete; no suspect identified
9949f43cee9185955387346073308b4f9cbd80c8ff63a1a6f16deb04db6f3003,2021-05,Northumbria Police,Northumbria Police,-1.573377,55.182924,On or near Shopping Area,E01027529,Northumberland 010B,Investigation complete; no suspect identified
008e24cdd35097ac86555729ea717d328234afc854548ba8ef0b4db950555b2a,2021-05,Northumbria Police,Northumbria Police,-1.600570,54.952270,On or near SHIPLEY COURT,E01008252,Gateshead 010B,Investigation complete; no suspect identified
57b63bfdb6a8f974cee45823775dd985a8deae146c3ffa3c57924bef66544b31,2021-05,Northumbria Police,Northumbria Police,-1.562565,54.973949,On or near WELBECK ROAD,E01008388,Newcastle upon Tyne 028A,Investigation complete; no suspect identified
43d847942766008a0faeb22da9fc35870e617f6ab280d1b5525a976ec72571d4,2021-05,Northumbria Police,Northumbria Police,-1.580041,54.981901,On or near CARDIGAN TERRACE,E01008362,Newcastle upon Tyne 018E,Investigation complete; no suspect identified
6938fb54d498db22721786fb02a35aaa17c88a4c3318e2629d9dcab0bdcd8376,2021-05,Northumbria Police,Northumbria Police,-1.532469,54.989366,On or near Bus/Coach Station,E01008575,North Tyneside 030E,Investigation complete; no suspect identified
7c6c73995b3a93649f2484a95a4f8359305be8b90a3d8fb888e5c6c8cec02d1c,2021-05,Northumbria Police,Northumbria Police,-1.438189,54.990108,On or near LAYGATE PLACE,E01008666,South Tyneside 002C,Offender given a caution
672a20ccf81b8b6f0457a282561b4fae3d4c22629ad39581f6d1f9f6323ae72d,2021-05,Northumbria Police,Northumbria Police,-1.517379,55.130695,On or near HAMBLEDON STREET,E01027415,Northumberland 023B,Investigation complete; no suspect identified
73f298a09185594b6e11ba8ec60b693f834533c65f34451669498141ee5e9f74,2021-05,Northumbria Police,Northumbria Police,-1.755531,54.996964,On or near WESLEY WAY,E01008405,Newcastle upon Tyne 014F,Investigation complete; no suspect identified
f7e37b380fb209c2d2bc3148ded9972a5da5c98bcb45c61c6e5fb8d492bb560d,2021-05,Northumbria Police,Northumbria Police,-1.677556,54.962779,On or near RIVERSIDE WAY,E01008262,Gateshead 009A,Investigation complete; no suspect identified
e06b21ce0f444406a1593d675c3c61a00ad20b47960af3cf02410683ba6f4d4d,2021-05,Northumbria Police,Northumbria Police,-1.426660,54.906328,On or near FELSTEAD SQUARE,E01008762,Sunderland 012B,Investigation complete; no suspect identified
652a285c372afa6446e8b4dc7745ac61a85cfa7850ca9db78a7b6a922741333d,2021-05,Northumbria Police,Northumbria Police,-1.673703,54.973750,On or near BENWELL LANE,E01008288,Newcastle upon Tyne 027A,Investigation complete; no suspect identified
bd25d44f047a428180e9eeafe328c8a999975d862ea623c00e4b46e1aefc15e4,2021-05,Northumbria Police,Northumbria Police,-1.534319,54.902421,On or near Parking Area,E01008844,Sunderland 019B,Investigation complete; no suspect identified
4018d6937385bdf6f2e3500ff777dd28d035c9fe5df980354076d9c52a3edf63,2021-05,Northumbria Police,Northumbria Police,-1.585230,55.015141,On or near BARDSEY PLACE,E01008514,North Tyneside 019D,Investigation complete; no suspect identified
23c8c2837969ba6938ece05b7419e38e90d28cd073e77d7d622d72e349a843eb,2021-05,Northumbria Police,Northumbria Police,-1.711327,55.294896,On or near THE PETH,E01027450,Northumberland 015C,Investigation complete; no suspect identified
f9ebacd84e01060bfd75266739982ebecbd4ac5ec66c6d7828239cee9982a8cb,2021-05,Northumbria Police,Northumbria Police,-1.613802,54.953122,On or near BENSHAM AVENUE,E01008171,Gateshead 008D,Suspect charged
515edf6564508bac4278ed73c8a4a74c94995ca3dbb235711b60c72b4348a794,2021-05,Northumbria Police,Northumbria Police,-1.644599,54.948902,On or near Supermarket,E01008211,Gateshead 013D,Investigation complete; no suspect identified
aa199046e22332a3b62ac7bf4671df9d4cf356aa0f0cf18f08698678df35f629,2021-05,Northumbria Police,Northumbria Police,-1.591729,55.014282,On or near CARDINAL CLOSE,E01008513,North Tyneside 019C,Investigation complete; no suspect identified
91590bcfbe99b931c276808c6b547ba91319d4a260ad2cf877d76e7ddf85cfd6,2021-05,Northumbria Police,Northumbria Police,-1.597465,54.953581,On or near ABBEY COURT,E01008203,Gateshead 028B,Investigation complete; no suspect identified
a16ea9e8ba3832cef021c9bddd0134604acc3ec5041ccfaf8ae9f6bbf8ab231f,2021-05,Northumbria Police,Northumbria Police,-1.628600,54.950283,On or near Parking Area,E01008259,Gateshead 007D,Investigation complete; no suspect identified
7ea5db24aefc1aeefc63db082c8ab4bcb8293673911e91199e2d8b61a1af5470,2021-05,Northumbria Police,Northumbria Police,-1.507448,54.915264,On or near MARLBOROUGH ROAD,E01008854,Sunderland 009B,Investigation complete; no suspect identified
6164c6be3c709fd8ce29f27f71041ff4703046eccdabecf092375b5f40930e9a,2021-05,Northumbria Police,Northumbria Police,-1.384046,54.907719,On or near Shopping Area,E01008703,Sunderland 013B,Offender given a caution
1cc25543596489e386c3b4366c5068bec55a4ad463c00b8f68866f7e2b6b7d70,2021-05,Northumbria Police,Northumbria Police,-1.614126,54.977988,On or near BARRAS BRIDGE,E01008397,Newcastle upon Tyne 024C,Investigation complete; no suspect identified
d2d2f67b5488aee976aa5e28cf52d2ce2de721ec3ce26e5369deef55d615edd9,2021-05,Northumbria Police,Northumbria Police,-1.387716,54.918737,On or near EGLINTON STREET NORTH,E01008708,Sunderland 005A,Investigation complete; no suspect identified
3be28373edbfc924e1807056c68fed37057a4981667b91c560ee6e160908764b,2021-05,Northumbria Police,Northumbria Police,-1.412348,54.963827,On or near LUFFNESS DRIVE,E01008622,South Tyneside 013A,Offender given a caution
cf79daccb14c53637e2208b87a0da6bb046a599d0d64e81a8ec6d6a2c81d71ca,2021-05,Northumbria Police,Northumbria Police,-1.635093,54.998748,On or near KENTON AVENUE,E01008378,Newcastle upon Tyne 006D,Investigation complete; no suspect identified
ced6e6dcb8a2467d0e7ebb438bc2853691dfd9d04ee21ce55be639afdb816d8d,2021-05,Northumbria Police,Northumbria Police,-1.392578,54.885898,On or near THE PRECINCT,E01008780,Sunderland 024D,Investigation complete; no suspect identified
67c0d35d013b726a56dc96a5831491271d43ae637d4b25aed62df618452aaa3a,2021-05,Northumbria Police,Northumbria Police,-1.897189,54.968985,On or near SPRINGFIELD CLOSE,E01027483,Northumberland 036A,Investigation complete; no suspect identified
89644128f23140a5ea0c68b860111f3071e4431f95815aec3a9ce831fdc78459,2021-05,Northumbria Police,Northumbria Police,-1.566870,55.183494,On or near WOODHORN ROAD,E01027528,Northumberland 010A,Investigation complete; no suspect identified
836b5fa7e07dbec1d7b4cd51cf8e362a2e64ae9aa2fe76915edce5358a41ade2,2021-05,Northumbria Police,Northumbria Police,-1.690593,55.008040,On or near EAST THORP,E01008459,Newcastle upon Tyne 004E,Investigation complete; no suspect identified
23a9ea88e65234a5867b98933cc4f56f49903e3134f65200d617616e9478a688,2021-05,Northumbria Police,Northumbria Police,-1.584449,55.333736,On or near NORTH STREET,E01027361,Northumberland 006A,Investigation complete; no suspect identified
db13501c852536711fede9890fa6cbeca1e747233d91cfc3044371344015c061,2021-05,Northumbria Police,Northumbria Police,-1.394941,54.909239,On or near TRIMDON STREET,E01008700,Sunderland 013A,Investigation complete; no suspect identified
173f602f6a38a2578c35f62c4cb9e8fea39d60d3f1839854983d965163f1c845,2021-05,Northumbria Police,Northumbria Police,-1.440115,54.887528,On or near GRAVESEND SQUARE,E01008733,Sunderland 021E,Investigation complete; no suspect identified
47791824a47da471eecfbaf7340b5ae2ec4b4d6eeaf496c520972387f785fd4a,2021-05,Northumbria Police,Northumbria Police,-1.613802,54.953122,On or near BENSHAM AVENUE,E01008171,Gateshead 008D,Suspect charged
f11fb249c1da4fe33cb90325f730db4ee41ca0c68611ff82557d32d73ac4f8c6,2021-05,Northumbria Police,Northumbria Police,-2.094372,54.966637,On or near GREEN BANK,E01027493,Northumberland 035F,Investigation complete; no suspect identified
56d34c8fedd2beab1f6b834ba9969f9839f47b0677096b525313eeb812618fa5,2021-05,Northumbria Police,Northumbria Police,-1.420836,54.970904,On or near JOHN REID ROAD,E01008682,South Tyneside 005C,Investigation complete; no suspect identified
3f35443d4af2bf3e2198031c8dd21e2c404b8c2ead40fdd96b5ed89f03ca85db,2021-05,Northumbria Police,Northumbria Police,-1.566620,55.142751,On or near Sports/Recreation Area,E01027551,Northumberland 020F,Investigation complete; no suspect identified
0db144be388571740cb0cca612bba206fba1e8ca7f46ef49787e21e4ce0c34a6,2021-05,Northumbria Police,Northumbria Police,-1.421602,54.888206,On or near STRATHMORE SQUARE,E01008825,Sunderland 023C,Investigation complete; no suspect identified
620a20bbbe933e4005599a545b1339f3111cb022c117fd755a8ccbe59fbdb628,2021-05,Northumbria Police,Northumbria Police,-1.494409,54.998523,On or near Supermarket,E01008510,North Tyneside 026C,Investigation complete; no suspect identified
31d145ee8b10a0c61e4598b25915d846b7c8c4c847575f105c12ce95bea84500,2021-05,Northumbria Police,Northumbria Police,-1.498916,54.980515,On or near HAZEL STREET,E01008652,South Tyneside 009B,Investigation complete; no suspect identified
15b2971596f8edb8d290c6274c1ab86acba9c44e45c7d8539fbaedf458e6ae9b,2021-05,Northumbria Police,Northumbria Police,-1.591139,54.952347,On or near ELLISON VILLAS,E01008163,Gateshead 028A,Investigation complete; no suspect identified
b83bdd1eb21b722fb4b6b230d4d7a5464544026b06465aad12b14e87f30c7990,2021-05,Northumbria Police,Northumbria Police,-1.754070,54.921378,On or near BURNSIDE ROAD,E01008185,Gateshead 022B,Investigation complete; no suspect identified
85944b4c8255bb6f30aea64bafd652f0773a2bb89dd08a591966ba507574846b,2021-05,Northumbria Police,Northumbria Police,-1.455532,54.903774,On or near OFFERTON CLOSE,E01008814,Sunderland 014D,Investigation complete; no suspect identified
ff78d64593b862f73c348ab4fc4349d26d84b821d10f6615d22ffa8052ed52c3,2021-05,Northumbria Police,Northumbria Police,-1.554117,55.025760,On or near GREAT LIME ROAD,E01008500,North Tyneside 012A,Investigation complete; no suspect identified
c9c30351473b4c234dcee0b4254dd584f2aa0d1f648ca70782d2a996257f9bf3,2021-05,Northumbria Police,Northumbria Police,-1.512453,55.126991,On or near Parking Area,E01027415,Northumberland 023B,Suspect charged
1c914d29b88a9c69f1731e26fb8c3cce1bd62f0d8bd6fed362e1e5e5bfab52b8,2021-05,Northumbria Police,Northumbria Police,-1.497775,54.962987,On or near BLACKPOOL PARADE,E01008658,South Tyneside 015F,Investigation complete; no suspect identified
3ca240fd5ee6bc299d02bb218f22abd250a2bea1b5a25bea61422e426dbbeb81,2021-05,Northumbria Police,Northumbria Police,-1.542533,54.959210,On or near THE SLIPWAY,E01008244,Gateshead 003D,Investigation complete; no suspect identified
2b2b71ae356f53ff50620c648792d91e8cdef2fa3c6f6a3c126a6481d11fdc28,2021-05,Northumbria Police,Northumbria Police,-1.534209,54.947056,On or near THE MEWS,E01008286,Gateshead 014C,Investigation complete; no suspect identified
94de1b5d70c8ef03cfa975a9481df48d9c9ef5e868209932e23a56b196c8a0f8,2021-05,Northumbria Police,Northumbria Police,-1.434067,54.998716,On or near QUEEN STREET,E01008667,South Tyneside 002D,Investigation complete; no suspect identified
97a911b2dcd23a931f2068c111fcc96970a503598b314d389bc413ced4b2fe91,2021-05,Northumbria Police,Northumbria Police,-1.443525,54.866327,On or near MEADOW DRIVE,E01008775,Sunderland 029C,Investigation complete; no suspect identified
6727f8f8808a9630dd4c2337515ac49b640a3304fc0e7a6b260cdc1ac355b5d0,2021-05,Northumbria Police,Northumbria Police,-1.448246,54.821820,On or near THE AVENUE,E01008742,Sunderland 035C,Investigation complete; no suspect identified
03fb1ade69a306d455a03eaf3f4269a5e67a1c9d135b4299f538d36087bbc74c,2021-05,Northumbria Police,Northumbria Police,-1.541180,54.986074,On or near EASTFIELD AVENUE,E01008436,Newcastle upon Tyne 020F,Investigation complete; no suspect identified
0ab1f078cdf7d3391f7b71fff2bfa532e8841092a0f0bccfa19f078cf874982b,2021-05,Northumbria Police,Northumbria Police,-1.619408,54.966322,On or near Pedestrian Subway,E01033545,Newcastle upon Tyne 024H,Investigation complete; no suspect identified
48da3a8d56983b5ae8adbe50d86ed39292ef23a15f4fadd69c384b7d44927150,2021-05,Northumbria Police,Northumbria Police,-1.390219,54.895574,On or near BELLE VUE PARK,E01008781,Sunderland 022B,Suspect charged
cc583340154a0f8447676046e49de26bd4595d85235164804e82ba4fa572db14,2021-05,Northumbria Police,Northumbria Police,-1.463994,54.930088,On or near BOSTON CRESCENT,E01008840,Sunderland 003E,Investigation complete; no suspect identified
8f813a392305b65a114cd7fdb55298573d986b23149dd38fa24d3a71e37c7ff4,2021-05,Northumbria Police,Northumbria Police,-1.432302,54.986423,On or near BEAUFRONT TERRACE,E01008664,South Tyneside 002A,Investigation complete; no suspect identified
faf324b1747b26796bbf8a3adfa69a5ca99ca89ce958aca65fc63dcaf65ff3f1,2021-05,Northumbria Police,Northumbria Police,-1.484586,55.008717,On or near BARMOUTH ROAD,E01008481,North Tyneside 023A,Investigation complete; no suspect identified
fa842899179270cbf8d89b702ae402fd40e400d7792be3d296e67cf2237e05a6,2021-05,Northumbria Police,Northumbria Police,-1.627195,54.957018,On or near AUTUMN DRIVE,E01008258,Gateshead 007C,Suspect charged
1d200a36a2da9f5419b9d5614d1c380746ce4cb786144f014c3e59c78a80bc83,2021-05,Northumbria Police,Northumbria Police,-1.484586,55.008717,On or near BARMOUTH ROAD,E01008481,North Tyneside 023A,Investigation complete; no suspect identified
28ddccf9a55f93b7f0f00b9414c823fa6ccf1e41db1be9b945391a6c0a6ba134,2021-05,Northumbria Police,Northumbria Police,-1.517005,54.884479,On or near BROADMEADOWS,E01008861,Sunderland 025B,Investigation complete; no suspect identified
ffed8839401d670e8a087f8b6564a57b9144b5afa3ffbede9a461b44ed6126d0,2021-05,Northumbria Police,Northumbria Police,-1.602259,54.972531,On or near MELBOURNE STREET,E01033553,Newcastle upon Tyne 023H,Suspect charged
f68b8bc2260568859eb5a648d53496fdb0585531d4a1119c47bf37bb6bd91b64,2021-05,Northumbria Police,Northumbria Police,-1.437237,54.807616,On or near JUBILEE SQUARE,E01008744,Sunderland 036B,Investigation complete; no suspect identified
4478b14e0d99c21e1b65c23b615d7987e963d254b1c4198f0b9a059000f4f27d,2021-05,Northumbria Police,Northumbria Police,-1.588457,54.919816,On or near WAVERLEY ROAD,E01008190,Gateshead 023B,Investigation complete; no suspect identified
625af9e9e2b344dcafaa8a2fb31b545bc2d95386ca9d3fafb2a316b58dd0ba76,2021-05,Northumbria Police,Northumbria Police,-1.598862,54.935604,On or near Parking Area,E01008239,Gateshead 020D,Investigation complete; no suspect identified
dc1164b2ab399c8b70a8c9087226c3080aca86561bf87b9afd4a104b141fe5a0,2021-05,Northumbria Police,Northumbria Police,-1.364733,54.870335,On or near RYHOPE STREET SOUTH,E01008769,Sunderland 028E,Suspect charged
dc1164b2ab399c8b70a8c9087226c3080aca86561bf87b9afd4a104b141fe5a0,2021-05,Northumbria Police,Northumbria Police,-1.364733,54.870335,On or near RYHOPE STREET SOUTH,E01008769,Sunderland 028E,Suspect charged
7e9040f55445a54be24a686e352bbc0924d772aad72f26a59375ed98672e0546,2021-05,Northumbria Police,Northumbria Police,-1.459997,54.915045,On or near A19,E01008695,Sunderland 008C,Suspect charged
65622e048cb6010e2f07b3363c9bb277f1241abd2487d5f76b322271ea3b959b,2021-05,Northumbria Police,Northumbria Police,-1.640161,55.029828,On or near PRENDWICK AVENUE,E01008308,Newcastle upon Tyne 001D,Suspect charged
65622e048cb6010e2f07b3363c9bb277f1241abd2487d5f76b322271ea3b959b,2021-05,Northumbria Police,Northumbria Police,-1.640161,55.029828,On or near PRENDWICK AVENUE,E01008308,Newcastle upon Tyne 001D,Investigation complete; no suspect identified
65622e048cb6010e2f07b3363c9bb277f1241abd2487d5f76b322271ea3b959b,2021-05,Northumbria Police,Northumbria Police,-1.640161,55.029828,On or near PRENDWICK AVENUE,E01008308,Newcastle upon Tyne 001D,Investigation complete; no suspect identified
ddc7b06e9510e5271184939f6849fe89d23a24cd2bd4ba7d8625d1a1b5d8e07c,2021-05,Northumbria Police,Northumbria Police,-1.590317,55.050024,On or near ETHEL STREET,E01008578,North Tyneside 002D,Suspect charged
48d66235115bc9ff11672fee5ad4d889b80dbf50fd353ae1587f3c652872b4fa,2021-05,Northumbria Police,Northumbria Police,-1.587358,54.932744,On or near CARLISLE PLACE,E01008221,Gateshead 021C,Investigation complete; no suspect identified
b775371bb008af22e5b20678f2bd17e13a7f5fa5f29d09d37927398b4b644810,2021-05,Northumbria Police,Northumbria Police,-1.575288,54.924381,On or near HIGH STREET,E01008225,Gateshead 021D,Investigation complete; no suspect identified
59d83c746e407239e4cecc11667901246b7cb29a1b3f25c7798244ebf9e3e643,2021-05,Northumbria Police,Northumbria Police,-1.597819,54.972867,On or near HOWARD STREET,E01033548,Newcastle upon Tyne 023G,Offender given a caution
59d83c746e407239e4cecc11667901246b7cb29a1b3f25c7798244ebf9e3e643,2021-05,Northumbria Police,Northumbria Police,-1.597819,54.972867,On or near HOWARD STREET,E01033548,Newcastle upon Tyne 023G,Offender given a caution
f971e854dad73950fc3c43c5ebbf5ced997af0658746a99cf8c5f2cf60a227f4,2021-05,Northumbria Police,Northumbria Police,-1.519543,54.904340,On or near SPOUT LANE,E01008844,Sunderland 019B,Investigation complete; no suspect identified
220247581cce3225351540a8e80761f49aecfdc82aa90268cb236ae16fbe51bf,2021-05,Northumbria Police,Northumbria Police,-1.597819,54.972867,On or near HOWARD STREET,E01033548,Newcastle upon Tyne 023G,Offender given a caution
3414b2924872ef0845c83b49ca292a510050f0203a0466361b52309bacd6c320,2021-05,Northumbria Police,Northumbria Police,-1.476472,55.009887,On or near STAMFORDHAM AVENUE,E01008492,North Tyneside 023E,Investigation complete; no suspect identified
24830a13de942b85edab7b1ccd48ad75498fb5345399c238415bc0d2355c9268,2021-05,Northumbria Police,Northumbria Police,-1.378495,54.906604,On or near WEST SUNNISIDE,E01008703,Sunderland 013B,Investigation complete; no suspect identified
23635a96c6dd1f1f9ad596ad873e74fc6987de97bcca5f251a0bcf895d2c4ee1,2021-05,Northumbria Police,Northumbria Police,-1.503739,54.973292,On or near BEDE WALK,E01008655,South Tyneside 009E,Investigation complete; no suspect identified
4f40ba27e6d8c9d0c56d463e220ff13eab28a0a3e65f428a4828af72b60286aa,2021-05,Northumbria Police,Northumbria Police,-1.429879,54.907026,On or near FELL ROAD,E01033076,Sunderland 012F,Investigation complete; no suspect identified
a61aca19c9b50fad642b97682c728fbf8b4596a351cb50810b0e5f3316990c34,2021-05,Northumbria Police,Northumbria Police,-1.596126,54.981308,On or near DINSDALE ROAD,E01008411,Newcastle upon Tyne 017E,Investigation complete; no suspect identified
dc0d7366b61fc1cec525591675dcb4609727d3890e9dc2a9a4c6b2df686254e5,2021-05,Northumbria Police,Northumbria Police,-1.430748,55.002349,On or near MORTON STREET,E01008599,South Tyneside 001E,Suspect charged
9485e60ea9a4fedae67a27fb3e16c15b14f9777080c45a2237158e4eafced188,2021-05,Northumbria Police,Northumbria Police,-1.621934,54.968460,On or near WESTMORLAND ROAD,E01033545,Newcastle upon Tyne 024H,Offender given penalty notice
9485e60ea9a4fedae67a27fb3e16c15b14f9777080c45a2237158e4eafced188,2021-05,Northumbria Police,Northumbria Police,-1.621934,54.968460,On or near WESTMORLAND ROAD,E01033545,Newcastle upon Tyne 024H,Offender given penalty notice
0e3067c0e2fd4a262511dbff8b374ad7df5a9ad519ed6a92d43333026bd9249c,2021-05,Northumbria Police,Northumbria Police,-1.455532,54.903774,On or near OFFERTON CLOSE,E01008814,Sunderland 014D,Offender given a caution
0149f8770a37f1c58c782013f0eddf6df439016a48c8da712b8b6c1be5804b21,2021-05,Northumbria Police,Northumbria Police,-1.568544,54.965622,On or near THE ROPERY,E01008301,Newcastle upon Tyne 026A,Investigation complete; no suspect identified
955ec8545227cdfba636fbf16374f7d805aa63690747761482cc206e48c4ad2e,2021-05,Northumbria Police,Northumbria Police,-1.612425,54.968088,On or near CLAVERING PLACE,E01033543,Newcastle upon Tyne 024G,Investigation complete; no suspect identified
f9aa3fcc089a918c057a5b3c383bccb9baf6acadc9959b1911a24ba4a46c455d,2021-05,Northumbria Police,Northumbria Police,-1.397982,54.906145,On or near ST MARK'S TERRACE,E01008706,Sunderland 011C,Investigation complete; no suspect identified
1c1a02162c327e57db2407c763d1410d5f3d6ca94722918f563b7555dd430973,2021-05,Northumbria Police,Northumbria Police,-2.142044,55.231660,On or near B6341,E01027503,Northumberland 019C,Investigation complete; no suspect identified
7e9beddee1dcb3759a7b91400af083e4dc2653571ac24ca923467b10dc55340c,2021-05,Northumbria Police,Northumbria Police,-1.442528,55.043489,On or near SOUTH PARADE,E01008584,North Tyneside 006A,Investigation complete; no suspect identified
c2b93cfc93a497d048a7bfa51c6e7098e4dccf42666acfb411ba0016115a1e14,2021-05,Northumbria Police,Northumbria Police,-1.683371,55.178469,On or near Hospital,E01027457,Northumberland 011A,Investigation complete; no suspect identified
4e60fcf06b66d0d69ac01177867221e15fbb1d784eea5c7806d018e893b1cf09,2021-05,Northumbria Police,Northumbria Police,-1.506420,55.186347,On or near SANDRIDGE,E01027541,Northumberland 009A,Investigation complete; no suspect identified
6b696cfaae7b6a7e8339af55d3317230b89f5604a4b579d024cebdd56ffd17a1,2021-05,Northumbria Police,Northumbria Police,-1.587066,54.984072,On or near Park/Open Space,E01008410,Newcastle upon Tyne 023D,Investigation complete; no suspect identified
aa7008c6678150b0d9047ac14c8088f0c860f195904f14ebcf696b1213aa2e68,2021-05,Northumbria Police,Northumbria Police,-1.405698,54.974147,On or near DUNLOP CRESCENT,E01008634,South Tyneside 008B,Investigation complete; no suspect identified
3c3badc60ab5addf1ccc68e1417769e8ffd14ce82c01e149cdcb2ac406989f06,2021-05,Northumbria Police,Northumbria Police,-1.430906,54.994558,On or near Petrol Station,E01008667,South Tyneside 002D,Investigation complete; no suspect identified
8e202007f7636b90d955c62ea464baaa3d27f24e0a43d66c9c053a855264f1c3,2021-05,Northumbria Police,Northumbria Police,-1.726884,54.954785,On or near Supermarket,E01008280,Gateshead 004E,Investigation complete; no suspect identified
969287a9d1bc5cd9c0d1ae898a54012da9e557c8e7c19e3553bedbee5115ccdf,2021-05,Northumbria Police,Northumbria Police,-1.726884,54.954785,On or near Supermarket,E01008280,Gateshead 004E,Investigation complete; no suspect identified
02c279d9af40635e5275c69f3cf5e78b5b4ede7860c1a643cc55bdb7942bcc54,2021-05,Northumbria Police,Northumbria Police,-1.489643,55.015604,On or near GLOUCESTER ROAD,E01008491,North Tyneside 015D,Investigation complete; no suspect identified
912b89775400aede1bea8a937ff2d90015b6807c1e9dfc7193af835abceeafda,2021-05,Northumbria Police,Northumbria Police,-1.537005,55.172251,On or near THE PADDOCK,E01033716,Northumberland 013F,Investigation complete; no suspect identified
fa98cfd036de4c73f3f91cf5482d8f732bb5276a056e6148b9863407c4903c9a,2021-05,Northumbria Police,Northumbria Police,-1.579333,54.897139,On or near JONES STREET,E01008175,Gateshead 026D,Investigation complete; no suspect identified
dedec9cff5ea30304cfc2041f4ac560ddacd8562acff89f297aa2c9fc18f289b,2021-05,Northumbria Police,Northumbria Police,-1.546810,54.907959,On or near ELSWICK ROAD,E01008875,Sunderland 010C,Investigation complete; no suspect identified
2e37e361023e97fd290518372b5fafb0b692f73da68afe8f32c917b4140f9fd6,2021-05,Northumbria Police,Northumbria Police,-1.571823,54.896547,On or near SOUTH VIEW,E01008174,Gateshead 026C,Investigation complete; no suspect identified
9741defdbe7664328bd10a51dd4647bc3a606bb0d09247c68e8354b611661341,2021-05,Northumbria Police,Northumbria Police,-1.431635,54.997141,On or near BURROW STREET,E01008667,South Tyneside 002D,Investigation complete; no suspect identified
36a5e5ff4bf0191d8070124752dc4f6451fd5c43abc293e8f199434e0b104574,2021-05,Northumbria Police,Northumbria Police,-1.585145,54.955130,On or near JOHN STREET,E01008164,Gateshead 027B,Investigation complete; no suspect identified
a7358c99727a7194e0f2ea1a5f664cadf16784909e70f529f27805d43379b070,2021-05,Northumbria Police,Northumbria Police,-1.622943,54.924097,On or near Shopping Area,E01008226,Gateshead 025D,Investigation complete; no suspect identified
245920e59bd64d28a3eb3250fcea0108beaffbd4220eeea7706e6f9f3445e4f6,2021-05,Northumbria Police,Northumbria Police,-1.656159,54.973809,On or near FARNDALE ROAD,E01008332,Newcastle upon Tyne 029B,Investigation complete; no suspect identified
f8b474691a4ea5fc3c7e7f245892d897f25206eb24dc7204a7e9b1cc03bed3d6,2021-05,Northumbria Police,Northumbria Police,-1.593130,54.973157,On or near TARSET STREET,E01033548,Newcastle upon Tyne 023G,Investigation complete; no suspect identified
eea10cb0847802b05c17eee1b6050ecc1ddf868f6b3cfe736372b4a99a3190e0,2021-05,Northumbria Police,Northumbria Police,-1.628491,54.970556,On or near WINCHESTER TERRACE,E01008439,Newcastle upon Tyne 024E,Investigation complete; no suspect identified
56fcbdbc47da827e6bfb22f68f61769ba1b94ee729aa2c497fe0ac2babf08522,2021-05,Northumbria Police,Northumbria Police,-1.536580,55.020537,On or near Supermarket,E01008501,North Tyneside 018D,Investigation complete; no suspect identified
4fb496ee7576b33c6050014a944beb8a7ba43a51967800600a80d9cbfeccdefb,2021-05,Northumbria Police,Northumbria Police,-1.615322,54.972222,On or near NUN STREET,E01033543,Newcastle upon Tyne 024G,Investigation complete; no suspect identified
dd9944d007a8eca6fa7317c69eafaad526c3524dbd80b93c8bde489dd75abe77,2021-05,Northumbria Police,Northumbria Police,-1.657792,54.980149,On or near PALM AVENUE,E01008348,Newcastle upon Tyne 019F,Investigation complete; no suspect identified
9c39248de465ee99ce136ff61877ee2ad62d74501f126b2c56635adc9275e513,2021-05,Northumbria Police,Northumbria Police,-1.555403,54.951970,On or near Bus/Coach Station,E01008215,Gateshead 003B,Investigation complete; no suspect identified
c015158aa8e535dfa2807ce0978e7360b1d06c27f48624efc1416cc70d16b19b,2021-05,Northumbria Police,Northumbria Police,-1.409116,54.894490,On or near Park/Open Space,E01008760,Sunderland 018A,Investigation complete; no suspect identified
5809afda5607f39a848cc150fb4a611af78d0082c16cb76bba37b1315a57e75a,2021-05,Northumbria Police,Northumbria Police,-1.555656,54.934618,On or near KELLSWAY,E01008232,Gateshead 018C,Investigation complete; no suspect identified
e0cfc3e0fa69cfc03f18317e9d85f21696888cf39737ff3e54007ad8da907143,2021-05,Northumbria Police,Northumbria Police,-1.617415,54.965633,On or near COOKSON'S LANE,E01033545,Newcastle upon Tyne 024H,Offender given penalty notice
a98106e5ed137a1121c333ca71329dca7b472474669010c5b10364d223c8e35f,2021-05,Northumbria Police,Northumbria Police,-1.583077,55.175867,On or near BLACKDENE,E01027526,Northumberland 012C,Investigation complete; no suspect identified
e33b8d0aecb1aecb73d51c507eca6277af58cb4a1b9c7924d98f5728d229bc78,2021-05,Northumbria Police,Northumbria Police,-1.535168,55.126316,On or near CRAGTON GARDENS,E01027392,Northumberland 022A,Suspect charged
1ca6287af8178e69dbcefda0e6a273cc4eb832cf5199c286e681506fca4d0301,2021-05,Northumbria Police,Northumbria Police,-1.588015,55.085197,On or near Shopping Area,E01027409,Northumberland 029B,Investigation complete; no suspect identified
a714a76c940548a15a1ef27261cb9abc26e5c21527c08d4d71f9461968741921,2021-05,Northumbria Police,Northumbria Police,-2.007830,55.758873,On or near NORTHUMBERLAND ROAD,E01027388,Northumberland 001E,Investigation complete; no suspect identified
589e66435b074412cbbcf512e086447a77e76d70d0bea8d0e6afcf9112c4e016,2021-05,Northumbria Police,Northumbria Police,-1.688357,54.953470,On or near HEXHAM ROAD,E01008262,Gateshead 009A,Investigation complete; no suspect identified
a699702baacadf81ceea4bba6fd52544d1837b61c3b7982bb02ee58c0bd0a381,2021-05,Northumbria Police,Northumbria Police,-1.413754,54.930512,On or near FONTBURN COURT,E01008821,Sunderland 004D,Investigation complete; no suspect identified
225154827942e798cb5fada6d750cd33014eb84137d188d4d9db80e146bf96a2,2021-05,Northumbria Police,Northumbria Police,-1.527419,54.993588,On or near CHARLOTTE STREET,E01008573,North Tyneside 029B,Investigation complete; no suspect identified
8dd64ebc1c6735f0d0329c063bfd9e0cd6ef40d70620259a2f43ab3168ccdb5c,2021-05,Northumbria Police,Northumbria Police,-1.748899,55.052782,On or near BEECHWOOD PLACE,E01027466,Northumberland 033C,Suspect charged
e4083d69813bd89048365a7f52c839fff2e2aadab2382b42fb18ed97e3df1108,2021-05,Northumbria Police,Northumbria Police,-1.393827,54.921078,On or near BRANSTON STREET,E01033075,Sunderland 005G,Investigation complete; no suspect identified
e5b31be945c6b835ce04661e5fc780085a43718b81e82ca2109c3123cc4b35d2,2021-05,Northumbria Police,Northumbria Police,-1.535168,55.126316,On or near CRAGTON GARDENS,E01027392,Northumberland 022A,Suspect charged
e5b31be945c6b835ce04661e5fc780085a43718b81e82ca2109c3123cc4b35d2,2021-05,Northumbria Police,Northumbria Police,-1.535168,55.126316,On or near CRAGTON GARDENS,E01027392,Northumberland 022A,Investigation complete; no suspect identified
d33797f8d0cb39c8fd51784a8dcffed8ab39b5d8fc2dfa9e10cb5b5219c86fb7,2021-05,Northumbria Police,Northumbria Police,-1.484586,55.008717,On or near BARMOUTH ROAD,E01008481,North Tyneside 023A,Investigation complete; no suspect identified
de71394b042abf1f1495ecfd4d617d857bed66a8ea82c2f79c98e523f8b97342,2021-05,Northumbria Police,Northumbria Police,-1.565303,55.015520,On or near MIDHURST ROAD,E01008472,North Tyneside 018B,Investigation complete; no suspect identified
01c3d4757af6aaa501d20c17899c42d7d36691ce4235dedfc0ce2740c458f1b8,2021-05,Northumbria Police,Northumbria Police,-1.505865,54.954124,On or near MERCHANT COURT,E01008629,South Tyneside 020C,Investigation complete; no suspect identified
594e31f4572888616ca59b6bc267a7b777edad8bf3c279a5c50e997cd9819d1f,2021-05,Northumbria Police,Northumbria Police,-1.617544,55.001426,On or near ROSEWORTH CRESCENT,E01008420,Newcastle upon Tyne 005D,Investigation complete; no suspect identified
991aaedb450224351d69e0ed9775537444be88bed5d12e592c75f0a49b7a92b9,2021-05,Northumbria Police,Northumbria Police,-1.593682,54.957109,On or near WORDSWORTH STREET,E01008162,Gateshead 027A,Investigation complete; no suspect identified
d4fa73c8c9a49e2ab4b9ec6c2859d6d4338826ce2b3ee2cf646f5759a8dfb0f8,2021-05,Northumbria Police,Northumbria Police,-2.023512,55.763642,On or near Petrol Station,E01027387,Northumberland 001D,Investigation complete; no suspect identified
0ac71101ac6f8ca06c16c104aad13af91e63a7bab6283a745291c0347e8b5e5a,2021-05,Northumbria Police,Northumbria Police,-1.610818,54.976009,On or near NORTH STREET,E01008397,Newcastle upon Tyne 024C,Investigation complete; no suspect identified
2e857ed5b974b3d1732596bc4eb24f1193cb84ef13a0ee9da9c5b0f89d53e0e6,2021-05,Northumbria Police,Northumbria Police,-1.617134,54.972264,On or near NEWGATE STREET,E01033543,Newcastle upon Tyne 024G,Investigation complete; no suspect identified
aaa88d39b33087b87220f01ebfd0ce49b442e4ee7f17ecb5ced2d04c5b9aebf1,2021-05,Northumbria Police,Northumbria Police,-1.387265,54.900115,On or near AZALEA TERRACE NORTH,E01008831,Sunderland 013D,Investigation complete; no suspect identified
523e78e52229328019719bb5c98e06cfcbc805af73bdcacd65fb8196ea604269,2021-05,Northumbria Police,Northumbria Police,-1.704046,55.412115,On or near HOTSPUR STREET,E01033715,Northumberland 005D,Investigation complete; no suspect identified
b3671c34eabbbd0153946a6378280e883993b32a2e9bc86f7e35e4346d9b352f,2021-05,Northumbria Police,Northumbria Police,-1.594435,54.950569,On or near NEWMAN TERRACE,E01008203,Gateshead 028B,Suspect charged
78faebf9babd3b907c9640d6a39ffdb0b90c901c129b0d29e97921ff875496dd,2021-05,Northumbria Police,Northumbria Police,-1.573377,55.182924,On or near Shopping Area,E01027529,Northumberland 010B,Investigation complete; no suspect identified
b8b2098b03043285f40a4188692be5e76120a471220df795374a266469c6a853,2021-05,Northumbria Police,Northumbria Police,-1.606647,54.950358,On or near WESTFIELD ROAD,E01008253,Gateshead 010C,Investigation complete; no suspect identified
78e6ed14e7ab5226047bd1055c52fb2e43b19869c3653ef7dc1482e6f14132f9,2021-05,Northumbria Police,Northumbria Police,-1.512453,55.126991,On or near Parking Area,E01027415,Northumberland 023B,Suspect charged
78902b5acee3cd57f9800a5cd91d9c7da38d51b551255003c65f8387c4be697c,2021-05,Northumbria Police,Northumbria Police,-1.378080,54.905209,On or near FOYLE STREET,E01008703,Sunderland 013B,Suspect charged
3da12f06da69c264515e2b209c5df7b7916437e8676408cecc094d93f05e38ef,2021-05,Northumbria Police,Northumbria Police,-1.605905,54.992717,On or near Supermarket,E01008372,Newcastle upon Tyne 013D,Investigation complete; no suspect identified
71d6d4973b93b1e5f63f86017e1d99c62bfdfd652fd41158b3d04aef66b69146,2021-05,Northumbria Police,Northumbria Police,-1.716455,54.983472,On or near BRANCEPETH CLOSE,E01008381,Newcastle upon Tyne 021A,Investigation complete; no suspect identified
8a2282e76283e49cdc90c5f118584632286dc51aae4a9e4dda29ba6a165ff68f,2021-05,Northumbria Police,Northumbria Police,-1.519176,54.911618,On or near VERMONT,E01008854,Sunderland 009B,Investigation complete; no suspect identified
5b9d3b783a021110cc3dc95bb3cdf5d127079012ca350ec278e28079d2bc8505,2021-05,Northumbria Police,Northumbria Police,-1.536030,55.106047,On or near LAVEROCK HALL ROAD,E01027426,Northumberland 025B,Investigation complete; no suspect identified
aab6287fc11b2ead137645c20ab13b9207563fba01816aeb08f37d5500e2653e,2021-05,Northumbria Police,Northumbria Police,-1.604153,54.962643,On or near Shopping Area,E01008168,Gateshead 027D,Investigation complete; no suspect identified
d5e6607c8f36953d3437970275d89d7cbdce44ae2e5db9599d2576487e223401,2021-05,Northumbria Police,Northumbria Police,-1.613800,55.132413,On or near MEADOWDALE CRESCENT,E01027522,Northumberland 021E,Investigation complete; no suspect identified
90559d66d5a32119101465791f02edc312a08e3216b01b2e78516abe6fa269bf,2021-05,Northumbria Police,Northumbria Police,-1.560217,54.978640,On or near ST OSWALD AVENUE,E01008391,Newcastle upon Tyne 026E,Investigation complete; no suspect identified
a5f8ecfa97259fe9a920c9d48e155891faeaf29c882ede5d2fc3c17f3e42c478,2021-05,Northumbria Police,Northumbria Police,-1.720233,54.963693,On or near Sports/Recreation Area,E01008177,Gateshead 005A,Investigation complete; no suspect identified
fdde269740a68a617a7a0484b3c8ce97b89fb3ace9ce04ae4423011a90aa40c2,2021-05,Northumbria Police,Northumbria Police,-1.384684,54.905782,On or near Parking Area,E01008703,Sunderland 013B,Investigation complete; no suspect identified
cb5405275cb4fb85d94a1b3e929eb0ef48977a78915ec2cc08125aef1846857c,2021-05,Northumbria Police,Northumbria Police,-1.603258,55.159562,On or near FRONT STREET,E01027534,Northumberland 017C,Investigation complete; no suspect identified
f1a23cff5812860c2e05a3bfd408968fd5ffb425a3164e6b8544e704c44c6c57,2021-05,Northumbria Police,Northumbria Police,-1.482888,54.991223,On or near MELDON STREET,E01008540,North Tyneside 027B,Investigation complete; no suspect identified
19229dcf6f75d2221d0ccc0248a94e258555d83bc0f006004d1a2504b9fb1429,2021-05,Northumbria Police,Northumbria Police,-1.587885,54.994167,On or near Further/Higher Educational Building,E01008315,Newcastle upon Tyne 012B,Investigation complete; no suspect identified
f066edcff4e4093e1a87b887ddc57e39620f3ea07b99154ec8081fed804a6fb5,2021-05,Northumbria Police,Northumbria Police,-1.434259,54.884976,On or near TWICKENHAM ROAD,E01008823,Sunderland 023A,Investigation complete; no suspect identified
b7a3e5317b9635db75739ef95b44362a4b6d0daafcf4be022376c07f3f0cc03f,2021-05,Northumbria Police,Northumbria Police,-1.425521,54.928277,On or near REGINA SQUARE,E01008822,Sunderland 004E,Investigation complete; no suspect identified
856bf494aafd4484505f0be34aecec50021a1fbedcc1218d23d485fe3e4b020d,2021-05,Northumbria Police,Northumbria Police,-1.625175,54.944126,On or near Petrol Station,E01008259,Gateshead 007D,Investigation complete; no suspect identified
f7657945bc20de051de3b2aafd454aad01899ded56bd42e646b73bcb540c7615,2021-05,Northumbria Police,Northumbria Police,-1.464625,54.846085,On or near BALFOUR STREET,E01008720,Sunderland 032A,Investigation complete; no suspect identified
ad0db5f1d2e12e6def2cfc4ae441d1d0435b50bbaf258467ac350ef1c54dc318,2021-05,Northumbria Police,Northumbria Police,-1.370834,54.937792,On or near Parking Area,E01008723,Sunderland 002A,Investigation complete; no suspect identified
bf839aa659c4182e11d96bd802cd1ef9f3ef5d5c08575561241eb575149d9409,2021-05,Northumbria Police,Northumbria Police,-1.576639,54.971123,On or near Parking Area,E01008305,Newcastle upon Tyne 026D,Offender given a drugs possession warning
7761df1476349a4eccd274f409e4effbae92192f8c301644705680750a02cf3f,2021-05,Northumbria Police,Northumbria Police,-1.516632,55.017206,On or near CARNFORTH CLOSE,E01008466,North Tyneside 021B,Investigation complete; no suspect identified
4a3f83e910646192adc556881a6899d41266413e1c82c1a70af4318374363069,2021-05,Northumbria Police,Northumbria Police,-1.526581,55.023607,On or near CARLISLE CLOSE,E01008501,North Tyneside 018D,Investigation complete; no suspect identified
6f3567f193d21fce2de20b2657fb5bef1cda7233d48c7d7399e21aaf498f6e78,2021-05,Northumbria Police,Northumbria Police,-1.466536,55.005674,On or near BAWTRY GROVE,E01008482,North Tyneside 023B,Investigation complete; no suspect identified
b0cdaddd1aef0f7f5d633c370b642af7f115e1d41069cd24dfe92404cc08cf52,2021-05,Northumbria Police,Northumbria Police,-1.630670,55.131378,On or near OAKDALE,E01027521,Northumberland 021D,Investigation complete; no suspect identified
3a2e0fed09b61137290e5c43dcc914e0758ab613310d33f34e99674877dc4fd6,2021-05,Northumbria Police,Northumbria Police,-1.539994,55.214020,On or near DALTON AVENUE,E01027451,Northumberland 008E,Investigation complete; no suspect identified
531cb0aeb2d98acdfb0d9629008304eb82e2660f0fb4712fef900f4f6364757c,2021-05,Northumbria Police,Northumbria Police,-2.095937,54.967777,On or near WANLESS LANE,E01027493,Northumberland 035F,Investigation complete; no suspect identified
c195b79153872b07feed9ac2e50e9c922536744962b3fdb9ffd7447b022cc315,2021-05,Northumbria Police,Northumbria Police,-1.712947,55.413026,On or near WINDSOR GARDENS,E01027359,Northumberland 005B,Investigation complete; no suspect identified
ba6e15559b41b50a0fafc8288a81045f753bb4cad529b3bb959e51b74d315372,2021-05,Northumbria Police,Northumbria Police,-1.570022,54.979296,On or near A193,E01008392,Newcastle upon Tyne 026F,Investigation complete; no suspect identified
00d1780854a7bba7b98f341cacd296bb4cfb78410c29b9211094f38c87e00df7,2021-05,Northumbria Police,Northumbria Police,-1.510719,55.126400,On or near Shopping Area,E01027414,Northumberland 023A,Suspect charged
b3455dbeee59bb47efd25f8279f970f6cd44cb6e69e6e15824ed3998706de2fe,2021-05,Northumbria Police,Northumbria Police,-1.653954,54.964996,On or near AMELIA CLOSE,E01008291,Newcastle upon Tyne 027D,Investigation complete; no suspect identified
92dd299e605956a5db4d9e72736027eed61307162c03fa25c278329f0d421d7a,2021-05,Northumbria Police,Northumbria Police,-1.494297,55.023585,On or near Petrol Station,E01008488,North Tyneside 015A,Investigation complete; no suspect identified
f2c9d718f4820d6d7376a0bf6e06b22e605fe38141461ad779a383fdbb26c4e1,2021-05,Northumbria Police,Northumbria Police,-1.766009,54.974627,On or near LIME GROVE,E01008250,Gateshead 001E,Investigation complete; no suspect identified
75c5b0e49883535f8508219077ad40aa0fe35a65e2fb53943892289dcce8b94b,2021-05,Northumbria Police,Northumbria Police,-1.625536,54.950705,On or near ANGUS ROAD,E01008259,Gateshead 007D,Investigation complete; no suspect identified
8d92b9af182f8b98006fd85d8c338d9663d4a69be2b9c589e2689d8776e09b6a,2021-05,Northumbria Police,Northumbria Police,-1.512453,55.126991,On or near Parking Area,E01027415,Northumberland 023B,Suspect charged
774d56e8586993dcf88dd15bc757ccf997603fb6a8c83a108856cc5b565086fb,2021-05,Northumbria Police,Northumbria Police,-1.545694,55.022269,On or near WILLIAM CLOSE,E01008503,North Tyneside 018E,Investigation complete; no suspect identified
be65691e8ed2894a3ef1e90ed1d74644919cf589d9eda5360c1651cc6dfa6c1b,2021-05,Northumbria Police,Northumbria Police,-1.437940,54.960928,On or near GALSWORTHY ROAD,E01008609,South Tyneside 016E,Suspect charged
d94e96f92572ef5a86888d24515a9c9cf404ac1468a5940d54d697a190352ed2,2021-05,Northumbria Police,Northumbria Police,-1.614472,54.971249,On or near BIGG MARKET,E01033543,Newcastle upon Tyne 024G,Investigation complete; no suspect identified
b504cb4e51637b198314677d1f27e1bb529d11934c8db0250fcc14e977aeb878,2021-05,Northumbria Police,Northumbria Police,-1.616721,54.974644,On or near Shopping Area,E01008397,Newcastle upon Tyne 024C,Investigation complete; no suspect identified
1d2b86773814124d8a78abc74f1f535a4e22d700aabf7e25467868b547322be1,2021-05,Northumbria Police,Northumbria Police,-1.508279,55.127172,On or near BRIDGE STREET,E01027415,Northumberland 023B,Suspect charged
e9a0f9e623d646fcad04508fa780d410c8c1f6fa6541f11ea18cd3e090391e9a,2021-05,Northumbria Police,Northumbria Police,-1.614002,54.976262,On or near Shopping Area,E01008397,Newcastle upon Tyne 024C,Investigation complete; no suspect identified
723b8f502a2307de4483947dba98e348d117ec04665eed2b32ea8052e2eed1af,2021-05,Northumbria Police,Northumbria Police,-1.508279,55.127172,On or near BRIDGE STREET,E01027415,Northumberland 023B,Suspect charged
431d9812ef87ea22c13ca94ebf39d570307f25ec0df474b3bab46574bde2a8d3,2021-05,Northumbria Police,Northumbria Police,-1.609555,54.985360,On or near CLAYTON PARK SQUARE,E01008370,Newcastle upon Tyne 017C,Investigation complete; no suspect identified
3de63798fbbad9b41647bdc77f537bcc1b230478b4e8ed38d27cf04305fd9955,2021-05,Northumbria Police,Northumbria Police,-1.422319,54.980778,On or near WARWICK ROAD,E01008680,South Tyneside 005B,Investigation complete; no suspect identified
35b81f71024b8a41fdfa2f536f93542411fb3a3b76249ef957382e187c202d04,2021-05,Northumbria Police,Northumbria Police,-1.510155,55.187880,On or near HOLMCROFT,E01027542,Northumberland 009B,Investigation complete; no suspect identified
0b10e3d5f46814baa89d7f787eee59f5ebc612eb43fc03a468b0f3dba277754e,2021-05,Northumbria Police,Northumbria Police,-1.510719,55.126400,On or near Shopping Area,E01027414,Northumberland 023A,Suspect charged
87ec44474eb33bed20cf34b4c467df968171bcf47f425023642e9b76b0cba3de,2021-05,Northumbria Police,Northumbria Police,-1.545025,54.955616,On or near ROTHBURY AVENUE,E01008244,Gateshead 003D,Investigation complete; no suspect identified
b99862d408c7eb8ad33578f242b3713b7ce9286899f79cb41a5b68741ee302b8,2021-05,Northumbria Police,Northumbria Police,-1.521681,55.005571,On or near ALEXANDREA WAY,E01008462,North Tyneside 024A,Investigation complete; no suspect identified
702c77614b095ef45599f11b3bc83f7b72dca9d3763be62a5747fa832fc70ab8,2021-05,Northumbria Police,Northumbria Police,-1.381061,54.908127,On or near BEDFORD STREET,E01008703,Sunderland 013B,Investigation complete; no suspect identified
00c20d6820b7c0c6409d1a942f47d3e4c89962bcd6bd75fb752dc0bc2bead527,2021-05,Northumbria Police,Northumbria Police,-1.510719,55.126400,On or near Shopping Area,E01027414,Northumberland 023A,Suspect charged
00c20d6820b7c0c6409d1a942f47d3e4c89962bcd6bd75fb752dc0bc2bead527,2021-05,Northumbria Police,Northumbria Police,-1.510719,55.126400,On or near Shopping Area,E01027414,Northumberland 023A,Suspect charged
1a56276320e1b8f34507a478ebe7f9bc45ad0790d519277a321d9c0a22a8dc80,2021-05,Northumbria Police,Northumbria Police,-1.501485,54.867603,On or near CRAIGHILL,E01008795,Sunderland 030B,Investigation complete; no suspect identified
2077bfa41fa8de82d00621e3dc2b091223186091da5996dc4d512c557a7f00f9,2021-05,Northumbria Police,Northumbria Police,-1.657917,54.983825,On or near FENHAM HALL DRIVE,E01008346,Newcastle upon Tyne 019D,Investigation complete; no suspect identified
3158331999889ce42dcc1f8f5397706d68853e4708955c83f28b58c4877c427e,2021-05,Northumbria Police,Northumbria Police,-1.590280,54.949261,On or near KINGSTON ROAD,E01008204,Gateshead 011D,Investigation complete; no suspect identified
7d5a903c43c50f0cc3475a78e2ef704842e39bdefde8da6d7835cbf12451d25c,2021-05,Northumbria Police,Northumbria Police,-1.674531,55.002777,On or near WROXHAM COURT,E01008296,Newcastle upon Tyne 011A,Investigation complete; no suspect identified
cf927a39e5d56b3f9afbf5cf1b27188e1e963c2b760b0e4ca67118267c4603eb,2021-05,Northumbria Police,Northumbria Police,-1.551810,55.172225,On or near WALLINGTON ROAD,E01027533,Northumberland 013A,Investigation complete; no suspect identified
169063c80ee404b9d8912aa730767c46540a43bb4ed005549b4e1a6e78e36a05,2021-05,Northumbria Police,Northumbria Police,-1.532306,54.989931,On or near STATION ROAD,E01008575,North Tyneside 030E,Investigation complete; no suspect identified
0361e99e0c377621fd5242afb5323c315c9a1768cd92847108ced5791b8636d8,2021-05,Northumbria Police,Northumbria Police,-1.507725,55.122479,On or near Parking Area,E01027431,Northumberland 023C,Investigation complete; no suspect identified
7715afcf2748545eb250b89e231ce87c5b16031b9aa3100dd0dcda8aa1d07185,2021-05,Northumbria Police,Northumbria Police,-1.657039,54.958535,On or near HANDY DRIVE,E01008209,Gateshead 007A,Investigation complete; no suspect identified
7425ce06abc5dfaadd2f8ef1a4f4cbade72075430e2ba3f2f78ead67c5bd04bf,2021-05,Northumbria Police,Northumbria Police,-1.604864,54.933098,On or near ALVERSTONE AVENUE,E01008234,Gateshead 020C,Investigation complete; no suspect identified
04dcc022a9448727ccdb5d62c8499ab2ddb9c2a09614222cb39e1e48ad46e0e6,2021-05,Northumbria Police,Northumbria Police,-1.525637,55.118075,On or near WORDSWORTH AVENUE,E01027422,Northumberland 024B,Suspect charged
a695452cbc6c7f19a153bcaea1c821f1da4856261502ed6b86823abe1e8d378e,2021-05,Northumbria Police,Northumbria Police,-1.615687,55.012581,On or near HOLLYWOOD CRESCENT,E01008351,Newcastle upon Tyne 005A,Investigation complete; no suspect identified
01235549aac9609e183a74f462ac6128ffde5e015df21771019e535a7e4c566d,2021-05,Northumbria Police,Northumbria Police,-1.515814,55.122700,On or near BROADWAY CIRCLE,E01027431,Northumberland 023C,Investigation complete; no suspect identified
01235549aac9609e183a74f462ac6128ffde5e015df21771019e535a7e4c566d,2021-05,Northumbria Police,Northumbria Police,-1.515814,55.122700,On or near BROADWAY CIRCLE,E01027431,Northumberland 023C,Investigation complete; no suspect identified
01235549aac9609e183a74f462ac6128ffde5e015df21771019e535a7e4c566d,2021-05,Northumbria Police,Northumbria Police,-1.515814,55.122700,On or near BROADWAY CIRCLE,E01027431,Northumberland 023C,Investigation complete; no suspect identified
0a94530cb456ce26e4c1f08839bbe084bb7939d94d196e29f018ef8067e5f336,2021-05,Northumbria Police,Northumbria Police,-1.547872,54.937052,On or near BELMONT,E01008285,Gateshead 018E,Investigation complete; no suspect identified
19b6cfa46920c094210818ac2beb7a7d22b0fad8168249e815e8d05f54b21d2e,2021-05,Northumbria Police,Northumbria Police,-2.107741,54.977616,On or near TYNE GREEN,E01027476,Northumberland 035A,Investigation complete; no suspect identified
1545b4e697308a16a3c26d2500a0a2e9a4abe247f0e6ac70a4eb626d40ba3cf7,2021-05,Northumbria Police,Northumbria Police,-1.528937,55.116174,On or near THROPTON AVENUE,E01027428,Northumberland 025D,Investigation complete; no suspect identified
39ae69b5f069bdf0bfaa8ca44926932a84e2aaca34d7eb692c3094b2f0a760ea,2021-05,Northumbria Police,Northumbria Police,-1.685174,55.059041,On or near PRESTWICK CARR ROAD,E01008306,Newcastle upon Tyne 001B,Investigation complete; no suspect identified
df69354d9a0a9438a3509b54f947a299a3cef77995e71886146df54108799161,2021-05,Northumbria Police,Northumbria Police,-1.583694,54.933854,On or near HAWKSHEAD PLACE,E01008219,Gateshead 016A,Investigation complete; no suspect identified
34dfbbab21af06eaa1ce6afd93346cf49bdbe79d20d74121d07cfbbeff76260d,2021-05,Northumbria Police,Northumbria Police,-1.587701,54.928207,On or near EASEDALE GARDENS,E01008217,Gateshead 023E,Investigation complete; no suspect identified
eafbbf04a86fa8dc7e3e2506bc610bb0158830c619d9b1787571ee56ad968b38,2021-05,Northumbria Police,Northumbria Police,-1.598808,54.977138,On or near Petrol Station,E01008406,Newcastle upon Tyne 023A,Investigation complete; no suspect identified
ad4f0c09304ebb572d157609fc0164f96e2ccedb09ac48fb01a73adc21de03f4,2021-05,Northumbria Police,Northumbria Police,-1.837297,54.970061,On or near REGENTS DRIVE,E01027497,Northumberland 038A,Investigation complete; no suspect identified
f73edee552682045855f17ad1c727a07b299d5ba936e9c22df9bb3a0c904d6cc,2021-05,Northumbria Police,Northumbria Police,-1.444354,54.989606,On or near WINDMILL HILL,E01008667,South Tyneside 002D,Investigation complete; no suspect identified
49d0de039eae0f1d8697d39b206d4a76b12f496f3f66ee22ce151c6b0e154020,2021-05,Northumbria Police,Northumbria Police,-1.514475,55.129623,On or near HALL TERRACE,E01027415,Northumberland 023B,Investigation complete; no suspect identified
0e573ae6ae2d18d769f99acc425534fd70daed843c88cb0602269c55ab0a3d89,2021-05,Northumbria Police,Northumbria Police,-1.511836,55.012838,On or near CULFORD PLACE,E01008461,North Tyneside 021A,Investigation complete; no suspect identified
c9df0b58ea641e33e493972e10299add469bb364355fb3f66c70d02511fc3bd2,2021-05,Northumbria Police,Northumbria Police,-1.515899,55.001441,On or near SUFFOLK GARDENS,E01008576,North Tyneside 029D,Investigation complete; no suspect identified
4b56bc57bb576270645b1bc4b907b85b7b33a3a14a04c524167b4fc86e87b296,2021-05,Northumbria Police,Northumbria Police,-1.420556,54.977382,On or near BUTTERMERE GARDENS,E01008680,South Tyneside 005B,Investigation complete; no suspect identified
d2514fcc53cf0850b2dc3f10d635d911126022515bae35094b3028dc7969617d,2021-05,Northumbria Police,Northumbria Police,-1.383595,54.913747,On or near BACK NORTH BRIDGE STREET,E01008791,Sunderland 006F,Investigation complete; no suspect identified
822e290581c2d32a0f06e5819b4f67f1a16f96c3bce6ef12eeb6e9265105b1a6,2021-05,Northumbria Police,Northumbria Police,-1.568311,55.140187,On or near STATION ROAD,E01027551,Northumberland 020F,Investigation complete; no suspect identified
293d35fbd9c76eb48ffb3b20f9d83adc93e45b9ce1124b1b716bf8c895b90318,2021-05,Northumbria Police,Northumbria Police,-1.502052,54.900046,On or near HORSLEY ROAD,E01008847,Sunderland 017C,Investigation complete; no suspect identified
60e381b2e2660856e308bb7d02810487b0b3db88d976dd63d28d3e1b76f38b11,2021-05,Northumbria Police,Northumbria Police,-1.426573,54.983782,On or near OXFORD AVENUE,E01008678,South Tyneside 003E,Investigation complete; no suspect identified
c02b3c1de3d999d3f0404812441f309a020b9b07cc44d6f1b9452c31747e7cf5,2021-05,Northumbria Police,Northumbria Police,-1.513357,55.012538,On or near CATTON PLACE,E01008467,North Tyneside 021C,Investigation complete; no suspect identified
6888265432e9191626e4d26675c346118be16fad4cdf519cfd872157c8fada38,2021-05,Northumbria Police,Northumbria Police,-1.593540,55.008339,On or near VICARS' LANE,E01008321,Newcastle upon Tyne 007D,Investigation complete; no suspect identified
b15b1dfe8b5e045d30c5d8306beaa2a6d8071e727bd83489ebb0c2093b010191,2021-05,Northumbria Police,Northumbria Police,-1.528400,55.120458,On or near HARGRAVE COURT,E01027422,Northumberland 024B,Investigation complete; no suspect identified
b570560db5e53c0ad0ab1a7b3729bdbe79d96c3b52e0b162b08e4166b33aba5b,2021-05,Northumbria Police,Northumbria Police,-1.441335,54.924459,On or near ROBERTSON SQUARE,E01008839,Sunderland 003D,Investigation complete; no suspect identified
a7ca0911a036e5ae4e118d90465fdf3dcb4b8d889ad317a3d97a79181e1cfe54,2021-05,Northumbria Police,Northumbria Police,-1.576491,55.044594,On or near KIRKLANDS,E01008478,North Tyneside 002A,Investigation complete; no suspect identified
f217eca61c7c5975fff27325b2fc58453497154d6ad2efb2a988b327de802eb9,2021-05,Northumbria Police,Northumbria Police,-1.437646,54.879043,On or near TUSCAN ROAD,E01008824,Sunderland 023B,Investigation complete; no suspect identified
35e820b48fb24fd36b9dc0c2eda62ae23251c31ab60e45a77db69277a5c73857,2021-05,Northumbria Police,Northumbria Police,-1.539752,54.957959,On or near WOOD TERRACE,E01008243,Gateshead 003C,Investigation complete; no suspect identified
9f7888e0e293789a9f0e79551acb33b5c01740b784a463de33e3ea540b0fe1ca,2021-05,Northumbria Police,Northumbria Police,-1.662424,54.983029,On or near LONNEN AVENUE,E01008346,Newcastle upon Tyne 019D,Investigation complete; no suspect identified
f2f2eeb9b166cf0e70742a3efd79ed74ee56455fb42726c76735f7a4ecebb6df,2021-05,Northumbria Police,Northumbria Police,-1.687266,55.009559,On or near BLUEBELL DENE,E01008459,Newcastle upon Tyne 004E,Investigation complete; no suspect identified
850382b99364aeb3cb8702b9e42578135ab7312dc570979b63d35cda9847dd0c,2021-05,Northumbria Police,Northumbria Police,-1.671399,54.993783,On or near ROUNDHILL AVENUE,E01008299,Newcastle upon Tyne 011D,Investigation complete; no suspect identified
030a5420f47c4ac711fcd5c599f5842dc686ec472f68a90cb239da1daa0b14a6,2021-05,Northumbria Police,Northumbria Police,-1.426453,54.972467,On or near MCANANY AVENUE,E01008592,South Tyneside 011C,Offender given penalty notice
83bcab92614640b090d34259fdb11ebf6a2f17545d37989f0b9ce1e502440ce9,2021-05,Northumbria Police,Northumbria Police,-1.491654,55.024743,On or near GREENLEA,E01008488,North Tyneside 015A,Investigation complete; no suspect identified
b3a3c984c50b8118388065384095a5579c9f2d7c9b263f2e87c7cd21550911c3,2021-05,Northumbria Police,Northumbria Police,-1.418808,54.886278,On or near PHILIP SQUARE,E01008827,Sunderland 023E,Investigation complete; no suspect identified
bf6ffd4283efbcaa1e5a79040317319dd2dfda5f149c53ca77abccb9cd3cdac4,2021-05,Northumbria Police,Northumbria Police,-1.406229,54.994324,On or near PROMENADE,E01008648,South Tyneside 004B,Investigation complete; no suspect identified
2d36131960e03994788f5c05d7b276344209f30af6aea7a8c4909816032503db,2021-05,Northumbria Police,Northumbria Police,-1.481469,55.012793,On or near COAST ROAD,E01008491,North Tyneside 015D,Suspect charged
b29c59f6c291542440748401ad4a999fc7c3ebb898211e2b50d968026b8537fc,2021-05,Northumbria Police,Northumbria Police,-1.607706,54.976332,On or near ELLISON PLACE,E01008397,Newcastle upon Tyne 024C,Offender given a caution
5d834fb0f9e328511669bf60bd7abee57a1b74136e47d981b6952fdfa007323f,2021-05,Northumbria Police,Northumbria Police,-1.571115,55.178612,On or near CHILLINGHAM CRESCENT,E01027527,Northumberland 012D,Suspect charged
4f0b6fbf1ec2b85fc8deb402a7e646ae46387b2a5c9838f9bc6e721c74866685,2021-05,Northumbria Police,Northumbria Police,-1.577957,54.988408,On or near Supermarket,E01008365,Newcastle upon Tyne 012F,Investigation complete; no suspect identified
789d295e73752b85ec560156d49157c714e4da1a6d13f875bd443f501dd7b3e8,2021-05,Northumbria Police,Northumbria Police,-1.427219,54.994379,On or near BERKELY STREET,E01008595,South Tyneside 001A,Investigation complete; no suspect identified
a6d55270a74c940eb79bedd5ecca183e845cc97f5feaffd689f8b4a923a0c6d4,2021-05,Northumbria Police,Northumbria Police,-1.591139,54.952347,On or near ELLISON VILLAS,E01008163,Gateshead 028A,Investigation complete; no suspect identified
36d64f04488b8ae901615282b8552fa6b1800bf04a83420fef1fb965956be67a,2021-05,Northumbria Police,Northumbria Police,-1.614126,54.977988,On or near BARRAS BRIDGE,E01008397,Newcastle upon Tyne 024C,Investigation complete; no suspect identified
7a8652c2eb04d3ed7999ce643a3dd471ebdf1031ab6b6e546cfdcb8126655c48,2021-05,Northumbria Police,Northumbria Police,-1.520265,55.133339,On or near CHESTNUT AVENUE,E01027416,Northumberland 022C,Investigation complete; no suspect identified
082febc3b959b2a01bce9af2f04fdce39e0682cc7095bc5d83095e80788774ab,2021-05,Northumbria Police,Northumbria Police,-1.450084,55.004828,On or near COACH LANE,E01008545,North Tyneside 027E,Investigation complete; no suspect identified
d610e155431c6ec0c7bb0deeb6507adabfa12379b66be57f41bff55328ae28a0,2021-05,Northumbria Police,Northumbria Police,-1.591139,54.952347,On or near ELLISON VILLAS,E01008163,Gateshead 028A,Investigation complete; no suspect identified
47d1fac6961d85cfcb56393f7830855367b107d091884bbe5873ee1480aff3c8,2021-05,Northumbria Police,Northumbria Police,-1.622419,54.981698,On or near Further/Higher Educational Building,E01008395,Newcastle upon Tyne 024B,Investigation complete; no suspect identified
f93abf25f150766649a3c43e5903939f333a7311e69f94b5d6340fb87a6c3ee2,2021-05,Northumbria Police,Northumbria Police,-1.580085,55.000170,On or near BENTON ROAD,E01008323,Newcastle upon Tyne 007F,Investigation complete; no suspect identified
ac6a17d5d0c63a2bd37978e1ab3589b1d6195890aa139fffbe60b746abc4c069,2021-05,Northumbria Police,Northumbria Police,-1.594137,54.949220,On or near CONWAY SQUARE,E01008204,Gateshead 011D,Investigation complete; no suspect identified
3cc00c35f25a49a1936b324c40500b3fe5464ef5ccfe9f375c995614e5004a32,2021-05,Northumbria Police,Northumbria Police,-1.668555,54.957641,On or near Shopping Area,E01008262,Gateshead 009A,Investigation complete; no suspect identified
4550bc28deda38066c508b143a6fc3b5f9c0ab8290bd24a865ac0aa359ab6f2e,2021-05,Northumbria Police,Northumbria Police,-1.500260,55.001863,On or near WINDSOR DRIVE,E01008508,North Tyneside 026A,Investigation complete; no suspect identified
483f82cd610460d17e72db5556b26da420b4ee1615d77c5171b66e87e49dc2e6,2021-05,Northumbria Police,Northumbria Police,-1.591139,54.952347,On or near ELLISON VILLAS,E01008163,Gateshead 028A,Investigation complete; no suspect identified
042dfe547dfaeb4ddadbe355322b6b2d9237b585cf6eda9f20415fe6154d3ad3,2021-05,Northumbria Police,Northumbria Police,-1.591139,54.952347,On or near ELLISON VILLAS,E01008163,Gateshead 028A,Investigation complete; no suspect identified
7beb9e54b1b3a9560aca2eb6aec06c884287f0977d8ecb1e190892b29a045bc8,2021-05,Northumbria Police,Northumbria Police,-1.567986,55.014685,On or near LINDEN ROAD,E01008473,North Tyneside 018C,Investigation complete; no suspect identified
da80cb7a170299257fffa9f5720bed0b18761a9de61a98720192a407c18ebbc7,2021-05,Northumbria Police,Northumbria Police,-1.617878,55.009038,On or near SPITAL TERRACE,E01008355,Newcastle upon Tyne 006B,Investigation complete; no suspect identified
485dff2064ef99b2e6360434317d20eee639fb580a790fccf71e4a72504bf66d,2021-05,Northumbria Police,Northumbria Police,-1.638535,54.977568,On or near FENHAM ROAD,E01008396,Newcastle upon Tyne 022B,Investigation complete; no suspect identified
7cf8637fd5e44adcc8eaba610ecbcbf957e94448264cadf06088db3e60dce5bd,2021-05,Northumbria Police,Northumbria Police,-1.685461,55.002447,On or near KIDLANDLEE PLACE,E01008456,Newcastle upon Tyne 004B,Investigation complete; no suspect identified
1a4c7e489ec551f18e6168a1c007bd0f92c6a47aef99203bb506c893ab4882a2,2021-05,Northumbria Police,Northumbria Police,-1.591139,54.952347,On or near ELLISON VILLAS,E01008163,Gateshead 028A,Investigation complete; no suspect identified
0970e9d96a26b083eac7c430ced61ba3763ca56d356bb6eb490e3fba1ed49c82,2021-05,Northumbria Police,Northumbria Police,-1.591139,54.952347,On or near ELLISON VILLAS,E01008163,Gateshead 028A,Investigation complete; no suspect identified
403aefad72ce5e176db50693153017f7866c2ea19643e2b98f2655a24ee959ac,2021-05,Northumbria Police,Northumbria Police,-1.596860,54.950083,On or near NORTHBOURNE STREET,E01008203,Gateshead 028B,Investigation complete; no suspect identified
994f147c91dccee6e380386c345e86e463aa6867558a5e9108dbbd252f19e477,2021-05,Northumbria Police,Northumbria Police,-1.591139,54.952347,On or near ELLISON VILLAS,E01008163,Gateshead 028A,Investigation complete; no suspect identified
d0c361e62dbfc69ed03226066d7ed6956c20180e8c8099d5b1019f23aa26de48,2021-05,Northumbria Police,Northumbria Police,-1.505500,54.912632,On or near CHERWELL,E01008859,Sunderland 009E,Investigation complete; no suspect identified
916a8777da441dc6750e2800e3742815c2f6818e6cfc7f073e47938383771d88,2021-05,Northumbria Police,Northumbria Police,-1.523065,55.043067,On or near SHARNFORD CLOSE,E01008565,North Tyneside 007C,Investigation complete; no suspect identified
109f03644d6c9868f278075b237e996b08e09394bba09e7c1a0d5f3f00b49ff3,2021-05,Northumbria Police,Northumbria Police,-1.593796,55.133112,On or near Police Station,E01027516,Northumberland 021B,Investigation complete; no suspect identified
a114605beacb097b78862cf5764a4bd44c9c1a09006a5f41a7102a33e057f7c0,2021-05,Northumbria Police,Northumbria Police,-1.436662,55.000939,On or near PETREL CLOSE,E01008667,South Tyneside 002D,Investigation complete; no suspect identified
0e681b0d22d4bf5795ab0288e96f3f54c57d3e12771a6290732707d057d5e7aa,2021-05,Northumbria Police,Northumbria Police,-1.482605,54.822223,On or near LLOYD AVENUE,E01008747,Sunderland 035D,Investigation complete; no suspect identified
808b6775e7c14b98d2080f3cd4c74635f9767f147bf256b6cc9bcce7e1d5def7,2021-05,Northumbria Police,Northumbria Police,-1.705116,54.991299,On or near LONGSTONE SQUARE,E01008329,Newcastle upon Tyne 015F,Investigation complete; no suspect identified
f85ceb9f6fde0864d730dc5c70211826f55d3cb16602174e0ad2a71a4c0dfda3,2021-05,Northumbria Police,Northumbria Police,-1.421776,54.893437,On or near KILLINGWORTH DRIVE,E01008761,Sunderland 015D,Investigation complete; no suspect identified
6b6888c709fa8c8589406db3b80bb594e74080b1149dbed147a50986e067c87d,2021-05,Northumbria Police,Northumbria Police,-1.637935,54.969524,On or near SOVEREIGN PLACE,E01008331,Newcastle upon Tyne 029A,Investigation complete; no suspect identified
c0490550f12a6c43f13a28b379b605d69a1f90f18519376305e383404f85fa1a,2021-05,Northumbria Police,Northumbria Police,-1.568784,55.138508,On or near JUBILEE MEWS,E01027550,Northumberland 020E,Investigation complete; no suspect identified
4d0b58bc8ca4c7398fa8ca18da6aa1a03db84510994acd8bd119c5468a49d1d4,2021-05,Northumbria Police,Northumbria Police,-1.613802,54.953122,On or near BENSHAM AVENUE,E01008171,Gateshead 008D,Investigation complete; no suspect identified
4d0b58bc8ca4c7398fa8ca18da6aa1a03db84510994acd8bd119c5468a49d1d4,2021-05,Northumbria Police,Northumbria Police,-1.613802,54.953122,On or near BENSHAM AVENUE,E01008171,Gateshead 008D,Investigation complete; no suspect identified
e47beae087023aeebc0c208581dcb7ef3959bbdb379cde69a270d1eccbc31ab1,2021-05,Northumbria Police,Northumbria Police,-1.560234,55.022862,On or near CRESCENT WAY NORTH,E01008502,North Tyneside 014C,Investigation complete; no suspect identified
2da8067f57de193f17420a9b14eb9f3c4554bf5688dad4b8bf828e4b69707332,2021-05,Northumbria Police,Northumbria Police,-1.579259,54.985007,On or near MELDON TERRACE,E01008359,Newcastle upon Tyne 018B,Investigation complete; no suspect identified
ade4401d6149a5b92f749e96041067fc078c3bc302b964e3f5fd59930ecb7ff2,2021-05,Northumbria Police,Northumbria Police,-1.439100,54.965112,On or near SHAW AVENUE,E01008609,South Tyneside 016E,Investigation complete; no suspect identified
35b4a3691544602977ae9a95aa105b50d7a2e79c506ebb4a8c268300664e58f7,2021-05,Northumbria Police,Northumbria Police,-1.542573,54.907494,On or near GROUSEMOOR,E01008875,Sunderland 010C,Investigation complete; no suspect identified
cc615904df279dccaca37cac18f90da3f765cf171942eeb1cab9382581d0b2d8,2021-05,Northumbria Police,Northumbria Police,-1.587642,54.924828,On or near GREYSTOKE GARDENS,E01008192,Gateshead 023D,Investigation complete; no suspect identified
c25353fc6d7b2a26740709c9506af7de6c041b6592b927d96015d5686a15344b,2021-05,Northumbria Police,Northumbria Police,-1.617878,55.009038,On or near SPITAL TERRACE,E01008355,Newcastle upon Tyne 006B,Investigation complete; no suspect identified
ad631e73c7c3145264a61c76d9af8b71b15371620760e1c9a97d1d091fa04edc,2021-05,Northumbria Police,Northumbria Police,-1.605662,54.971194,On or near Parking Area,E01033553,Newcastle upon Tyne 023H,Investigation complete; no suspect identified
5e154e4dc60247da4bf0a36f33937cf6721b6f8555faf2de7300bf83ef73d8de,2021-05,Northumbria Police,Northumbria Police,-1.713711,54.965035,On or near Bus/Coach Station,E01008177,Gateshead 005A,Investigation complete; no suspect identified
2483a2577a141fe53a71c2d3b43218ef110331610685b7a345ad79664a103857,2021-05,Northumbria Police,Northumbria Police,-1.588113,54.955014,On or near MOORE STREET,E01008164,Gateshead 027B,Investigation complete; no suspect identified
70657dc4461f9bde181049c16bc653cc3d8f0025e1176e660a8bb6ce062189de,2021-05,Northumbria Police,Northumbria Police,-1.621585,54.965664,On or near Parking Area,E01033545,Newcastle upon Tyne 024H,Investigation complete; no suspect identified
3f31cf5a9f50c5e1268a69b80819554bec8734fb5aa6fbbb7ab95532738c761d,2021-05,Northumbria Police,Northumbria Police,-1.379228,54.905592,On or near FREDERICK STREET,E01008703,Sunderland 013B,Investigation complete; no suspect identified
df813f5b78477a23a3f472c0f92d0b07619af54b230bf152bc99ccb8aec2e7d5,2021-05,Northumbria Police,Northumbria Police,-1.569203,54.957986,On or near BATH ROAD,E01008215,Gateshead 003B,Investigation complete; no suspect identified
2b8549ddfcdd20722102eba6697c9497c94e62ce2a965a8bd197f854d132e488,2021-05,Northumbria Police,Northumbria Police,-1.682591,55.167963,On or near GAS HOUSE LANE,E01027452,Northumberland 016A,Investigation complete; no suspect identified
89e55da0a8f33862e602e8d795cad5e3cd475930ade7510a00a8b07c384d9f6c,2021-05,Northumbria Police,Northumbria Police,-1.439100,54.965112,On or near SHAW AVENUE,E01008609,South Tyneside 016E,Investigation complete; no suspect identified
d1fb605ff6655978b7fb2533663b75edc54d555ef67c727a4a5243bd3e1cdb38,2021-05,Northumbria Police,Northumbria Police,-1.547310,55.019112,On or near BELLINGHAM DRIVE,E01008503,North Tyneside 018E,Investigation complete; no suspect identified
dc91df70bbc77429ca02b409bc735a5ee404d93e98c283cd891a308116fb6301,2021-05,Northumbria Police,Northumbria Police,-2.088523,54.970003,On or near DENE PARK,E01027493,Northumberland 035F,Investigation complete; no suspect identified
95727e62d558b0f3a2aff72c44facb0cb6bc87c476cb066d0f2c80b3adf4c6ff,2021-05,Northumbria Police,Northumbria Police,-1.476192,55.008547,On or near STANNINGTON ROAD,E01008481,North Tyneside 023A,Investigation complete; no suspect identified
6b8ebafc03d39b3b7a25250e19f78bc7cd5894301725104972a67d54879925aa,2021-05,Northumbria Police,Northumbria Police,-1.570163,55.014405,On or near BEECH GROVE,E01008473,North Tyneside 018C,Investigation complete; no suspect identified
cb35c18c8fcc339b49a338076464f39ecfd827658e444a58fcf805d028c7897f,2021-05,Northumbria Police,Northumbria Police,-1.700229,54.980045,On or near FLEXBURY GARDENS,E01008386,Newcastle upon Tyne 021F,Investigation complete; no suspect identified
16463c8ccd581630b9cebaa842b112f6ba0e44e4470d3f2f91b887f192b63030,2021-05,Northumbria Police,Northumbria Police,-1.689339,55.006375,On or near NEWBIGGIN LANE,E01008457,Newcastle upon Tyne 004C,Investigation complete; no suspect identified
173adf59cabc9ebb0d24093878556b6edeebdb893a872060bc09e941265655ee,2021-05,Northumbria Police,Northumbria Police,-1.473442,54.974971,On or near BEECHWOOD CLOSE,E01008600,South Tyneside 007A,Investigation complete; no suspect identified
0773fd4f6700894e1be2c578ec2a506051acb67a2a6ab4a859eb259cdb400260,2021-05,Northumbria Police,Northumbria Police,-1.556356,55.170004,On or near Petrol Station,E01027532,Northumberland 014A,Investigation complete; no suspect identified
35fc018bf8a25e6674a8d93df09ef48b014316e897de2892744800a583fb5207,2021-05,Northumbria Police,Northumbria Police,-1.646486,54.977708,On or near WINGROVE AVENUE,E01008449,Newcastle upon Tyne 022D,Investigation complete; no suspect identified
9cc2b407ba856ab44f0cf28c8be18bdd712d8103210377a60b6df6b6991ec47d,2021-05,Northumbria Police,Northumbria Police,-1.587227,55.027773,On or near HAWKS EDGE,E01008514,North Tyneside 019D,Suspect charged
9cc2b407ba856ab44f0cf28c8be18bdd712d8103210377a60b6df6b6991ec47d,2021-05,Northumbria Police,Northumbria Police,-1.587227,55.027773,On or near HAWKS EDGE,E01008514,North Tyneside 019D,Suspect charged
792deb26e7b82e0e27ef89bd98c2239b0e6484be0cbda81a07874a9ad3a3ff9c,2021-05,Northumbria Police,Northumbria Police,-1.462486,54.948395,On or near Parking Area,E01008613,South Tyneside 021D,Investigation complete; no suspect identified
01411450210adf464fa272751e1af00c402db5f07911f99cc0512215fb6ea988,2021-05,Northumbria Police,Northumbria Police,-1.544097,54.972794,On or near WHITWORTH PLACE,E01008425,Newcastle upon Tyne 030B,Investigation complete; no suspect identified
8d50647ef2ca449109dca259eaaf90eb32783008fb7591a2a6428cfb49260829,2021-05,Northumbria Police,Northumbria Police,-1.649461,55.011074,On or near EMDEN ROAD,E01008340,Newcastle upon Tyne 003E,Investigation complete; no suspect identified
4a4b4844babed0e773ad3472d05b08c59f51eda47dda037cb6bbe166cdbccb3c,2021-05,Northumbria Police,Northumbria Police,-1.581646,54.988394,On or near HEATON ROAD,E01008365,Newcastle upon Tyne 012F,Offender given a drugs possession warning
c0d5f62650bdef942c3166ecd081105d4a2bad66e34c8ad94354fc0b11ecfe33,2021-05,Northumbria Police,Northumbria Police,-1.516529,54.886517,On or near NEWRIGGS,E01008861,Sunderland 025B,Investigation complete; no suspect identified
3c8ebae5f6622f447302aececec1125250f12014d92f6163be980a84a9603676,2021-05,Northumbria Police,Northumbria Police,-1.583788,54.980727,On or near CARDIGAN TERRACE,E01008412,Newcastle upon Tyne 023E,Investigation complete; no suspect identified
3e1fc30599983cb3f92a3768e223d1392cb943403c8b028bd58111103ed5d136,2021-05,Northumbria Police,Northumbria Police,-1.397188,54.911236,On or near PRIESTLY CRESCENT,E01008700,Sunderland 013A,Investigation complete; no suspect identified
3e1fc30599983cb3f92a3768e223d1392cb943403c8b028bd58111103ed5d136,2021-05,Northumbria Police,Northumbria Police,-1.397188,54.911236,On or near PRIESTLY CRESCENT,E01008700,Sunderland 013A,Investigation complete; no suspect identified
371c3c975a84b6dc4cd8786fee319ea009741a84389985298e54f58c2f76b418,2021-05,Northumbria Police,Northumbria Police,-1.683096,54.973271,On or near MUSWELL HILL,E01033547,Newcastle upon Tyne 025E,Offender given a caution
84f54415da529964639530df5eac3787f7bbe3a04217c49cf0b791c109a00faf,2021-05,Northumbria Police,Northumbria Police,-1.376733,54.903539,On or near MURTON STREET,E01008836,Sunderland 016F,Investigation complete; no suspect identified
8bc5b770ac4d4031414d794a462c664034aebc2751c27ad8e5e07e024daf72bc,2021-05,Northumbria Police,Northumbria Police,-1.699012,54.979854,On or near LOCKERBIE GARDENS,E01008386,Newcastle upon Tyne 021F,Investigation complete; no suspect identified
f7c259090f266e95f317eb8a48419e2b3b6e417be9a4fede8e844aa26d93b316,2021-05,Northumbria Police,Northumbria Police,-1.700939,55.161970,On or near MAYFIELD,E01027455,Northumberland 018A,Suspect charged
f7c259090f266e95f317eb8a48419e2b3b6e417be9a4fede8e844aa26d93b316,2021-05,Northumbria Police,Northumbria Police,-1.700939,55.161970,On or near MAYFIELD,E01027455,Northumberland 018A,Investigation complete; no suspect identified
b071b75bb60759feeaec534a60b1bf0d88af6764590c2d5f608687fa4c6f6c81,2021-05,Northumbria Police,Northumbria Police,-1.688927,54.976692,On or near YEWCROFT AVENUE,E01008415,Newcastle upon Tyne 025B,Investigation complete; no suspect identified
19b93f412b8f77bf9f86ec45add47b620da8942bb037d339a2f698d9f9787996,2021-05,Northumbria Police,Northumbria Police,-1.460670,54.837872,On or near BALMORAL CRESCENT,E01008717,Sunderland 034D,Investigation complete; no suspect identified
76f87f36a85a8b92b0f8a5d91b4280ee2d1bbb255eb54994f86317387a6b96e8,2021-05,Northumbria Police,Northumbria Police,-1.585999,55.090825,On or near NEWLYN DRIVE,E01027404,Northumberland 028E,Investigation complete; no suspect identified
3556e7395a85db087fce18ca7c94445e4c2e08f25d2038770a325399e1e48555,2021-05,Northumbria Police,Northumbria Police,-1.518994,54.975276,On or near MAY CLOSE,E01008639,South Tyneside 009A,Investigation complete; no suspect identified
ad654c2c3a40955f1023584c19f74307fcb270e5f5e18581fcfc17886ae26a6e,2021-05,Northumbria Police,Northumbria Police,-1.418813,54.888102,On or near DURHAM ROAD,E01008828,Sunderland 023F,Investigation complete; no suspect identified
e297e643974f6d62bd3c1565c4babfd8608240347b52699fbce1fdeac0786785,2021-05,Northumbria Police,Northumbria Police,-1.421760,54.971870,On or near LAPWING COURT,E01008682,South Tyneside 005C,Investigation complete; no suspect identified
b4251831c77ef0e2686e89ba2952a6853f86744d5e5894b48b8eecac756c229b,2021-05,Northumbria Police,Northumbria Police,-1.655661,54.971687,On or near BARNESBURY ROAD,E01008332,Newcastle upon Tyne 029B,Investigation complete; no suspect identified
9b46e817c7b799e1a6e0ecac264b112d290de6744ee17ad086626783660d76f5,2021-05,Northumbria Police,Northumbria Police,-1.642007,54.952534,On or near SPOOR STREET,E01008211,Gateshead 013D,Investigation complete; no suspect identified
577b1e11b71c1d080c6dfe313fd2fc0addaf2938e148c05fd5ae19d1a64d7510,2021-05,Northumbria Police,Northumbria Police,-1.589041,54.946705,On or near BROWNSEA PLACE,E01008205,Gateshead 028C,Investigation complete; no suspect identified
b4e0b0a4479093c243855ede8af0f31b100b078cc091c7c05bc41a40e65fbd35,2021-05,Northumbria Police,Northumbria Police,-1.374437,54.907796,On or near CORK STREET,E01008702,Sunderland 016A,Suspect charged
abd74800f0875c715ffb30f18f2a3b7dd0f4659f5370cdac8bbecbf88c5b509b,2021-05,Northumbria Police,Northumbria Police,-1.450046,55.036199,On or near Sports/Recreation Area,E01008585,North Tyneside 006B,Investigation complete; no suspect identified
02cbd7065e9db033c13d0f079e837594a8c5d9a2d7da47e70a7bb14280482fbd,2021-05,Northumbria Police,Northumbria Police,-1.374437,54.907796,On or near CORK STREET,E01008702,Sunderland 016A,Suspect charged
8bc445e2a23d18061d7bbcb268c628c0b9deff9d28c7a7f63b14d272dff41a98,2021-05,Northumbria Police,Northumbria Police,-1.428526,54.880285,On or near THORNEY CLOSE ROAD,E01008776,Sunderland 026B,Investigation complete; no suspect identified
c911ef52051d298406dbe7de05545be294ba6384e5720fa93140f2407f9ef3d2,2021-05,Northumbria Police,Northumbria Police,-1.541180,54.986074,On or near EASTFIELD AVENUE,E01008436,Newcastle upon Tyne 020F,Investigation complete; no suspect identified
c22e9536e92899fc48151f706289eed205322ac34cecedde5993543a5494b44b,2021-05,Northumbria Police,Northumbria Police,-1.439796,54.897071,On or near Supermarket,E01008810,Sunderland 014A,Investigation complete; no suspect identified
6864b18cf4fb6ff9ebe5cbecc432129f3723690ec506b5ee9137c61078a343e5,2021-05,Northumbria Police,Northumbria Police,-1.387978,54.903462,On or near ALBION PLACE,E01008831,Sunderland 013D,Investigation complete; no suspect identified
944a461ef4595ab3215b1f9493831ad4295c2f4bb7966fae71546e180c898abd,2021-05,Northumbria Police,Northumbria Police,-1.635250,55.014132,On or near WANSBECK ROAD,E01008336,Newcastle upon Tyne 003A,Investigation complete; no suspect identified
8e08ace953a47ef167fbbca46a116cb9b4c7d5478859171d3753c190a50ddbe9,2021-05,Northumbria Police,Northumbria Police,-1.691184,54.973741,On or near THORNDALE ROAD,E01033547,Newcastle upon Tyne 025E,Investigation complete; no suspect identified
48b2edeed3810a540d326f7df8270a74945cd55d516854344e9ec08b4e6ce85f,2021-05,Northumbria Police,Northumbria Police,-1.451073,54.832527,On or near BYER SQUARE,E01008718,Sunderland 035A,Offender given a caution
17b9efdb21660e520086f48b0dae5d8cf77f2aaa4e12c78f0e1904bbf90b4977,2021-05,Northumbria Police,Northumbria Police,-1.611126,54.947353,On or near FARADAY GROVE,E01008254,Gateshead 010D,Investigation complete; no suspect identified
4a09f7a39492cf491e8c4ec4fe12c43d650fb42cfcfff0b90195f250543012ed,2021-05,Northumbria Police,Northumbria Police,-1.584710,54.977693,On or near HEATON PARK ROAD,E01008304,Newcastle upon Tyne 026C,Investigation complete; no suspect identified
5fa754d95700a0bee5d96ab37a4822cc70718b1bf79483c4272641f1e67fdeed,2021-05,Northumbria Police,Northumbria Police,-1.612740,54.974308,On or near Shopping Area,E01008397,Newcastle upon Tyne 024C,Investigation complete; no suspect identified
a033f4ef0e89a3238b395b03cc133c4af1afd471586c1b4c0459879229c64e8b,2021-05,Northumbria Police,Northumbria Police,-1.710918,54.955826,On or near HADRIAN GARDENS,E01008182,Gateshead 004C,Investigation complete; no suspect identified
3af0543134b5f06ebcc1716c62fc2868fcca447f8b3ff78fded4c65ac33d36e9,2021-05,Northumbria Police,Northumbria Police,-1.454595,54.838079,On or near GILLAS LANE,E01008716,Sunderland 034C,Investigation complete; no suspect identified
afa53cc7a0257de89b04dcc89d7e489562c11bead18660a4b701777e6e63a268,2021-05,Northumbria Police,Northumbria Police,-1.440599,54.974133,On or near Supermarket,E01008590,South Tyneside 011A,Investigation complete; no suspect identified
9c74c7b73053b1599fadfb91ad92f2e3cc506f1b765a5bdab054bed743db3783,2021-05,Northumbria Police,Northumbria Police,-1.411562,54.991977,On or near KINGSWAY,E01008648,South Tyneside 004B,Investigation complete; no suspect identified
8181c6f43c84ad6df36d2b45df8656fccfaab38b7a25b761ba99eb9cb91c1489,2021-05,Northumbria Police,Northumbria Police,-1.597091,54.973862,On or near RED BARNS,E01008406,Newcastle upon Tyne 023A,Investigation complete; no suspect identified
1add2cf1d44d75fa91f7b92c9a453a1edda570aa9282482fc29f2cfd500d08f9,2021-05,Northumbria Police,Northumbria Police,-1.377618,54.904847,On or near BOROUGH ROAD,E01008836,Sunderland 016F,Investigation complete; no suspect identified
49d2579b0b01e9b56f96eed9252fbb3bcaada2060f30435f910f492c030bcd62,2021-05,Northumbria Police,Northumbria Police,-1.527878,55.070287,On or near AVENUE ROAD,E01027432,Northumberland 032A,Investigation complete; no suspect identified
834673bcabd14e97e65d1f0dc57030a9dc8dfe95835de7ddd84c14a646f12414,2021-05,Northumbria Police,Northumbria Police,-1.555333,55.180101,On or near ARIEL STREET,E01027545,Northumberland 010D,Investigation complete; no suspect identified
94768481c580d65e8ffcdd7374b4fdc4dc86e759ea129e078b2f41cb66475eb7,2021-05,Northumbria Police,Northumbria Police,-1.435197,54.987291,On or near ST JUDE'S TERRACE,E01008664,South Tyneside 002A,Investigation complete; no suspect identified
e522844f475f0c371488168338e0f81729aecea73c4f1991c177d08e0221bfbb,2021-05,Northumbria Police,Northumbria Police,-2.010763,55.762772,On or near MAIN STREET,E01027387,Northumberland 001D,Investigation complete; no suspect identified
3deb048cfc1d15ba3310cd7ba9a2282db6555b2ea76956ea87c0c40e853f0da2,2021-05,Northumbria Police,Northumbria Police,-1.621435,54.969995,On or near PEEL STREET,E01033554,Newcastle upon Tyne 024I,Investigation complete; no suspect identified
14413865a5de259c70148c5a96e55e620ae64988bc5a67d6a05e25d685021856,2021-05,Northumbria Police,Northumbria Police,-1.517379,55.130695,On or near HAMBLEDON STREET,E01027415,Northumberland 023B,Investigation complete; no suspect identified
caffe64c2475088d23ba1e02487b724442c1e6e335e6005486240af882cbdb31,2021-05,Northumbria Police,Northumbria Police,-1.388582,54.903788,On or near Further/Higher Educational Building,E01008831,Sunderland 013D,Investigation complete; no suspect identified
49a364b428fb6f971acbbc3df2444b2e0c52c245f1205b252150ed43477a2200,2021-05,Northumbria Police,Northumbria Police,-1.403641,54.906280,On or near HYLTON ROAD,E01008706,Sunderland 011C,Investigation complete; no suspect identified
38e15a46d155aae4a16ec067da5f286b4319daa6cf4a5127ae7024c299217abf,2021-05,Northumbria Police,Northumbria Police,-1.435197,54.987291,On or near ST JUDE'S TERRACE,E01008664,South Tyneside 002A,Investigation complete; no suspect identified
2642246ce95f149a57d1d606b590dfc60ad60b236fee53de22f2f249d6cb440f,2021-05,Northumbria Police,Northumbria Police,-1.420391,54.995291,On or near BALTIC COURT,E01008597,South Tyneside 001C,Investigation complete; no suspect identified
a3f927c6fe3d8049e0cd88011b841143f74acd7ae3c9d60ce099898cdb2571ba,2021-05,Northumbria Police,Northumbria Police,-1.618892,54.969690,On or near PINK LANE,E01033545,Newcastle upon Tyne 024H,Investigation complete; no suspect identified
a744e821a62b0660b0939bdf8fdab348b4cce2fecf833405480ed9ee39aa2927,2021-05,Northumbria Police,Northumbria Police,-1.442102,54.980682,On or near DEAN ROAD,E01008671,South Tyneside 012C,Investigation complete; no suspect identified
b9758b914349f64b4776a79d9d8d30cddd0b11c5edaf5332e2bcae4d6dbcabb2,2021-05,Northumbria Police,Northumbria Police,-1.616721,54.974644,On or near Shopping Area,E01008397,Newcastle upon Tyne 024C,Suspect charged
e7cf282fa380194f6e54d77dc7f6e5daefef3922ea73c0bfc0516aff801b2398,2021-05,Northumbria Police,Northumbria Police,-1.429357,54.903124,On or near PRIESTMAN COURT,E01008812,Sunderland 012C,Investigation complete; no suspect identified
5663ccc3620c37e23ad906fe475a56f8b36ec229d2d6917c6fdfd9f2dfd25329,2021-05,Northumbria Police,Northumbria Police,-1.448122,54.914201,On or near Sports/Recreation Area,E01008697,Sunderland 008E,Investigation complete; no suspect identified
825d7c2adbb321c48838f99e5a28662381eab0c427894afdaacc5bd59302b5f3,2021-05,Northumbria Police,Northumbria Police,-1.595239,55.055486,On or near MARKET STREET,E01008578,North Tyneside 002D,Investigation complete; no suspect identified
24bfd68b524474f34b4b8e2165a60a50873b62c1f4c8e0048c8f8e2e5a3cd3d6,2021-05,Northumbria Police,Northumbria Police,-1.586676,55.134571,On or near SLALEY COURT,E01027515,Northumberland 020A,Investigation complete; no suspect identified
ef72958c10c5aa5c809c90d1d1dd2fc0a854e1eb1bf95417f1d7c471ae812758,2021-05,Northumbria Police,Northumbria Police,-1.440530,54.871112,On or near AMELIA GARDENS,E01008772,Sunderland 029A,Investigation complete; no suspect identified
85d51ed5f8c6f8db038c24ce59925f7ed5044544b47209a9b7cadf42d647ea8b,2021-05,Northumbria Police,Northumbria Police,-1.673349,54.946089,On or near SCHOOL LANE,E01008267,Gateshead 017A,Investigation complete; no suspect identified
47475e3b20774921ed6a7f2ccc5ad374a897375bac64026160a55921322ea6da,2021-05,Northumbria Police,Northumbria Police,-1.578545,54.948682,On or near HOLLYBUSH ROAD,E01008202,Gateshead 011C,Investigation complete; no suspect identified
b65da2eed8dfbc024adc6d2f1e55baa6adab5493b88a97ed9636e9dd8d1f9aed,2021-05,Northumbria Police,Northumbria Police,-1.661168,55.013479,On or near Supermarket,E01008295,Newcastle upon Tyne 008A,Investigation complete; no suspect identified
f33910b34f3ae8aaec80ac033c91dc79a1d7c136f184e898d86c571044441d14,2021-05,Northumbria Police,Northumbria Police,-1.517922,54.970887,On or near ST JOHN'S AVENUE,E01008642,South Tyneside 010D,Investigation complete; no suspect identified
04eee62bb456f13398119dad0892107e2252293558f42f82708805d302e95dc1,2021-05,Northumbria Police,Northumbria Police,-1.597964,54.955209,On or near Petrol Station,E01008163,Gateshead 028A,Investigation complete; no suspect identified
1d9db5c6e6a76e6c5eb241b0392c5e224ed3d78881798e4df951e3e147772a01,2021-05,Northumbria Police,Northumbria Police,-1.466434,54.836433,On or near SHAKESPEARE STREET,E01008717,Sunderland 034D,Investigation complete; no suspect identified
163232b678650d967a467165cc39dfb9cb64b7ae77d214a5f7f13ed449f85594,2021-05,Northumbria Police,Northumbria Police,-1.693823,54.998622,On or near WHEATFIELD ROAD,E01008445,Newcastle upon Tyne 031D,Offender given a caution
e02c0d5c358cb0559330b9a10560e886bc6f62e1499ca763cf71d1f1f708709e,2021-05,Northumbria Police,Northumbria Police,-1.424588,55.022099,On or near WARKWORTH TERRACE,E01008560,North Tyneside 016B,Investigation complete; no suspect identified
4f8e5b9a2848930c8b2971c891f1670aadc352494713f6741ab919418c2b989c,2021-05,Northumbria Police,Northumbria Police,-1.524818,54.949095,On or near Sports/Recreation Area,E01008286,Gateshead 014C,Investigation complete; no suspect identified
5590fdf9217b7e2b0383eb2da8ba9925a193ca526b7c740f0e17d171562fbfee,2021-05,Northumbria Police,Northumbria Police,-1.408454,54.921581,On or near CLARENCE STREET,E01008820,Sunderland 005F,Suspect charged
1c5f7113a9cbd01f973f8dabad118036e56dccabbba24e6e816f420d190b3259,2021-05,Northumbria Police,Northumbria Police,-1.686918,54.993958,On or near FOURSTONES,E01008324,Newcastle upon Tyne 015A,Suspect charged
1c5f7113a9cbd01f973f8dabad118036e56dccabbba24e6e816f420d190b3259,2021-05,Northumbria Police,Northumbria Police,-1.686918,54.993958,On or near FOURSTONES,E01008324,Newcastle upon Tyne 015A,Suspect charged
1c5f7113a9cbd01f973f8dabad118036e56dccabbba24e6e816f420d190b3259,2021-05,Northumbria Police,Northumbria Police,-1.686918,54.993958,On or near FOURSTONES,E01008324,Newcastle upon Tyne 015A,Suspect charged
887dff731c9b5d6dc35a08d33268223056a0e9c10f16ef0d86b6ef82c9a16ef5,2021-05,Northumbria Police,Northumbria Police,-1.614126,54.977988,On or near BARRAS BRIDGE,E01008397,Newcastle upon Tyne 024C,Investigation complete; no suspect identified
77b05486e4d2177f2cf9db3b76dd467cb68488bcd85cc1ccd2adca030babc8b9,2021-05,Northumbria Police,Northumbria Police,-1.428378,54.925972,On or near RINGWOOD SQUARE,E01008822,Sunderland 004E,Suspect charged
e1c54a25ef6fb92b49b5595f7e5e5ade5d76721fe7641c51c92519cd204fc786,2021-05,Northumbria Police,Northumbria Police,-1.519086,54.912606,On or near FRONT STREET,E01008853,Sunderland 009A,Investigation complete; no suspect identified
21091f704b3697e786670f08364126ddddb2bd23e3f95d6632d157be25314bef,2021-05,Northumbria Police,Northumbria Police,-1.688516,54.983404,On or near Supermarket,E01008416,Newcastle upon Tyne 025C,Investigation complete; no suspect identified
0fffcde75af7c49966ad58f2393f61eaf5e1b02b3d7cf6ff510be233a96c773c,2021-05,Northumbria Police,Northumbria Police,-1.532306,54.989931,On or near STATION ROAD,E01008575,North Tyneside 030E,Investigation complete; no suspect identified
213007e97eadf06b092116adc590b30576e1f004d5b00fba883b647cf962030c,2021-05,Northumbria Police,Northumbria Police,-1.686918,54.993958,On or near FOURSTONES,E01008324,Newcastle upon Tyne 015A,Investigation complete; no suspect identified
213007e97eadf06b092116adc590b30576e1f004d5b00fba883b647cf962030c,2021-05,Northumbria Police,Northumbria Police,-1.686918,54.993958,On or near FOURSTONES,E01008324,Newcastle upon Tyne 015A,Investigation complete; no suspect identified
213007e97eadf06b092116adc590b30576e1f004d5b00fba883b647cf962030c,2021-05,Northumbria Police,Northumbria Police,-1.686918,54.993958,On or near FOURSTONES,E01008324,Newcastle upon Tyne 015A,Suspect charged
213007e97eadf06b092116adc590b30576e1f004d5b00fba883b647cf962030c,2021-05,Northumbria Police,Northumbria Police,-1.686918,54.993958,On or near FOURSTONES,E01008324,Newcastle upon Tyne 015A,Suspect charged
213007e97eadf06b092116adc590b30576e1f004d5b00fba883b647cf962030c,2021-05,Northumbria Police,Northumbria Police,-1.686918,54.993958,On or near FOURSTONES,E01008324,Newcastle upon Tyne 015A,Suspect charged
5185ae55f4643302b6c64cfffae5fc9cbcace888ef434216f390484b4a3003bd,2021-05,Northumbria Police,Northumbria Police,-1.413929,54.891647,On or near ETTRICK GROVE,E01008826,Sunderland 023D,Investigation complete; no suspect identified
698282b8eebf0b6186aecc9576c4346f1043e0ac6332f18ee44bd9b34f8c20bf,2021-05,Northumbria Police,Northumbria Police,-1.588589,54.932883,On or near WHINLATTER GARDENS,E01008221,Gateshead 021C,Investigation complete; no suspect identified
65d3abb9c6279127dc51d9dc6f367a0ca698e16ea3da49ba93d65543281692ed,2021-05,Northumbria Police,Northumbria Police,-1.567986,55.014685,On or near LINDEN ROAD,E01008473,North Tyneside 018C,Investigation complete; no suspect identified
8553defd159bcb9b5a5f617848b32c6e3ca55238cba1402c3acee27f91f966db,2021-05,Northumbria Police,Northumbria Police,-1.662424,54.983029,On or near LONNEN AVENUE,E01008346,Newcastle upon Tyne 019D,Investigation complete; no suspect identified
dbf53eb46573a299281126fb65ff1e8c23b4f28d5609ca6d5c4cd74a6ce39dfa,2021-05,Northumbria Police,Northumbria Police,-1.612220,54.976400,On or near Shopping Area,E01008397,Newcastle upon Tyne 024C,Suspect charged
f8c0fd8cfcbe4cab0970b3b9e086a232d74bd074a5c2e66a9e0790bad3400131,2021-05,Northumbria Police,Northumbria Police,-1.581836,54.992645,On or near HORSLEY ROAD,E01008318,Newcastle upon Tyne 012D,Investigation complete; no suspect identified
077ec990a8a6bc8a5247853a98a0dd3c0c040a52f3ea4caa45b72100f989c74a,2021-05,Northumbria Police,Northumbria Police,-1.437482,54.897536,On or near PORTMAN SQUARE,E01008813,Sunderland 014C,Investigation complete; no suspect identified
0f2093e33c9408416e96aa54ed56a4096a35493458ad4290e61ddecfbcc5e606,2021-05,Northumbria Police,Northumbria Police,-1.608524,54.953168,On or near RYDAL STREET,E01008171,Gateshead 008D,Suspect charged
0f2093e33c9408416e96aa54ed56a4096a35493458ad4290e61ddecfbcc5e606,2021-05,Northumbria Police,Northumbria Police,-1.608524,54.953168,On or near RYDAL STREET,E01008171,Gateshead 008D,Suspect charged
754eedad9d08c181dc267ac6d2629bc2185dee6a3d0a222a1f9b6af44022c093,2021-05,Northumbria Police,Northumbria Police,-1.503253,54.996259,On or near CHURCHILL STREET,E01008543,North Tyneside 028C,Investigation complete; no suspect identified
c3b392fef11d9b941778ec84f6f474974a60bef9d33b5f79ef2fe857c6c3165e,2021-05,Northumbria Police,Northumbria Police,-1.549855,54.964961,On or near BURWOOD ROAD,E01008427,Newcastle upon Tyne 030C,Investigation complete; no suspect identified
048cd3fb95af8841d6de79dffdf3c741271e1ff5a87c84186f308eecc5696c81,2021-05,Northumbria Police,Northumbria Police,-1.569495,54.976005,On or near SCARBOROUGH ROAD,E01008302,Newcastle upon Tyne 026B,Investigation complete; no suspect identified
9cd879e928b48447831fd521e5bfaee43e938e188b40f0eb849a01e028bd7767,2021-05,Northumbria Police,Northumbria Police,-1.599108,54.920310,On or near WOODFORD,E01008189,Gateshead 023A,Investigation complete; no suspect identified
5e19dc9ca573099025fbb9a3447f68a71f2ff7395a776b6c34ba9831b648d06a,2021-05,Northumbria Police,Northumbria Police,-1.532090,55.077016,On or near CAPHEATON WAY,E01027433,Northumberland 032B,Investigation complete; no suspect identified
4c9ed5a1e0d701bfef1d8908c654e05859aee539ffc00485cf25acd7c4e82ca8,2021-05,Northumbria Police,Northumbria Police,-1.496074,54.864202,On or near MAPLE TERRACE,E01008793,Sunderland 030A,Investigation complete; no suspect identified
90d1db388d09923aef62abd2d7cbdec3028c50344b76c872111484110f8f8139,2021-05,Northumbria Police,Northumbria Police,-1.420836,54.970904,On or near JOHN REID ROAD,E01008682,South Tyneside 005C,Investigation complete; no suspect identified
4e6f4e03f60d551c175b5cc0d08da630e49f68b92b0994b7c600ca8837d6e56f,2021-05,Northumbria Police,Northumbria Police,-1.662493,55.008370,On or near STUDDON WALK,E01008295,Newcastle upon Tyne 008A,Investigation complete; no suspect identified
1b411f243f90efbb5bce0dd73052c1e1058ccefd7b69f615b82632a4d072df70,2021-05,Northumbria Police,Northumbria Police,-1.442536,54.969657,On or near REAY PLACE,E01008593,South Tyneside 016A,Investigation complete; no suspect identified
b2226d17ea93bc44856960f95268a82f128c57d0949ba7a12167cc2b715ae39f,2021-05,Northumbria Police,Northumbria Police,-1.525269,54.991611,On or near COACH ROAD,E01008573,North Tyneside 029B,Investigation complete; no suspect identified
7d65cf42906fb71456597b3eab9a5b89ccfea899806c0fdd862b65855becd5ac,2021-05,Northumbria Police,Northumbria Police,-1.641060,54.972930,On or near Supermarket,E01008331,Newcastle upon Tyne 029A,Suspect charged
ff2b8b2d7a3d4453cc8a21e68afbfac6e634c96801ba2b076a9036c9c6e04381,2021-05,Northumbria Police,Northumbria Police,-1.525269,54.991611,On or near COACH ROAD,E01008573,North Tyneside 029B,Investigation complete; no suspect identified
b77e2adbd26c6665a77443617bfeaaba0fdde17badaa1488a29548da3c31700a,2021-05,Northumbria Police,Northumbria Police,-1.445804,55.009113,On or near Shopping Area,E01008524,North Tyneside 022B,Investigation complete; no suspect identified
256edfaa0788e911cecd47f30790115912b43b60fbbcece98589a5c445f8ff07,2021-05,Northumbria Police,Northumbria Police,-1.519333,55.037139,On or near HAYDON GARDENS,E01032648,North Tyneside 011F,Investigation complete; no suspect identified
e666647abbdf00667fcfcef83dcd9374961655c35b349ae920adff7f3ac1cf17,2021-05,Northumbria Police,Northumbria Police,-1.526626,55.180361,On or near WINDERMERE ROAD,E01027543,Northumberland 009C,Investigation complete; no suspect identified
3557bf7211cb256407934e1ae90c9d23497b89e9d78e5956373f8776e1ca8cb8,2021-05,Northumbria Police,Northumbria Police,-1.609932,54.993206,On or near BRENTWOOD AVENUE,E01008373,Newcastle upon Tyne 013E,Investigation complete; no suspect identified
5d13b7e9bba4d6aa93587faca5470d9175e2c2a78198a7f4c8598f450646a72b,2021-05,Northumbria Police,Northumbria Police,-1.597801,54.935564,On or near LOWREY'S LANE,E01008239,Gateshead 020D,Investigation complete; no suspect identified
7428a94433c5842e27f5c4cc1488b6c1f7b41b2dd912de2288b7902017ac2146,2021-05,Northumbria Police,Northumbria Police,-1.586053,54.947306,On or near CARR HILL ROAD,E01008204,Gateshead 011D,Investigation complete; no suspect identified
1c16dafeece48000a7057c55679594078e21f43875e9cf766e6f7966c89d4b78,2021-05,Northumbria Police,Northumbria Police,-1.488571,54.871090,On or near CHIGWELL CLOSE,E01008801,Sunderland 030E,Investigation complete; no suspect identified
fb3b4daac186d94538efe829f97edb12eb0dbb91b9548a11dc7770a81ddb4808,2021-05,Northumbria Police,Northumbria Police,-1.609932,54.993206,On or near BRENTWOOD AVENUE,E01008373,Newcastle upon Tyne 013E,Investigation complete; no suspect identified
778dc4651c529d7632f1d3018a15760d2e665cc91b26837e4b5d82975b24b738,2021-05,Northumbria Police,Northumbria Police,-1.618773,54.922871,On or near Parking Area,E01008226,Gateshead 025D,Investigation complete; no suspect identified
0d8fe136be7bb0e5827f323a5e8158014b392c38c429a876d3b1de506aa403e8,2021-05,Northumbria Police,Northumbria Police,-1.610716,55.085083,On or near EASTBOURNE GARDENS,E01027412,Northumberland 029D,Investigation complete; no suspect identified
642d3474d26dadc2f82fd1b12e866444b09ebdc8416ebf470a2f549c1faef43b,2021-05,Northumbria Police,Northumbria Police,-1.645454,54.956444,On or near NEWTON STREET,E01008209,Gateshead 007A,Offender given a caution
78c9bad538042398344c273dd7f2710ad0c2e2bb23392fd5dfa9b6adbd13740e,2021-05,Northumbria Police,Northumbria Police,-1.460975,55.007663,On or near LILBURN STREET,E01008482,North Tyneside 023B,Investigation complete; no suspect identified
723ea621290aa830104250064785bd826a1b3a88f110baf30ae4a11398614287,2021-05,Northumbria Police,Northumbria Police,-1.445623,55.024533,On or near NEASDON CRESCENT,E01008493,North Tyneside 013A,Investigation complete; no suspect identified
c598bf48d18fddbf3cd3a72b4fa8612692d68ebabae0348b842e48c1e1c3035d,2021-05,Northumbria Police,Northumbria Police,-1.558724,54.978069,On or near LOWNDS TERRACE,E01008391,Newcastle upon Tyne 026E,Investigation complete; no suspect identified
82972f3cb7569f577089dc0b1b685de7ab39cf2b1692ed12404735b1328849eb,2021-05,Northumbria Police,Northumbria Police,-1.568767,55.186691,On or near LINTONVILLE PARKWAY,E01027528,Northumberland 010A,Offender given a caution
c64f16f5ee7ca427d59e18296229a2608ff57fb5ee27f9efb0f2097d4d81141f,2021-05,Northumbria Police,Northumbria Police,-1.573280,54.978534,On or near Shopping Area,E01008392,Newcastle upon Tyne 026F,Investigation complete; no suspect identified
d0d499b81be121ede663636824efdda431fe25776c62a19d0de1dabc7ade487f,2021-05,Northumbria Police,Northumbria Police,-1.383595,54.913747,On or near BACK NORTH BRIDGE STREET,E01008791,Sunderland 006F,Investigation complete; no suspect identified
2ec7dfd0636050068e00aeb53baa857e0af5db49d895377d0b933aab0227f1a1,2021-05,Northumbria Police,Northumbria Police,-1.564955,55.173252,On or near DILSTON DRIVE,E01027537,Northumberland 014B,Investigation complete; no suspect identified
e9c15142cf81c71c8114b471740c08aeceec6a3bdbb4a2f3d0903039fad06884,2021-05,Northumbria Police,Northumbria Police,-1.451844,54.822717,On or near Parking Area,E01008719,Sunderland 035B,Investigation complete; no suspect identified
7acfdda2f72c06f7bb1ff357c7c4062905defc958f11d3682b3e9ca3cb93868d,2021-05,Northumbria Police,Northumbria Police,-1.436154,54.893270,On or near GRINDON LANE,E01008732,Sunderland 021D,Investigation complete; no suspect identified
68e941a3694500536b05492dfec704f2796768b229a57a60f15a2e37e32b482c,2021-05,Northumbria Police,Northumbria Police,-1.610047,54.923257,On or near ELEVENTH AVENUE,E01008226,Gateshead 025D,Investigation complete; no suspect identified
8863f4ad3defb375b7bf5010f659284287658b2b514da42b37e47cf2750227a2,2021-05,Northumbria Police,Northumbria Police,-1.598924,55.056406,On or near COQUET TERRACE,E01008583,North Tyneside 002E,Investigation complete; no suspect identified
2bbd9a54171de04175134efd0a744b9b9566fd01084f122ef18b5054523a98a6,2021-05,Northumbria Police,Northumbria Police,-1.430542,54.992643,On or near DERBY TERRACE,E01008667,South Tyneside 002D,Investigation complete; no suspect identified
a57947425cd39d0fd8b6e37dea0dd5d6202ce2396e1cd5e1a39e9df28555255c,2021-05,Northumbria Police,Northumbria Police,-1.567967,54.927608,On or near LANCHESTER AVENUE,E01008218,Gateshead 021A,Investigation complete; no suspect identified
d42013c65a36cef21efd11f229e30f09bee0acf2170e54fe451b9d34edcf392b,2021-05,Northumbria Police,Northumbria Police,-1.546429,54.998764,On or near DEVONSHIRE GARDENS,E01008533,North Tyneside 030A,Investigation complete; no suspect identified
cc6bf307c21e5d10761f21929e6975fea390a83f90e391b479210008aa7638b1,2021-05,Northumbria Police,Northumbria Police,-1.563529,54.929686,On or near MEDOMSLEY GARDENS,E01008227,Gateshead 021E,Investigation complete; no suspect identified
7af079b431b18001773a084739d958027850f658929b7cbe726e337cff52773e,2021-05,Northumbria Police,Northumbria Police,-1.491834,54.874348,On or near WEARDALE CRESCENT,E01008800,Sunderland 030D,Investigation complete; no suspect identified
5c62bd0d9ab1ba4ea4058fa15eb4f9633c57a08d7485b30e53b57dddda5d1ca0,2021-05,Northumbria Police,Northumbria Police,-1.453899,55.039353,On or near KINGSLEY AVENUE,E01008554,North Tyneside 009C,Investigation complete; no suspect identified
1cae811697086dac22407eeecdbc6b2935bd7258dca7515ef27a571c43b4c2f6,2021-05,Northumbria Police,Northumbria Police,-1.562171,55.178059,On or near FOURTH AVENUE,E01027545,Northumberland 010D,Investigation complete; no suspect identified
a978d4566a333c1f604ed8c4b7dc1c1f3b0c756aeee1f4f1d13b4265febf2fea,2021-05,Northumbria Police,Northumbria Police,-1.452042,54.890908,On or near A183,E01008734,Sunderland 021F,Investigation complete; no suspect identified
3d1e6708fc463bb63709b13311d3fea8f9efda7e86c1dfe77a27754071d0f732,2021-05,Northumbria Police,Northumbria Police,-1.426348,54.918458,On or near HYLTON PARK ROAD,E01008693,Sunderland 008A,Suspect charged as part of another case
352441a55b4820efbdeab8b7a8c1d2cebe34fd22cb9eacb220f39bcbea0c7c98,2021-05,Northumbria Police,Northumbria Police,-1.667877,55.585163,On or near FARNE CRESCENT,E01027383,Northumberland 003D,Investigation complete; no suspect identified
234ebc91d9b8cf4666e5772319c219d454c218b36f8dc4d0de4d0080c05490b8,2021-05,Northumbria Police,Northumbria Police,-1.583086,54.980653,On or near HEATON HALL ROAD,E01008413,Newcastle upon Tyne 023F,Investigation complete; no suspect identified
9f210e587fc2f6101396449065d010236b2d6e12463b84f7c28a4b607ebdf844,2021-05,Northumbria Police,Northumbria Police,-1.444303,54.886829,On or near GAMBIA ROAD,E01008733,Sunderland 021E,Investigation complete; no suspect identified
d4b5299c6d57b667988430e5c6aad46acabb64c682d144b06fcaa8490fb7a253,2021-05,Northumbria Police,Northumbria Police,-1.525269,55.072397,On or near Supermarket,E01027432,Northumberland 032A,Investigation complete; no suspect identified
dab879d1d47259366e7872ff49d8db917eadf6146d531f6caebf906f1ee79d45,2021-05,Northumbria Police,Northumbria Police,-1.488513,54.998732,On or near FIRTREES AVENUE,E01008542,North Tyneside 028B,Suspect charged
92486336b734ae9553ec88793ffea38429df3b7b9c606ea24b55e05d766bd2da,2021-05,Northumbria Police,Northumbria Police,-1.438027,54.986037,On or near Parking Area,E01008666,South Tyneside 002C,Investigation complete; no suspect identified
9f78647ec1bb61eedd52e603433ebcdbbadb97da166d2c036150acdf537e9d9c,2021-05,Northumbria Police,Northumbria Police,-1.541180,54.986074,On or near EASTFIELD AVENUE,E01008436,Newcastle upon Tyne 020F,Investigation complete; no suspect identified
a5c1dcb27f4a4f9f2566db921c4ccc279f16c1b5ba52b4b5b7433b2215ae0cd6,2021-05,Northumbria Police,Northumbria Police,-1.654510,54.954763,On or near BLENHEIM PLACE,E01008208,Gateshead 013C,Investigation complete; no suspect identified
f4465ce9361ef47b9e9c553bb24e13a3b0fb30a248212008735636fef82ff22b,2021-05,Northumbria Police,Northumbria Police,-1.440341,54.809302,On or near BLINDY LANE,E01008744,Sunderland 036B,Investigation complete; no suspect identified
f2e651f257c79c7a2e3ef4361839b1647ed06411e6e7de91ac63c949116d1216,2021-05,Northumbria Police,Northumbria Police,-1.552522,54.954107,On or near LOW HEYWORTH LANE,E01008241,Gateshead 015C,Investigation complete; no suspect identified
347aa7b27b564729727da5cb320ebdb66f7f2691a9cf8ab2ebe5971dfc3c7adb,2021-05,Northumbria Police,Northumbria Police,-1.830568,54.972829,On or near FRONT STREET,E01027497,Northumberland 038A,Investigation complete; no suspect identified
e152eb39bd9d3c0ce769a27fc6acbbcd3a03987336a363ff5d8dc01c5f2de205,2021-05,Northumbria Police,Northumbria Police,-1.560917,54.977529,On or near ROMAN AVENUE,E01008391,Newcastle upon Tyne 026E,Suspect charged
e152eb39bd9d3c0ce769a27fc6acbbcd3a03987336a363ff5d8dc01c5f2de205,2021-05,Northumbria Police,Northumbria Police,-1.560917,54.977529,On or near ROMAN AVENUE,E01008391,Newcastle upon Tyne 026E,Offender given a caution
e152eb39bd9d3c0ce769a27fc6acbbcd3a03987336a363ff5d8dc01c5f2de205,2021-05,Northumbria Police,Northumbria Police,-1.560917,54.977529,On or near ROMAN AVENUE,E01008391,Newcastle upon Tyne 026E,Offender given a drugs possession warning
e152eb39bd9d3c0ce769a27fc6acbbcd3a03987336a363ff5d8dc01c5f2de205,2021-05,Northumbria Police,Northumbria Police,-1.560917,54.977529,On or near ROMAN AVENUE,E01008391,Newcastle upon Tyne 026E,Investigation complete; no suspect identified
11d440742715c0a56018974f9948e2317304f446eb5a1608621acf3017745845,2021-05,Northumbria Police,Northumbria Police,-1.490602,54.874379,On or near TYNEDALE CRESCENT,E01008800,Sunderland 030D,Investigation complete; no suspect identified
263c3f56b5c607ff4f086630d2228366ba81543515796600aabd7ddfbda98510,2021-05,Northumbria Police,Northumbria Police,-1.682765,55.165726,On or near ALEXANDRA ROAD,E01027453,Northumberland 016B,Investigation complete; no suspect identified
0690837d42cd02cf48b3909b25c372008852f2d44d21aee811d205487f0d1645,2021-05,Northumbria Police,Northumbria Police,-1.690080,54.987263,On or near TEBAY DRIVE,E01008327,Newcastle upon Tyne 015D,Investigation complete; no suspect identified
93e7a7c3403f9641fb30417374fae05327b57cd73bffff8a64bc6c51189e52e4,2021-05,Northumbria Police,Northumbria Police,-1.586506,54.951927,On or near SEVERN GARDENS,E01008165,Gateshead 011A,Investigation complete; no suspect identified
59d59f6501d008dd08e111169ee5214529ca675cd8b4aac9aa237f7f662a4510,2021-05,Northumbria Police,Northumbria Police,-1.449232,54.960872,On or near PRIESTLEY COURT,E01008606,South Tyneside 016C,Investigation complete; no suspect identified
c9ce7f476a479015fbe7b8d419dec0dd60eee816fac50aa5c35c4892f57fb7f7,2021-05,Northumbria Police,Northumbria Police,-1.403985,54.872439,On or near FRANCES STREET,E01033077,Sunderland 027F,Investigation complete; no suspect identified
d7732b2135361fdf93ea28e79385de9c2df9579c1345d315d374f745f805550f,2021-05,Northumbria Police,Northumbria Police,-1.503952,55.010586,On or near MIDDLE ENGINE LANE,E01008468,North Tyneside 021D,Offender given a caution
03058dfd231fdf5245de39ee84e197ab92abe1f0ce5032d169790478d6f066fe,2021-05,Northumbria Police,Northumbria Police,-1.641422,54.974441,On or near CALLERTON PLACE,E01008449,Newcastle upon Tyne 022D,Suspect charged
3dd4148148f121950a4b4babf5007515aafc7f5f543534196632e0ef7045ec07,2021-05,Northumbria Police,Northumbria Police,-1.474400,55.010489,On or near BALKWELL AVENUE,E01008492,North Tyneside 023E,Investigation complete; no suspect identified
0bef8faac6702623d5a9e04e9a18bf6f5ca299ca1dfd98458c1f55b94d74c954,2021-05,Northumbria Police,Northumbria Police,-1.449232,54.960872,On or near PRIESTLEY COURT,E01008606,South Tyneside 016C,Suspect charged
0b8d651a756216fd20059fbfcd2c1fab629f00d28ec92e8bac9b20250f051341,2021-05,Northumbria Police,Northumbria Police,-1.448796,55.004121,On or near COACH LANE,E01008544,North Tyneside 027D,Investigation complete; no suspect identified
22e3087a09f630edf82bf9b3d54ae164ccd5d53293be23379592c110f4059bb1,2021-05,Northumbria Police,Northumbria Police,-1.536850,55.212669,On or near Supermarket,E01027451,Northumberland 008E,Suspect charged
22e3087a09f630edf82bf9b3d54ae164ccd5d53293be23379592c110f4059bb1,2021-05,Northumbria Police,Northumbria Police,-1.536850,55.212669,On or near Supermarket,E01027451,Northumberland 008E,Suspect charged
ffe41ddf368b7cf2e8010c57a9b7d57caa2214afb16a11a647c688e066fe17e5,2021-05,Northumbria Police,Northumbria Police,-1.450562,54.824293,On or near EAGLESDENE,E01008719,Sunderland 035B,Investigation complete; no suspect identified
20cc85bea4e59fb2fa212190a40814f7e8c9232f7e7a0ff1aac6de03b42458da,2021-05,Northumbria Police,Northumbria Police,-1.540910,55.123346,On or near KINGSDALE AVENUE,E01027425,Northumberland 025A,Offender given a caution
09ffd3dbf90fd173c627c2c29ea0958bf01730211ddb1f8150f05d4465c5dc45,2021-05,Northumbria Police,Northumbria Police,-1.611196,54.949734,On or near AUDOUINS ROW,E01008253,Gateshead 010C,Investigation complete; no suspect identified
deddbd8094eaeac88070633f299611c6db643d17c480868502916d140b0a48fe,2021-05,Northumbria Police,Northumbria Police,-1.675292,54.974302,On or near SHAFTO COURT,E01033547,Newcastle upon Tyne 025E,Investigation complete; no suspect identified
30ff0ff8968e7c3d09a41d767efd89e0fa6457288868d1b1ef9837a64948518e,2021-05,Northumbria Police,Northumbria Police,-1.511677,55.011830,On or near ANDOVER PLACE,E01008461,North Tyneside 021A,Investigation complete; no suspect identified
91f7c114242df9115e067f1f55e5b51442b66594f54f90d1c0d3fd54a7914263,2021-05,Northumbria Police,Northumbria Police,-1.420583,54.913596,On or near Supermarket,E01008762,Sunderland 012B,Investigation complete; no suspect identified
cad55d9c799ef05c94517bf9c24dbf6d4758fa70507f3f4800cc796b406699c4,2021-05,Northumbria Police,Northumbria Police,-1.606911,54.952138,On or near AVONDALE TERRACE,E01008252,Gateshead 010B,Investigation complete; no suspect identified
48631297793bcef80f9af1fbaaa5da39dedd3415e3d3dc6ca52c1fb782b66ff2,2021-05,Northumbria Police,Northumbria Police,-1.645188,54.974254,On or near WESTGATE ROAD,E01008333,Newcastle upon Tyne 029C,Investigation complete; no suspect identified
f25f53c4225f18b2b4bdc36b77367d6e44ebaaa8654c9b80acd6e37eddcbf7ac,2021-05,Northumbria Police,Northumbria Police,-1.534209,54.947056,On or near THE MEWS,E01008286,Gateshead 014C,Investigation complete; no suspect identified
ba8cf031b48999b8929352bb6520d9666ef609242ddedbe8fdd4c562cb9b8644,2021-05,Northumbria Police,Northumbria Police,-1.622826,55.028293,On or near GREAT NORTH ROAD,E01008309,Newcastle upon Tyne 002A,Investigation complete; no suspect identified
983257b5c59f0c15d81e0c654bb91734a9f10f63aab6f4accddfd7ac303cfabd,2021-05,Northumbria Police,Northumbria Police,-1.615322,54.972222,On or near NUN STREET,E01033543,Newcastle upon Tyne 024G,Investigation complete; no suspect identified
4c647187993af2b51896f4aee3bdaf0a5c72e8b27473b028a58d066e6c2dea7d,2021-05,Northumbria Police,Northumbria Police,-1.430914,55.002799,On or near HEDLEY STREET,E01008599,South Tyneside 001E,Investigation complete; no suspect identified
a7c1db7d09a854b9e83e20ec7c55f503aa58f0953923ba1cd8e82b2ee22be193,2021-05,Northumbria Police,Northumbria Police,-1.558519,55.033756,On or near SILVERSTONE,E01008507,North Tyneside 012D,Investigation complete; no suspect identified
48b4dbc6e220f01e6eacae6a816a24fd004e02f08bb874a4972b00f843fe2974,2021-05,Northumbria Police,Northumbria Police,-1.513656,54.960635,On or near WESTMINSTER CRESCENT,E01008645,South Tyneside 015C,Investigation complete; no suspect identified
9d1f159c97874d6b29512011057715e75f415c3d3a707abad068e24e9eb7741c,2021-05,Northumbria Police,Northumbria Police,-1.454555,54.965695,On or near HEDWORTH AVENUE,E01008669,South Tyneside 012B,Investigation complete; no suspect identified
1a1ac2d021190c89a99dc48149942e2fb5c31bcd0bc507a6d74bf1d8e505d315,2021-05,Northumbria Police,Northumbria Police,-1.591674,54.958100,On or near SHELLEY DRIVE,E01008162,Gateshead 027A,Investigation complete; no suspect identified
4c840da5144eae18ab5f8091f52d15f1cd56ce9d30116307cdc116a2a72706ec,2021-05,Northumbria Police,Northumbria Police,-1.608013,55.004163,On or near STONEYHURST ROAD,E01008418,Newcastle upon Tyne 005C,Investigation complete; no suspect identified
9b8ae2acf626378532ae3259f2962cab79c6482b889c48b0573a214589af4966,2021-05,Northumbria Police,Northumbria Police,-1.400434,54.902724,On or near PENSHER STREET,E01008707,Sunderland 011D,Investigation complete; no suspect identified
f42df5b714fe9cdda74d140d9563c703395c559d7fe81e3eb7fa93269378bb94,2021-05,Northumbria Police,Northumbria Police,-1.429169,54.998001,On or near Pedestrian Subway,E01008596,South Tyneside 001B,Investigation complete; no suspect identified
5cac124a31422b5b17d7fcef120b57327ad1390b9bcb0e22559cd6b9ca828e07,2021-05,Northumbria Police,Northumbria Police,-1.615322,54.972222,On or near NUN STREET,E01033543,Newcastle upon Tyne 024G,Investigation complete; no suspect identified
e3ab40343db111466d8f7305ef95961fd8f54f43620a40d96632d203d9fcc10e,2021-05,Northumbria Police,Northumbria Police,-1.426348,54.918458,On or near HYLTON PARK ROAD,E01008693,Sunderland 008A,Investigation complete; no suspect identified
0fffcc16f79a8614124725a353eab0283f7f85d4d716821b931d99fcf0cb3cb7,2021-05,Northumbria Police,Northumbria Police,-1.449882,55.003641,On or near THRIFT STREET,E01008545,North Tyneside 027E,Investigation complete; no suspect identified
a3c3299a87500ac41e40645e1760ad35b271a1b0e8b0548590897ac89bba6a7b,2021-05,Northumbria Police,Northumbria Police,-1.449232,54.960872,On or near PRIESTLEY COURT,E01008606,South Tyneside 016C,Suspect charged
59d20e813233960aaf01e5dc71376fc4e47577d99605f5978e399126c10e2b10,2021-05,Northumbria Police,Northumbria Police,-1.389024,54.907511,On or near LIVINGSTONE ROAD,E01008703,Sunderland 013B,Investigation complete; no suspect identified
08777e88ff9f1757d534f5ffb76e403af05f899a6ef94d957c26f6e8b55a0330,2021-05,Northumbria Police,Northumbria Police,-1.474400,55.010489,On or near BALKWELL AVENUE,E01008492,North Tyneside 023E,Investigation complete; no suspect identified
c6644c6d5e95fcea581b43ba1c5ba23812a31f45e08d2bb135a56870e82d6c98,2021-05,Northumbria Police,Northumbria Police,-1.547931,54.986144,On or near MARMION ROAD,E01008435,Newcastle upon Tyne 020E,Investigation complete; no suspect identified
406a3c7351ac18d63cba679efb4a74077f2080668d8a13a34d52eb5b74e201bd,2021-05,Northumbria Police,Northumbria Police,-1.593459,54.920444,On or near TRAFFORD,E01008189,Gateshead 023A,Investigation complete; no suspect identified
22057f23336a8d69f6d32d6c19d00372fe9675a6c753e72bb9a16bed42c2ab26,2021-05,Northumbria Police,Northumbria Police,-1.635216,55.398001,On or near A1068,E01027356,Northumberland 004A,Offender given a caution
9b30d6031f32be436e1649f9409e1de072dfa81a0175444a896a32ec7a238353,2021-05,Northumbria Police,Northumbria Police,-1.593658,54.947161,On or near VALLEY GARDENS,E01008205,Gateshead 028C,Investigation complete; no suspect identified
c804754fbfdbbd9fde430cb73c7cc338f2d6954a61bc4ef6dab95f9f70cdc605,2021-05,Northumbria Police,Northumbria Police,-1.379302,54.908926,On or near WEST WEAR STREET,E01008703,Sunderland 013B,Investigation complete; no suspect identified
e701b3078a97d98783756dc66d230eb288a2b25e424326e993cd9e335d14711b,2021-05,Northumbria Police,Northumbria Police,-1.542803,55.008294,On or near SYDNEY GROVE,E01008538,North Tyneside 025D,Investigation complete; no suspect identified
c312c26c8e122d51cdbf316e8202ff44ea848ed0839583f610030e3d1af632c0,2021-05,Northumbria Police,Northumbria Police,-1.501158,54.992485,On or near QUAY VIEW,E01008543,North Tyneside 028C,Suspect charged
c312c26c8e122d51cdbf316e8202ff44ea848ed0839583f610030e3d1af632c0,2021-05,Northumbria Police,Northumbria Police,-1.501158,54.992485,On or near QUAY VIEW,E01008543,North Tyneside 028C,Suspect charged
c312c26c8e122d51cdbf316e8202ff44ea848ed0839583f610030e3d1af632c0,2021-05,Northumbria Police,Northumbria Police,-1.501158,54.992485,On or near QUAY VIEW,E01008543,North Tyneside 028C,Offender given a caution
c312c26c8e122d51cdbf316e8202ff44ea848ed0839583f610030e3d1af632c0,2021-05,Northumbria Police,Northumbria Police,-1.501158,54.992485,On or near QUAY VIEW,E01008543,North Tyneside 028C,Investigation complete; no suspect identified
48390787438b27fe92450b05da9392d459d89e4274645368230a00b85b0cb0ce,2021-05,Northumbria Police,Northumbria Police,-1.613362,54.953417,On or near OSWALD TERRACE,E01008170,Gateshead 008C,Investigation complete; no suspect identified
6a997ffebb8e781e54f36ac75868e6333820295a8efbbab5f8d7c41d810e22e7,2021-05,Northumbria Police,Northumbria Police,-1.518994,54.975276,On or near MAY CLOSE,E01008639,South Tyneside 009A,Investigation complete; no suspect identified
3a1e0de661883fd70f750e94b83e4faf392d8453443c6a125f9f467b830790c5,2021-05,Northumbria Police,Northumbria Police,-1.562126,54.932395,On or near AYCLIFFE CRESCENT,E01008227,Gateshead 021E,Investigation complete; no suspect identified
24bf1d191bae57471afc8b106c97cbf120a127e61ef729992273c2631e7f71f8,2021-05,Northumbria Police,Northumbria Police,-1.566620,55.142751,On or near Sports/Recreation Area,E01027551,Northumberland 020F,Offender given a caution
fbdc04194af709e7ed617f1d900329f79a88558fcff67746dad2ee421fa97f73,2021-05,Northumbria Police,Northumbria Police,-1.405240,54.972383,On or near PRINCE EDWARD ROAD,E01033074,South Tyneside 013E,Investigation complete; no suspect identified
32d083f3fffe07a17cdca73aa8f1eaada3c0ce1afb62bb4d6e46aaec2c9abafb,2021-05,Northumbria Police,Northumbria Police,-1.609328,54.952424,On or near KESWICK STREET,E01008171,Gateshead 008D,Investigation complete; no suspect identified
8e2220ba3134a9ad19be0bef88d1e3ba8475f26093d0da6edd0e406fd64fdb5a,2021-05,Northumbria Police,Northumbria Police,-1.461127,54.887704,On or near FOXCOVER ROAD,E01032484,Sunderland 032G,Investigation complete; no suspect identified
456f9138631d58dc8270171c1e1559ec8f55c88f609cff1267824938d4972333,2021-05,Northumbria Police,Northumbria Police,-1.429810,54.925125,On or near REDHILL ROAD,E01008842,Sunderland 004F,Investigation complete; no suspect identified
47bc1d222def38a22668ecc755b12e4d872b12d219ac86b5c4a811ebe50f77bb,2021-05,Northumbria Police,Northumbria Police,-1.655752,54.970249,On or near Supermarket,E01008332,Newcastle upon Tyne 029B,Suspect charged
d9b4b1df828ed48c1c22ec50a49e9bdeabcc795c08dc50a5b7b49161b84a3a85,2021-05,Northumbria Police,Northumbria Police,-1.423936,54.986779,On or near DEAN ROAD,E01008678,South Tyneside 003E,Investigation complete; no suspect identified
9c6ec9c8b57ffde469c0d373a80fde7253bd50d7835e1aa836360d368075e598,2021-05,Northumbria Police,Northumbria Police,-1.468955,54.964572,On or near BALMORAL AVENUE,E01008603,South Tyneside 014B,Investigation complete; no suspect identified
4b06501885c060fbdadbaac5510f8bfe826c28a55e0c451c5fff120a604170ea,2021-05,Northumbria Police,Northumbria Police,-1.566489,55.021527,On or near STATION ROAD NORTH,E01008470,North Tyneside 014A,Investigation complete; no suspect identified
f0e7499e4ddabe26f5f815da5ca9b01a8debf82520d4fea2ae9c15465b0e04d8,2021-05,Northumbria Police,Northumbria Police,-1.677572,54.935398,On or near ELM COURT,E01008269,Gateshead 017B,Investigation complete; no suspect identified
f82527d9be61b7ae3c1e9acad466a61447bed4ba810fde7c00ceb7d2867423d7,2021-05,Northumbria Police,Northumbria Police,-1.452089,54.921938,On or near CHISWICK ROAD,E01008694,Sunderland 008B,Investigation complete; no suspect identified
c0dd3e211d26a01118c697cbaa98ef0694583a8dc366864092f4eacf9fc6d92b,2021-05,Northumbria Police,Northumbria Police,-1.400756,54.957740,On or near SUNNISIDE TERRACE,E01008619,South Tyneside 022C,Investigation complete; no suspect identified
a7ffcf1dacafefc875af27891b18b60e39b449cd8b657b8bf39f9dfc65269d08,2021-05,Northumbria Police,Northumbria Police,-1.641113,55.030055,On or near ROSEDON WAY,E01008308,Newcastle upon Tyne 001D,Investigation complete; no suspect identified
cd8d2bcb23bf6cb81e1f8bad72d8b5dd0b79aa4b7c4d60973229387212353d80,2021-05,Northumbria Police,Northumbria Police,-1.383595,54.913747,On or near BACK NORTH BRIDGE STREET,E01008791,Sunderland 006F,Investigation complete; no suspect identified
f5d1c8dcb582300c29746fa1a60423e59650e08689f48a5fc5b4e14a37d9b6b4,2021-05,Northumbria Police,Northumbria Police,-1.611977,54.974045,On or near Shopping Area,E01033543,Newcastle upon Tyne 024G,Investigation complete; no suspect identified
c6160899e3ff61501cc534a2ffe17aa9dce71220b725fa61f529eb89abacde1f,2021-05,Northumbria Police,Northumbria Police,-1.614126,54.977988,On or near BARRAS BRIDGE,E01008397,Newcastle upon Tyne 024C,Investigation complete; no suspect identified
72f3cd4cacf61207396b97885f07a85741865542985ec6df3787cc47ecdb1ad1,2021-05,Northumbria Police,Northumbria Police,-1.540786,54.953551,On or near LYONS COURT,E01008244,Gateshead 003D,Investigation complete; no suspect identified
b3819158aefff5731d4424658afd2884ca9f91d135026969bccc6f71759ac731,2021-05,Northumbria Police,Northumbria Police,-1.610635,54.967427,On or near Parking Area,E01033545,Newcastle upon Tyne 024H,Investigation complete; no suspect identified
1887e30670f0944a350bd09291ba7ba897576927062598987e2d9af96d284d55,2021-05,Northumbria Police,Northumbria Police,-1.572220,54.923894,On or near WITTON GARDENS,E01008225,Gateshead 021D,Investigation complete; no suspect identified
45d2fed6a96f40f5d2f390b9bc80784b2101ba9d6ec17f80e75cd819c7dffa86,2021-05,Northumbria Police,Northumbria Police,-1.449628,55.014199,On or near PRESTON ROAD,E01008528,North Tyneside 022C,Suspect charged
b0e8239a8faa747d51e55824475f56ea9d9749f41f364ff428195d8f1895ab06,2021-05,Northumbria Police,Northumbria Police,-1.503443,54.903539,On or near STOCKLEY ROAD,E01008846,Sunderland 017B,Offender given a caution
585849336942de4c26458b54c8e320d9204c30ad391ac05d2b01a128d54c7afa,2021-05,Northumbria Police,Northumbria Police,-1.657792,54.980149,On or near PALM AVENUE,E01008348,Newcastle upon Tyne 019F,Investigation complete; no suspect identified
c55b60847b1741dd552f65a3b442d6954bc1a4611f567863dbaa6302251f9577,2021-05,Northumbria Police,Northumbria Police,-1.612126,54.997562,On or near JESMOND DENE ROAD,E01008369,Newcastle upon Tyne 013B,Investigation complete; no suspect identified
0829162fa7cae0f8067779b3f63944b17518060ecccbed0f36f33aaa1fe429a6,2021-05,Northumbria Police,Northumbria Police,-1.426998,55.003365,On or near LAWE ROAD,E01008598,South Tyneside 001D,Investigation complete; no suspect identified
c286698cab942b18a4daad45f0e13c42d34df0a3446614db1a5dc69271ebdf40,2021-05,Northumbria Police,Northumbria Police,-1.558317,54.985256,On or near Parking Area,E01008433,Newcastle upon Tyne 020C,Investigation complete; no suspect identified
e1da2177140e00ea498f95a16f1a3fb72f02ca548a80071345ede4bdce1cd493,2021-05,Northumbria Police,Northumbria Police,-1.380336,54.919769,On or near BURSCOUGH CRESCENT,E01008787,Sunderland 006B,Investigation complete; no suspect identified
89229c8bcbf7c1c73e7c2500de1ba4281e2b119c96f0ef39ca394e4dc90c0d6a,2021-05,Northumbria Police,Northumbria Police,-1.688545,54.997818,On or near LYNDEN GARDENS,E01008445,Newcastle upon Tyne 031D,Investigation complete; no suspect identified
0c9a1e476f448aee59a389531ec085922644101a870d65e126f7bff477b12d90,2021-05,Northumbria Police,Northumbria Police,-1.601948,54.967668,On or near Theatre/Concert Hall,E01008166,Gateshead 027C,Investigation complete; no suspect identified
9a1cfc54b77ead93990d4948a23a647e63d6340ca5311efcaf6a435e6aeb23c1,2021-05,Northumbria Police,Northumbria Police,-1.574803,54.939395,On or near CROSSFIELD PARK,E01008230,Gateshead 018B,Investigation complete; no suspect identified
adac043ca72c23e3ba3c434455caa3d68de94b8e65d89642a17a87336d18bc3c,2021-05,Northumbria Police,Northumbria Police,-1.671220,55.053945,On or near SYCAMORE AVENUE,E01008306,Newcastle upon Tyne 001B,Investigation complete; no suspect identified
46090bcaf72092460a26425cf9092e536bbead1e684d936af6001341d42e1f05,2021-05,Northumbria Police,Northumbria Police,-1.458631,55.008740,On or near THE NOOK,E01008530,North Tyneside 020D,Investigation complete; no suspect identified
3e6ea24ae82b2887c57d6f7c9916b5310b066a58f7aaa2caf2a61d58d4277c96,2021-05,Northumbria Police,Northumbria Police,-1.376129,54.899250,On or near ST LUCIA CLOSE,E01008735,Sunderland 016B,Investigation complete; no suspect identified
3e6ea24ae82b2887c57d6f7c9916b5310b066a58f7aaa2caf2a61d58d4277c96,2021-05,Northumbria Police,Northumbria Police,-1.376129,54.899250,On or near ST LUCIA CLOSE,E01008735,Sunderland 016B,Investigation complete; no suspect identified
3e6ea24ae82b2887c57d6f7c9916b5310b066a58f7aaa2caf2a61d58d4277c96,2021-05,Northumbria Police,Northumbria Police,-1.376129,54.899250,On or near ST LUCIA CLOSE,E01008735,Sunderland 016B,Investigation complete; no suspect identified
8e79cc487474f1fdc1ae26dfa35e25e73b0544f5825994ce89fa881c48a1b1c0,2021-05,Northumbria Police,Northumbria Police,-1.701009,55.001282,On or near WHORLTON PLACE,E01008441,Newcastle upon Tyne 031A,Investigation complete; no suspect identified
0200671fb93f39bf28c4f337c9f93decfffa4224581eb5207ac5c5453c878cf6,2021-05,Northumbria Police,Northumbria Police,-1.631828,55.065119,On or near A19,E01008582,North Tyneside 004E,Investigation complete; no suspect identified
5cc26cdc9536cd739af276aa77e5ee7a24f717f7e0e59b09a0208dd93e50d58f,2021-05,Northumbria Police,Northumbria Police,-1.539602,54.994317,On or near BALMORAL STREET,E01008537,North Tyneside 030D,Investigation complete; no suspect identified
65ba2a521cadf5e7ecc52e32c5fcb44b44993c513845cb0083592cee9e32442d,2021-05,Northumbria Police,Northumbria Police,-1.584242,55.095590,On or near Supermarket,E01027404,Northumberland 028E,Investigation complete; no suspect identified
b8a687524bc18a78e66c83f2bae34506081c5c4a3e786458101f1d060baa8859,2021-05,Northumbria Police,Northumbria Police,-1.569607,54.974280,On or near GILLIES STREET,E01008302,Newcastle upon Tyne 026B,Investigation complete; no suspect identified
36cf25b72f88a7508bab9c0492bd4104f25d7be3cfddb952791f92ff825c626d,2021-05,Northumbria Police,Northumbria Police,-1.574803,54.939395,On or near CROSSFIELD PARK,E01008230,Gateshead 018B,Investigation complete; no suspect identified
4ae655315b91583bc50d6967f77ec649b3fa799a49c031f03e6d2b4a9934f733,2021-05,Northumbria Police,Northumbria Police,-1.531682,54.991187,On or near CHESTNUT STREET,E01008573,North Tyneside 029B,Investigation complete; no suspect identified
bbda6de1b69818705e0820e7764bb98a1512e8dd91402de038610050e0704297,2021-05,Northumbria Police,Northumbria Police,-1.645719,54.954791,On or near RENDEL STREET,E01008209,Gateshead 007A,Investigation complete; no suspect identified
b4f343d4510f4cb370845dff22e4c57353ae884e74a3d4e7e1a8772e811a6a28,2021-05,Northumbria Police,Northumbria Police,-1.612740,54.974308,On or near Shopping Area,E01008397,Newcastle upon Tyne 024C,Investigation complete; no suspect identified
d3a49112f7ffaea57c1d185f482bacff16923876cb6c7a0a27b7ef8dff197dcd,2021-05,Northumbria Police,Northumbria Police,-1.623199,55.056906,On or near PATIENCE AVENUE,E01008582,North Tyneside 004E,Investigation complete; no suspect identified
04aaa7e61a05544b5b9150537a35dab76943d1f066adfde0b5707878f88246b3,2021-05,Northumbria Police,Northumbria Police,-1.552540,55.021333,On or near OTTERBURN CLOSE,E01008503,North Tyneside 018E,Investigation complete; no suspect identified
c08c532f20942bb836172129364b0f589cd7c52888f4de6be5479f67f3087eeb,2021-05,Northumbria Police,Northumbria Police,-1.713100,55.004788,On or near JEDBURGH CLOSE,E01008448,Newcastle upon Tyne 031G,Investigation complete; no suspect identified
765a1835b92598bc774060fe6764b06762cb324ab3502242c0fcf91a3b26b525,2021-05,Northumbria Police,Northumbria Police,-1.606159,55.013044,On or near WOODLEA GARDENS,E01008351,Newcastle upon Tyne 005A,Investigation complete; no suspect identified
6f28d953d039ca3dbc74aed4cd0655324687d0aafbe88594e6899e3421146095,2021-05,Northumbria Police,Northumbria Police,-1.505506,54.965580,On or near ELMFIELD TERRACE,E01008645,South Tyneside 015C,Offender given a caution
619539cffd95c8769fa344e9a534a144894dcfb9522bd78319b4a5145e6dcfa9,2021-05,Northumbria Police,Northumbria Police,-1.598648,54.935154,On or near WEATHERCOCK LANE,E01008239,Gateshead 020D,Investigation complete; no suspect identified
67b5dbb82f0fb4db0a050f9700b1f3614f91a4774f84636f0cf9fbfdd3bebc59,2021-05,Northumbria Police,Northumbria Police,-1.847077,54.961420,On or near Police Station,E01027498,Northumberland 038B,Investigation complete; no suspect identified
ef5105c58cbecd759f3e4a73e8276041011890837985ca0a08eb2c96e0afe0bc,2021-05,Northumbria Police,Northumbria Police,-1.463774,54.998275,On or near HOWDON ROAD,E01008541,North Tyneside 027C,Investigation complete; no suspect identified
f7c3a467638f12b2f5dd0d01fc8229234018d885f3fe88732b03244b562d1091,2021-05,Northumbria Police,Northumbria Police,-1.383595,54.913747,On or near BACK NORTH BRIDGE STREET,E01008791,Sunderland 006F,Investigation complete; no suspect identified
5ecd32a92694e576a81ff00fe1861e11a51385698b88472d889f36fad36fb83e,2021-05,Northumbria Police,Northumbria Police,-1.533681,54.992686,On or near HAWTHORN GROVE,E01008536,North Tyneside 030C,Investigation complete; no suspect identified
d36b9c9faeb9b27519dc14e783a7b4f76c7f6e473ae16a585bfed53a8b54db7a,2021-05,Northumbria Police,Northumbria Police,-1.433601,54.872922,On or near LUMLEY COURT,E01008774,Sunderland 029B,Investigation complete; no suspect identified
1be026e94e5644fc9555cddf7618bdd2231a2942049595650a72fb7f00393f56,2021-05,Northumbria Police,Northumbria Police,-1.608599,54.972785,On or near CARLIOL SQUARE,E01033543,Newcastle upon Tyne 024G,Investigation complete; no suspect identified
14daa1066ad95e33b2e3b938c9c237e1fa5495078fe4201be801940cf956f0df,2021-05,Northumbria Police,Northumbria Police,-1.454210,54.825028,On or near HOUGHTON ROAD,E01008748,Sunderland 035E,Investigation complete; no suspect identified
06aaf9e76e2abfe97c24fd6f6c684ceae3620d7552a693538f0e54f65bc000cb,2021-05,Northumbria Police,Northumbria Police,-1.444027,54.884239,On or near NORTH FARM AVENUE,E01008734,Sunderland 021F,Investigation complete; no suspect identified
64a03f5e73226d5ea7fcbf344e68aff01359872e7636a41f1b098bf737061553,2021-05,Northumbria Police,Northumbria Police,-1.513859,55.123555,On or near CYPRESS CRESCENT,E01027415,Northumberland 023B,Investigation complete; no suspect identified
c92aef157d1694b85b007cfcfc55614a98327f8e608631ae31dbeb62f02f6e08,2021-05,Northumbria Police,Northumbria Police,-1.425983,54.982458,On or near READING ROAD,E01008673,South Tyneside 003A,Investigation complete; no suspect identified
cb10882fc9bc0d23580861b071f193d991bd1d760127ea9846ab0f0f91403f6d,2021-05,Northumbria Police,Northumbria Police,-1.663923,54.990626,On or near YEWVALE ROAD,E01008300,Newcastle upon Tyne 016A,Investigation complete; no suspect identified
fe7303e300848cdf973b1b89e5dd309586e8e39b4e0df8c662a5d5f00722c445,2021-05,Northumbria Police,Northumbria Police,-1.612740,54.974308,On or near Shopping Area,E01008397,Newcastle upon Tyne 024C,Offender given penalty notice
fe7303e300848cdf973b1b89e5dd309586e8e39b4e0df8c662a5d5f00722c445,2021-05,Northumbria Police,Northumbria Police,-1.612740,54.974308,On or near Shopping Area,E01008397,Newcastle upon Tyne 024C,Offender given penalty notice
1f5534631755dde3dee2635299633ab16c0080d672dec0a07f2f4f1e0bbbb23d,2021-05,Northumbria Police,Northumbria Police,-1.610635,54.967427,On or near Parking Area,E01033545,Newcastle upon Tyne 024H,Investigation complete; no suspect identified
f6e7254977572a06ae82ff259eb61286b8f116c36527550d16aadeaf3516adf9,2021-05,Northumbria Police,Northumbria Police,-1.498109,54.991367,On or near Petrol Station,E01008543,North Tyneside 028C,Investigation complete; no suspect identified
3a29b460a4b00fb383f9e7c9bcd398a861e6a44f66d8928d71bdbacdae8e1ff2,2021-05,Northumbria Police,Northumbria Police,-1.537470,54.990760,On or near Parking Area,E01008537,North Tyneside 030D,Investigation complete; no suspect identified
e1366343ce1d66c35dfc78e61fa64652762639215e8f7e77e7ced02a3394403a,2021-05,Northumbria Police,Northumbria Police,-1.421408,54.972425,On or near ARTHINGTON WAY,E01008682,South Tyneside 005C,Investigation complete; no suspect identified
c093fd360c3c777b537a1f311e3fddc1d65ad127a210e5383af68db1386d8ffd,2021-05,Northumbria Police,Northumbria Police,-1.571742,55.183098,On or near Shopping Area,E01027529,Northumberland 010B,Investigation complete; no suspect identified
c606a14c5c44fa0d63d37ccb1125927a7b607856a48d09d64ac994d08a7c7192,2021-05,Northumbria Police,Northumbria Police,-1.684976,54.952527,On or near ROSEBUD CLOSE,E01008262,Gateshead 009A,Suspect charged
58a84141aa649700b28fe2b8913edb596d36df5d547d941ad5f209a7e174e060,2021-05,Northumbria Police,Northumbria Police,-1.487038,54.977069,On or near ELBERFELD COURT,E01008661,South Tyneside 007D,Investigation complete; no suspect identified
e3a8f37918d07d0ec0b76e34abedd07e142782c6756be0ccb4484f9e588b907a,2021-05,Northumbria Police,Northumbria Police,-1.612674,55.306943,On or near CHAPEL ROW,E01027362,Northumberland 006B,Investigation complete; no suspect identified
bb8db2ad1785950096c593a50c22939d35b0c2a93950f6020708bcf72c96647a,2021-05,Northumbria Police,Northumbria Police,-1.723364,54.960366,On or near BACK LANE,E01008180,Gateshead 004B,Investigation complete; no suspect identified
48a2a91d29dee2ce214700456a1e0d9ba7109e7749d1b8d8c2f57058e44295a3,2021-05,Northumbria Police,Northumbria Police,-1.764819,55.036530,On or near Supermarket,E01033714,Northumberland 033F,Investigation complete; no suspect identified
91927760467a0d1d33de406b6e58d36babdbcdef213cea2efbbb8973e9976d72,2021-05,Northumbria Police,Northumbria Police,-1.444290,54.909268,On or near RIVERSIDE PARK,E01008814,Sunderland 014D,Investigation complete; no suspect identified
a8309c31563b3d5d36353700c6f520d543cb829b1d2edd47c44823eadd68492c,2021-05,Northumbria Police,Northumbria Police,-1.583077,55.175867,On or near BLACKDENE,E01027526,Northumberland 012C,Investigation complete; no suspect identified
0c0297e239853094db9baa9c09c44e2bc62b5bdeaac5e19d90c324abc2aa090c,2021-05,Northumbria Police,Northumbria Police,-1.426425,54.928371,On or near RIDDINGS SQUARE,E01008822,Sunderland 004E,Offender given a caution
32d0becd64431578f106f80ebfd604f267fc6ecce6eb3c12763f8924a0ff276f,2021-05,Northumbria Police,Northumbria Police,-1.995497,55.753886,On or near EASTCLIFFE,E01027388,Northumberland 001E,Offender given a caution
7080f05ca0a4142158eaa427e140388db8898aed960ace9655742c16ba6e1dd2,2021-05,Northumbria Police,Northumbria Police,-1.605494,54.989975,On or near LILY AVENUE,E01008369,Newcastle upon Tyne 013B,Suspect charged
d3893197f7106ee8c27c4f359ce36f295428c27a7b07af3d8fc51692b44fa128,2021-05,Northumbria Police,Northumbria Police,-1.479033,54.954578,On or near FELLGATE AVENUE,E01008630,South Tyneside 020D,Investigation complete; no suspect identified
f35226ec48bfd98b4b76610432c86874b8122524c92d58e4e3df6a86711619bc,2021-05,Northumbria Police,Northumbria Police,-1.566870,55.183494,On or near WOODHORN ROAD,E01027528,Northumberland 010A,Investigation complete; no suspect identified
ee5737cd188dd96424ea73481ef6403e94c48589ea772c4b06c9326b6848311a,2021-05,Northumbria Police,Northumbria Police,-1.566870,55.183494,On or near WOODHORN ROAD,E01027528,Northumberland 010A,Investigation complete; no suspect identified
aa32a5bd8017fec17c722236fb7a40a18dd336fd9d8ad81bc6d978eeb31f1510,2021-05,Northumbria Police,Northumbria Police,-1.647899,55.180358,On or near PEGSWOOD PRECINCT,E01027462,Northumberland 011B,Investigation complete; no suspect identified
82cac100fef909178b0e9dbd6feaa55bca6d780c7b3f5ef661e2a125f769b154,2021-05,Northumbria Police,Northumbria Police,-1.518698,55.031385,On or near CLOVERFIELD,E01032647,North Tyneside 011E,Investigation complete; no suspect identified
3563f904445273af1c0d290766528d5ff5b187bdb159a25b30dde69f5ec763ce,2021-05,Northumbria Police,Northumbria Police,-1.600219,54.962504,On or near NUNS LANE,E01008166,Gateshead 027C,Investigation complete; no suspect identified
2eedd08a2891da0e4df72b94f2b9560ae2b9745bc8d88ffc8d8f6993dcfb12ff,2021-05,Northumbria Police,Northumbria Police,-1.509500,55.122298,On or near WILLIAM STREET,E01027431,Northumberland 023C,Investigation complete; no suspect identified
cd65892aebecd6638db4da5e9ea7e8a47d9239307784d63e1f28c1a5c3e51cab,2021-05,Northumbria Police,Northumbria Police,-1.571115,55.178612,On or near CHILLINGHAM CRESCENT,E01027527,Northumberland 012D,Investigation complete; no suspect identified
b2dfd712354df07a8f72d5e079ff5c39dbf3321a364e3899303426a55b7133cf,2021-05,Northumbria Police,Northumbria Police,-1.609797,55.132769,On or near NETHERDALE,E01027522,Northumberland 021E,Investigation complete; no suspect identified
fc7a9635f10ddb6afb68b173764e7c47f7d719ad11ff871fe42e7324d077fc1f,2021-05,Northumbria Police,Northumbria Police,-1.459987,55.031130,On or near A191,E01008555,North Tyneside 009D,Investigation complete; no suspect identified
7e276ed7a3b8d7886f83292d405cec6a0433513e2071cf75a2014dc9ad908779,2021-05,Northumbria Police,Northumbria Police,-1.433396,54.998632,On or near Hospital,E01008667,South Tyneside 002D,Investigation complete; no suspect identified
9c0cc94dbc2b626fa1dc222933e4f5d7c9648582e38dabf50412f6fe494e4835,2021-05,Northumbria Police,Northumbria Police,-1.519803,55.124810,On or near RAILWAY TERRACE,E01027423,Northumberland 024C,Investigation complete; no suspect identified
4e86bfef70c7fd3d4e9e6956c6d85b8bc5df281ac973990942d85718330ed0af,2021-05,Northumbria Police,Northumbria Police,-1.381547,54.905936,On or near FAWCETT STREET,E01008703,Sunderland 013B,Investigation complete; no suspect identified
61d5dea1c79b5881a54c02d105fafd304038c99a6c684d368e3f146e7be79ba8,2021-05,Northumbria Police,Northumbria Police,-1.450198,55.012530,On or near WATERLOO PLACE,E01008529,North Tyneside 022D,Investigation complete; no suspect identified
83bb3fbb0e551555930d84a442634045f694dbde88782c332210c5f723bb4d9a,2021-05,Northumbria Police,Northumbria Police,-1.438182,54.967103,On or near Pedestrian Subway,E01008594,South Tyneside 011D,Investigation complete; no suspect identified
b04eb9528a05feb001d4cfddfacbd0222149786ad5e0051fe709d312845fcaf8,2021-05,Northumbria Police,Northumbria Police,-1.566025,54.976181,On or near BLOUNT STREET,E01008392,Newcastle upon Tyne 026F,Investigation complete; no suspect identified
566585a192493d5cf58941c108ca848e9fa82af161ffdb2f5e2676a9a5bd5028,2021-05,Northumbria Police,Northumbria Police,-1.450899,54.823558,On or near EDWARD STREET,E01008719,Sunderland 035B,Investigation complete; no suspect identified
ddde8f01aac9117ad2a9ae654f1d6d052c683fa83dc9a7d28f43b9a544efbcbf,2021-05,Northumbria Police,Northumbria Police,-1.658116,55.147966,On or near A192,E01027448,Northumberland 015B,Investigation complete; no suspect identified
c57c03ad2b3056428c6be791ff40d3efbec717f9912f8c73821c2dc05da608c9,2021-05,Northumbria Police,Northumbria Police,-1.432350,54.907640,On or near FLAX SQUARE,E01033076,Sunderland 012F,Investigation complete; no suspect identified
cc706d2a44eaa428b5650a82876e38818b862fbb34d667b81e479fd451e92cf0,2021-05,Northumbria Police,Northumbria Police,-1.573817,54.985393,On or near CLEGHORN STREET,E01008361,Newcastle upon Tyne 018D,Investigation complete; no suspect identified
36e1a119aa037f3b94373a80203341287b705d49716b43cebf0312fa3be9dd31,2021-05,Northumbria Police,Northumbria Police,-1.565043,54.957154,On or near BREWERY LANE,E01008215,Gateshead 003B,Investigation complete; no suspect identified
a4ba3d5145b7f41025f94d5da74c6de89ffc666122260779d381a9687f545bfa,2021-05,Northumbria Police,Northumbria Police,-1.447484,55.008618,On or near Supermarket,E01008524,North Tyneside 022B,Suspect charged
f71a3a17055326362e6a9ade16671500a77707cdae5f14401d033f1d33b16e7b,2021-05,Northumbria Police,Northumbria Police,-1.572702,54.977023,On or near UNION ROAD,E01008392,Newcastle upon Tyne 026F,Investigation complete; no suspect identified
98c0ef36e879400e11fce140a6e70efbaafd5a7d15e37c6cc22f378acccdfdfd,2021-05,Northumbria Police,Northumbria Police,-1.685369,55.008216,On or near EASTGARTH,E01008459,Newcastle upon Tyne 004E,Investigation complete; no suspect identified
fe4733590afd40abdf606d7d0854df1e87be0228edfccaddd37e5b7edb4504e7,2021-05,Northumbria Police,Northumbria Police,-1.478787,55.007426,On or near NORHAM ROAD,E01008481,North Tyneside 023A,Investigation complete; no suspect identified
0fb6f9339ba62bd0d68d228d0d4f01c5820d7fc07cd012bf37fa02aa1aa131af,2021-05,Northumbria Police,Northumbria Police,-1.552514,55.062984,On or near MAIN STREET NORTH,E01027435,Northumberland 032D,Investigation complete; no suspect identified
356f1cf7e02c8387d29340497ff270861256bfaf460e180b9174011d591157f0,2021-05,Northumbria Police,Northumbria Police,-1.572702,54.977023,On or near UNION ROAD,E01008392,Newcastle upon Tyne 026F,Investigation complete; no suspect identified
2dead1eb4882cdc7942a2556fc4781ff005db960db3794b60a045b9aa3f7760d,2021-05,Northumbria Police,Northumbria Police,-1.554117,55.025760,On or near GREAT LIME ROAD,E01008500,North Tyneside 012A,Investigation complete; no suspect identified
8d018083399107a9766f445561bd4b9c6586071dd66582628e4f0247965e058d,2021-05,Northumbria Police,Northumbria Police,-1.419540,54.990353,On or near ST VINCENT STREET,E01008675,South Tyneside 003B,Investigation complete; no suspect identified
814566debe3e682daaf0f0bb5d4ad012570efeb0d2151210881f19a705b4cba6,2021-05,Northumbria Police,Northumbria Police,-1.648016,54.954555,On or near DUNSTON ROAD,E01008209,Gateshead 007A,Offender given a caution
1c6117e382600d18beb533e1a52dd55e2fcd3d13778b47a3576206f89f90b722,2021-05,Northumbria Police,Northumbria Police,-1.460246,55.050272,On or near SHAFTESBURY AVENUE,E01008523,North Tyneside 003B,Investigation complete; no suspect identified
9c723db20f978114f48c617b6c200b777ba09ef155d55cd0e1af5f1b38b4740f,2021-05,Northumbria Police,Northumbria Police,-1.662424,54.983029,On or near LONNEN AVENUE,E01008346,Newcastle upon Tyne 019D,Suspect charged
7a26631b6df2ae7e16b1a37d04701a6bf45fa628e0c878fec9b26869589a1eb1,2021-05,Northumbria Police,Northumbria Police,-1.413322,54.963418,On or near Petrol Station,E01008622,South Tyneside 013A,Investigation complete; no suspect identified
849348dc54b9d2711d58b52563dda804e161764a268697dfe6260c6bacedfa90,2021-05,Northumbria Police,Northumbria Police,-1.447441,55.042433,On or near Supermarket,E01008585,North Tyneside 006B,Investigation complete; no suspect identified
9cc757b53224cd3c75077dcb86baa83912bea5db527e54a13b284bd0e72879e5,2021-05,Northumbria Police,Northumbria Police,-1.611628,54.951937,On or near GOSCHEN STREET,E01008171,Gateshead 008D,Investigation complete; no suspect identified
7ef19318b3e5a0be4d2bfa16a95022b2d858ce3a7a65c90188c3562104efabd8,2021-05,Northumbria Police,Northumbria Police,-1.688927,54.999059,On or near Supermarket,E01008445,Newcastle upon Tyne 031D,Investigation complete; no suspect identified
8a5c35d5eba63e2ce700564d23afebbef1125a278c0731a4d03ee9571b8b0173,2021-05,Northumbria Police,Northumbria Police,-1.440537,54.888609,On or near GLENEAGLES ROAD,E01008732,Sunderland 021D,Offender given a caution
8a5c35d5eba63e2ce700564d23afebbef1125a278c0731a4d03ee9571b8b0173,2021-05,Northumbria Police,Northumbria Police,-1.440537,54.888609,On or near GLENEAGLES ROAD,E01008732,Sunderland 021D,Offender given a caution
978b47a36887ae3f28d17532d609756c5a62b614e62af7d896435598a471a056,2021-05,Northumbria Police,Northumbria Police,-1.698603,55.001096,On or near WESTWARD COURT,E01008441,Newcastle upon Tyne 031A,Investigation complete; no suspect identified
5c19667f86f6e2e108746f090fbc29ca0f0bc54fa9240546dc712e888f2060f1,2021-05,Northumbria Police,Northumbria Police,-1.514239,55.131042,On or near KERRY CLOSE,E01027416,Northumberland 022C,Investigation complete; no suspect identified
dd122f175900f1f14229db2fbb4b25a5e33ce3259906ca29eadb29a1136efbe9,2021-05,Northumbria Police,Northumbria Police,-1.608141,54.955665,On or near COATSWORTH ROAD,E01008169,Gateshead 008B,Investigation complete; no suspect identified
5c9cabb7367d5c1603b772767644ec9656e9b8db4acf1fd8f769000a0456730e,2021-05,Northumbria Police,Northumbria Police,-1.405548,54.918709,On or near Police Station,E01033075,Sunderland 005G,Investigation complete; no suspect identified
94f29e60dfa791afced4cec73fd24079a40a104535c38ae6027863360d744df0,2021-05,Northumbria Police,Northumbria Police,-1.509941,54.996430,On or near PRIORS WAY,E01008571,North Tyneside 028D,Investigation complete; no suspect identified
5e941fb31d84408139171cb11ea10227a3027a1f46dd0bee99761368670f5c6b,2021-05,Northumbria Police,Northumbria Police,-1.608141,54.955665,On or near COATSWORTH ROAD,E01008169,Gateshead 008B,Investigation complete; no suspect identified
f9961ff58d3cbb96e01477b75a587dae58e6f811666144229575510f8bf8cd70,2021-05,Northumbria Police,Northumbria Police,-1.608141,54.955665,On or near COATSWORTH ROAD,E01008169,Gateshead 008B,Investigation complete; no suspect identified
947be325a43f29a72b44578691cf193ba5171d34a410fe264b08b0e9afc0ebfc,2021-05,Northumbria Police,Northumbria Police,-1.595947,54.941498,On or near DRYDEN ROAD,E01008237,Gateshead 016D,Investigation complete; no suspect identified
bb4eb6e81088e35ba8d912610480001cb9f18d70c446410120d09f1ede404555,2021-05,Northumbria Police,Northumbria Police,-1.445007,54.927505,On or near KIDDERMINSTER ROAD,E01008841,Sunderland 003F,Investigation complete; no suspect identified
f7bd88fc2f7e5dae499da1637eb2884a1970085f230e8d3983fc4adf1f55cc88,2021-05,Northumbria Police,Northumbria Police,-1.577996,54.947458,On or near BALMORAL WAY,E01008202,Gateshead 011C,Investigation complete; no suspect identified
ca0f3f49ccb3e7b80d1bfe35d0ae0f99d620d37a2e124ccf6cf5f64ba2ca0036,2021-05,Northumbria Police,Northumbria Police,-1.446054,55.014812,On or near TREVOR TERRACE,E01008527,North Tyneside 017B,Investigation complete; no suspect identified
e4c241e2c85475b128046c727f6547332b4421aab80a5ad617c436e1d38f3a08,2021-05,Northumbria Police,Northumbria Police,-1.570388,55.013822,On or near SANDRINGHAM AVENUE,E01008473,North Tyneside 018C,Investigation complete; no suspect identified
0039a85f693d4e6cc72fcce0307db023b3e7447383b0b1fdef863b2876ae5c06,2021-05,Northumbria Police,Northumbria Police,-1.587927,55.015985,On or near KINGFISHER ROAD,E01008514,North Tyneside 019D,Investigation complete; no suspect identified
0cf87a09f5acf8b8b0263d8fe77196bfecff15a7d513c6641c37a86f883f6259,2021-05,Northumbria Police,Northumbria Police,-1.372293,54.909268,On or near LOW STREET,E01008703,Sunderland 013B,Investigation complete; no suspect identified
c6c1247cd731d716cfe15f7901d2c0dc317c92578fa58b7fbfd035819df55431,2021-05,Northumbria Police,Northumbria Police,-1.608318,54.988842,On or near TANKERVILLE TERRACE,E01008369,Newcastle upon Tyne 013B,Investigation complete; no suspect identified
87952aa4979882781ba1ffb22fc928f545f6fa87ac07b7383834131d0bbcc47b,2021-05,Northumbria Police,Northumbria Police,-1.606330,55.003573,On or near DENE VIEW,E01008422,Newcastle upon Tyne 005E,Investigation complete; no suspect identified
81e04b135b6e8f4f34a8990380ece2affbd42fc3d56a1a744f6947df0efb150f,2021-05,Northumbria Police,Northumbria Police,-1.646486,54.977708,On or near WINGROVE AVENUE,E01008449,Newcastle upon Tyne 022D,Investigation complete; no suspect identified
3da7db2d493fe30fa2d239d553b1f36ab79d12e467dc062a0e38049e2eea86cd,2021-05,Northumbria Police,Northumbria Police,-1.643921,54.951524,On or near DIXON PLACE,E01008211,Gateshead 013D,Investigation complete; no suspect identified
b811ea5998afabfed93f9f300fd7c05c643c31d2908920a33786466f6467076d,2021-05,Northumbria Police,Northumbria Police,-1.435692,54.927399,On or near RAMILLIES SQUARE,E01008839,Sunderland 003D,Investigation complete; no suspect identified
8f04bc2a9f6b780aa9bc0e61293fc126c54fbc711e78d9f7e2b80e1070ec5cf3,2021-05,Northumbria Police,Northumbria Police,-1.968902,54.947296,On or near UNDERWOOD ROAD,E01027504,Northumberland 039C,Investigation complete; no suspect identified
347aec7ed4e198cef13c925212214ef245e4308f047d758503c74e51d18c6932,2021-05,Northumbria Police,Northumbria Police,-1.437702,54.998095,On or near Shopping Area,E01008667,South Tyneside 002D,Suspect charged
a5c81b03d8eff3d12656fa1280123a703729153ca3970ab3bf849e62a0ab568c,2021-05,Northumbria Police,Northumbria Police,-1.412350,54.994731,On or near BENTS PARK ROAD,E01008597,South Tyneside 001C,Investigation complete; no suspect identified
6d341fb58c680739b7aebca789c07017ea05cb073bbf9a282fc535e40a83f6c8,2021-05,Northumbria Police,Northumbria Police,-1.604954,54.992489,On or near ACORN ROAD,E01008372,Newcastle upon Tyne 013D,Investigation complete; no suspect identified
03a36168d8e49f96f4115bf60873c54de551999fa863c6529e0ed14e55577190,2021-05,Northumbria Police,Northumbria Police,-1.607346,54.992398,On or near THORNLEIGH ROAD,E01008373,Newcastle upon Tyne 013E,Investigation complete; no suspect identified
cdd5c7d48dd74a12ca220953f07276525a4495ee003e57435b17dd2cdb8efcaf,2021-05,Northumbria Police,Northumbria Police,-1.660731,54.976230,On or near SPRINGHILL GARDENS,E01008334,Newcastle upon Tyne 029D,Investigation complete; no suspect identified
37eec1826afbe48ac2ac224d99914c8f0744c88e02ca7f4a8f9cac3df63a83a9,2021-05,Northumbria Police,Northumbria Police,-1.531682,54.991187,On or near CHESTNUT STREET,E01008573,North Tyneside 029B,Investigation complete; no suspect identified
1de546542e59b111f6f8a0c016cac859ba200f8eadaa9cb1efcd04516e8c324e,2021-05,Northumbria Police,Northumbria Police,-1.693782,54.983480,On or near THE FORUM,E01008416,Newcastle upon Tyne 025C,Investigation complete; no suspect identified
4a35a1b2c81e7583cf5648451b4bef3f883c6d829d2993ac28381d455c51327d,2021-05,Northumbria Police,Northumbria Police,-1.544097,54.972794,On or near WHITWORTH PLACE,E01008425,Newcastle upon Tyne 030B,Investigation complete; no suspect identified
e760f3d4b1efbd995872918c606e297d862eb2b5c15b4ba08e1d30e71d3ee759,2021-05,Northumbria Police,Northumbria Police,-1.677556,54.962779,On or near RIVERSIDE WAY,E01008262,Gateshead 009A,Investigation complete; no suspect identified
3b5b5500e0af7c08523e789e9d9cccca90b4533420517f922a6b9b2ee0299637,2021-05,Northumbria Police,Northumbria Police,-1.368458,54.899156,On or near NOBLE TERRACE,E01008736,Sunderland 016C,Investigation complete; no suspect identified
f93ee55b0abea16756d6e2644b3194842f8e8ebf689f40824f7dccd492dee79d,2021-05,Northumbria Police,Northumbria Police,-1.533951,54.880268,On or near EAST AVENUE,E01008865,Sunderland 025F,Investigation complete; no suspect identified
82e3ded3a7bbea4b73c23102ba9332aace09a5496faf84733c7d0256fcafe8c9,2021-05,Northumbria Police,Northumbria Police,-1.556356,55.170004,On or near Petrol Station,E01027532,Northumberland 014A,Investigation complete; no suspect identified
29334e26c8abe830d512581503f61a915f765e4568da818ed902845206b8d891,2021-05,Northumbria Police,Northumbria Police,-1.710231,54.981921,On or near HONISTER CLOSE,E01008382,Newcastle upon Tyne 021B,Offender given a drugs possession warning
8374f4ec64d8b14faf8d6fd009c21877e886fbfcddaa4ff5349af7434a75818e,2021-05,Northumbria Police,Northumbria Police,-1.677556,54.962779,On or near RIVERSIDE WAY,E01008262,Gateshead 009A,Offender given a caution
87abc73236b42b8b291a2158a9b46cfa57647cd0fb5a600e5703da732e0c6ab7,2021-05,Northumbria Police,Northumbria Police,-1.438066,55.039164,On or near ALMA PLACE,E01008588,North Tyneside 006D,Investigation complete; no suspect identified
171fef3ba8680d7ebffc886190c4dd0f81ad0fddf5f26eafa4fcd5fa757fb0be,2021-05,Northumbria Police,Northumbria Police,-1.514702,54.908760,On or near INDUSTRIAL ROAD,E01008853,Sunderland 009A,Investigation complete; no suspect identified
20f9ba5492801242a0bf304d1eed8be67b5f10fc55d25b6003d28deffdfc194d,2021-05,Northumbria Police,Northumbria Police,-1.580788,54.940180,On or near Parking Area,E01008219,Gateshead 016A,Suspect charged
3ecac442bca14e005e33c2148eb945b41fb131cc745a55200d38fac7eb58e1dd,2021-05,Northumbria Police,Northumbria Police,-1.463720,55.012815,On or near TUDOR AVENUE,E01008530,North Tyneside 020D,Investigation complete; no suspect identified
b6f8ad0668bc7198c7817f53ba16e447bb2f1a2f19291ef27b9a2d818a6f47a1,2021-05,Northumbria Police,Northumbria Police,-1.473171,55.012407,On or near FALSTAFF ROAD,E01008492,North Tyneside 023E,Investigation complete; no suspect identified
635228e626f671b47860e0c7cb4d5e8aaaa86c937de97e4bdeec2a41fab98630,2021-05,Northumbria Police,Northumbria Police,-1.668851,54.990074,On or near STAMFORDHAM ROAD,E01008297,Newcastle upon Tyne 011B,Investigation complete; no suspect identified
78e97c3b274c29a4fb7fc625764cd143002750a40ae1fa1493777467de1d4aad,2021-05,Northumbria Police,Northumbria Police,-1.665965,54.957446,On or near Parking Area,E01008262,Gateshead 009A,Investigation complete; no suspect identified
6cf8c82879c42c89a6fa76b47b981f4c35dd8c0a4fbf6ad5c38b660f76602e42,2021-05,Northumbria Police,Northumbria Police,-1.642293,54.973032,On or near LYNNWOOD TERRACE,E01008331,Newcastle upon Tyne 029A,Investigation complete; no suspect identified
59bc24be75fabbcafd9f290d7f0fd984905d84821620f829f1863ae1412f10c9,2021-05,Northumbria Police,Northumbria Police,-1.704101,55.237397,On or near A1,E01027450,Northumberland 015C,Investigation complete; no suspect identified
b73f7eddc5a7ad6dfbfb9c76f34184e517bfdc8ee53bcbfe103a0d4237fe4396,2021-05,Northumbria Police,Northumbria Police,-1.580788,54.940180,On or near Parking Area,E01008219,Gateshead 016A,Suspect charged
68b6f7467d9afbbd6a4a695b7d85a3a94d8ce0e28cc50a399c4b252bf4006d50,2021-05,Northumbria Police,Northumbria Police,-1.580788,54.940180,On or near Parking Area,E01008219,Gateshead 016A,Suspect charged
c919dc3707bcba89711ff5101fcdcc027fa99fe6e05f22214b70616cce8c5948,2021-05,Northumbria Police,Northumbria Police,-1.587749,55.330135,On or near CENTRAL AVENUE,E01027364,Northumberland 006D,Investigation complete; no suspect identified
f91af549e1ec36ad5a1e3c156e03a5a9c44f77f8949d96089210fa82c03d6d4f,2021-05,Northumbria Police,Northumbria Police,-1.384668,54.905790,On or near Shopping Area,E01008703,Sunderland 013B,Investigation complete; no suspect identified
f768a12cad46d9dd2cc9b1056b7cbeda2fdafc109614940a74f0845482aff999,2021-05,Northumbria Police,Northumbria Police,-1.584829,55.332021,On or near WELLWOOD STREET,E01027361,Northumberland 006A,Investigation complete; no suspect identified
8080e603cd6c00a6e51bbbe9be15927a74373e511d2ac6c3fe55f2a1adf10005,2021-05,Northumbria Police,Northumbria Police,-1.464360,54.995321,On or near Shopping Area,E01008541,North Tyneside 027C,Investigation complete; no suspect identified
3adb11bb2569e9978469494a6620b7f9b2dade0c549ca990faf4872a54a9a072,2021-05,Northumbria Police,Northumbria Police,-1.426125,54.988893,On or near EAST MOFFETT STREET,E01008668,South Tyneside 002E,Investigation complete; no suspect identified
2064c278719fd9597704eac8acc74182ba75dbee24cd7bfc941dd42a27044ed1,2021-05,Northumbria Police,Northumbria Police,-1.606159,55.013044,On or near WOODLEA GARDENS,E01008351,Newcastle upon Tyne 005A,Investigation complete; no suspect identified
ba64a6c3c3f18cf1df1f4260d5ba727dbc2d715a743f8da94da28dbf0b9cf712,2021-05,Northumbria Police,Northumbria Police,-1.583995,55.331973,On or near KING EDWARD STREET,E01027361,Northumberland 006A,Investigation complete; no suspect identified
7c71ddf48bb82a80c083b72982b39e2334e3ed75918d33fa56850b05c341c80d,2021-05,Northumbria Police,Northumbria Police,-1.585625,55.010173,On or near LUTTERWORTH ROAD,E01032650,North Tyneside 019G,Investigation complete; no suspect identified
8ac60f6fc4ffed455de8b4bfd820e6ab7bac7f646662bc272201f4683d3caaef,2021-05,Northumbria Police,Northumbria Police,-1.408584,54.922309,On or near THE POPLARS,E01008820,Sunderland 005F,Investigation complete; no suspect identified
8ac60f6fc4ffed455de8b4bfd820e6ab7bac7f646662bc272201f4683d3caaef,2021-05,Northumbria Police,Northumbria Police,-1.408584,54.922309,On or near THE POPLARS,E01008820,Sunderland 005F,Investigation complete; no suspect identified
8ac60f6fc4ffed455de8b4bfd820e6ab7bac7f646662bc272201f4683d3caaef,2021-05,Northumbria Police,Northumbria Police,-1.408584,54.922309,On or near THE POPLARS,E01008820,Sunderland 005F,Investigation complete; no suspect identified
8ac60f6fc4ffed455de8b4bfd820e6ab7bac7f646662bc272201f4683d3caaef,2021-05,Northumbria Police,Northumbria Police,-1.408584,54.922309,On or near THE POPLARS,E01008820,Sunderland 005F,Investigation complete; no suspect identified
30ff3315eb2a9ba5decdab8e8373cfa6a893e83d7c7a2a4dbdf21b94c4438e15,2021-05,Northumbria Police,Northumbria Police,-1.391179,54.908420,On or near Parking Area,E01008700,Sunderland 013A,Investigation complete; no suspect identified
a8a6ad09b59f67081355beb8db6397397311e99bf16ffca8809b9261e018c75f,2021-05,Northumbria Police,Northumbria Police,-1.578152,55.179876,On or near PARK ROAD,E01027524,Northumberland 012A,Investigation complete; no suspect identified
2954828970a561e030ec0d58c483feda4edd5340cb7c699abb9b1ee503358360,2021-05,Northumbria Police,Northumbria Police,-1.587749,55.330135,On or near CENTRAL AVENUE,E01027364,Northumberland 006D,Investigation complete; no suspect identified
20b4c574fc16944d8ff714ecd6e31d87ae3a3199596ce19d87fc750b19c4d3a8,2021-05,Northumbria Police,Northumbria Police,-1.557861,55.175905,On or near SIXTH AVENUE,E01027545,Northumberland 010D,Investigation complete; no suspect identified
9e280bda373910ed4cc5d897e24c5a1b60bad7c962297f39a5c6658f5eae4540,2021-05,Northumbria Police,Northumbria Police,-1.510855,55.027993,On or near Hospital,E01008570,North Tyneside 011D,Investigation complete; no suspect identified
bb32ee5c4ef78a20591788c080394ec64bcfe62b37e225a495a7267025ff5fbb,2021-05,Northumbria Police,Northumbria Police,-1.578152,55.179876,On or near PARK ROAD,E01027524,Northumberland 012A,Investigation complete; no suspect identified
503489b74c9a7fe6b95ce3199cc1a70fd440b4fb87f51e5b34528906514199e3,2021-05,Northumbria Police,Northumbria Police,-1.606927,54.923247,On or near ELEVENTH AVENUE,E01008259,Gateshead 007D,Investigation complete; no suspect identified
16b74458309962ddf31fbf341ba357bb855fe874a5c88ba0bf59c7d830ddd6c2,2021-05,Northumbria Police,Northumbria Police,-1.601772,55.292962,On or near DRURIDGE AVENUE,E01027444,Northumberland 008B,Investigation complete; no suspect identified
d1e88da3ba96a5e62c4f47b6eca7c4d00096dc80494d479f37851cbb1e4f3ced,2021-05,Northumbria Police,Northumbria Police,-1.423342,54.999906,On or near SEAFIELD TERRACE,E01008597,South Tyneside 001C,Investigation complete; no suspect identified
d34838d86a9c8fa090ea25c1cbb1ac0c3ba51d73131b500a9a9d17656bb1cee9,2021-05,Northumbria Police,Northumbria Police,-1.423605,54.881098,On or near NORTH MOOR LANE,E01008776,Sunderland 026B,Investigation complete; no suspect identified
5798fb990bd7c7c17f2aa0a9a4f326eae0b464c72cc0ded25822c31b762cf320,2021-05,Northumbria Police,Northumbria Police,-1.603271,54.979220,On or near GLADSTONE PLACE,E01008407,Newcastle upon Tyne 023B,Offender given a caution
0199fc691cf59f116abb7ff61ab4fac4b72186244a2ebae95577ca9f6efdf093,2021-05,Northumbria Police,Northumbria Police,-1.587341,54.922176,On or near IVANHOE VIEW,E01008190,Gateshead 023B,Investigation complete; no suspect identified
0199fc691cf59f116abb7ff61ab4fac4b72186244a2ebae95577ca9f6efdf093,2021-05,Northumbria Police,Northumbria Police,-1.587341,54.922176,On or near IVANHOE VIEW,E01008190,Gateshead 023B,Investigation complete; no suspect identified
0199fc691cf59f116abb7ff61ab4fac4b72186244a2ebae95577ca9f6efdf093,2021-05,Northumbria Police,Northumbria Police,-1.587341,54.922176,On or near IVANHOE VIEW,E01008190,Gateshead 023B,Suspect charged
0199fc691cf59f116abb7ff61ab4fac4b72186244a2ebae95577ca9f6efdf093,2021-05,Northumbria Police,Northumbria Police,-1.587341,54.922176,On or near IVANHOE VIEW,E01008190,Gateshead 023B,Investigation complete; no suspect identified
0751b822d45d3d25095fc95172aeb0342a0f97e4a014e110c1c877036d8e5157,2021-05,Northumbria Police,Northumbria Police,-1.605905,54.992717,On or near Supermarket,E01008372,Newcastle upon Tyne 013D,Investigation complete; no suspect identified
566f1f2d45c3244ca2b5c6f59df30b0d5c52b54202b5fad3302991f4aea8a4a6,2021-05,Northumbria Police,Northumbria Police,-1.620304,54.967349,On or near Nightclub,E01033545,Newcastle upon Tyne 024H,Investigation complete; no suspect identified
29857066f3245486512919276e5c05c37e4aa019c418877ec8cb9fb13a119fde,2021-05,Northumbria Police,Northumbria Police,-1.641060,54.972930,On or near Supermarket,E01008331,Newcastle upon Tyne 029A,Investigation complete; no suspect identified
a019b2b33f9d5cae807a7b0f7fa26db0ced2171b797432b436e20479bd3722f1,2021-05,Northumbria Police,Northumbria Police,-1.597964,54.955209,On or near Petrol Station,E01008163,Gateshead 028A,Investigation complete; no suspect identified
a019b2b33f9d5cae807a7b0f7fa26db0ced2171b797432b436e20479bd3722f1,2021-05,Northumbria Police,Northumbria Police,-1.597964,54.955209,On or near Petrol Station,E01008163,Gateshead 028A,Investigation complete; no suspect identified
03cf54a724e5e0bf99f058a011a43462e35b4cbafbd9e2ea6178e8631732bcde,2021-05,Northumbria Police,Northumbria Police,-1.572927,55.138361,On or near Petrol Station,E01027517,Northumberland 020B,Investigation complete; no suspect identified
b3ea61f876104e2a9561c3d5d393883d32c26d6185434bc3326d7d48a106a529,2021-05,Northumbria Police,Northumbria Police,-1.565587,54.926962,On or near SEABURN GARDENS,E01008218,Gateshead 021A,Investigation complete; no suspect identified
cf9d39a037b0effef580ff3dddf5c77f8a69c29422822e4f3833ef8b85a561b4,2021-05,Northumbria Police,Northumbria Police,-1.548354,55.182106,On or near FALDO DRIVE,E01027549,Northumberland 013E,Investigation complete; no suspect identified
9a7c242ceac6067ccae83a58e650d62de4c64909f540567d32540764bd2076ea,2021-05,Northumbria Police,Northumbria Police,-1.440092,54.930843,On or near KENYA ROAD,E01008839,Sunderland 003D,Investigation complete; no suspect identified
c6408e744bed5af898acc0d08f22c165330fbb5efa7d3b008ad9c4457b8bfa7a,2021-05,Northumbria Police,Northumbria Police,-1.528374,54.899990,On or near TALLEY COURT,E01008849,Sunderland 019D,Investigation complete; no suspect identified
9ff41c36fb8e91715e563e34730b99b3d5e7d7eb865df45db9b863e9fed51e4c,2021-05,Northumbria Police,Northumbria Police,-1.407365,54.972385,On or near Supermarket,E01008634,South Tyneside 008B,Suspect charged
3db25cb61efd9359fe82d674c401083a5ff644bdae537aa82106def797fd270b,2021-05,Northumbria Police,Northumbria Police,-1.403189,54.901003,On or near WOLSELEY TERRACE,E01008832,Sunderland 018C,Investigation complete; no suspect identified
cd3fb30a2b95334d0a4387e33fd8f81b55a1922b3882d6513e52153ac55c95b6,2021-05,Northumbria Police,Northumbria Police,-1.646830,54.966971,On or near JAMES STREET,E01008437,Newcastle upon Tyne 029F,Investigation complete; no suspect identified
afb17c2e26b7381da31b45304f44925252d92b614dadd34aa3c660954654566b,2021-05,Northumbria Police,Northumbria Police,-1.564955,55.173252,On or near DILSTON DRIVE,E01027537,Northumberland 014B,Investigation complete; no suspect identified
3817837b5304c3d0ad8a026aee8eb1171720ae6a0bba92f1f66cf7fc7d24c880,2021-05,Northumbria Police,Northumbria Police,-1.846675,54.960198,On or near CAMERON ROAD,E01027500,Northumberland 038D,Investigation complete; no suspect identified
03ccdc51b5562916e58b750b0de2f0b679e29fe29bdd8cba00c971630e821cf6,2021-05,Northumbria Police,Northumbria Police,-1.672910,54.969389,On or near FOREST ROAD,E01008290,Newcastle upon Tyne 027C,Investigation complete; no suspect identified
378ce7daaad30646d65f58627715f0682a87cddf2b21cf582e59ede6725d5c47,2021-05,Northumbria Police,Northumbria Police,-1.661608,54.979782,On or near MAGNOLIA CLOSE,E01008348,Newcastle upon Tyne 019F,Investigation complete; no suspect identified
dae6b35828568b920d8c66e10b88d5ab4496ea0f28965a92b739eccdf3980878,2021-05,Northumbria Police,Northumbria Police,-1.563452,55.036209,On or near STRATFORD CLOSE,E01008505,North Tyneside 012B,Investigation complete; no suspect identified
0f33fb7a105e8ab04df93dea148578450821e6cea168773b3564840274cee4ab,2021-05,Northumbria Police,Northumbria Police,-1.605420,55.132908,On or near RIDGE TERRACE,E01027523,Northumberland 021F,Investigation complete; no suspect identified
4d21c8acbc827d93abca10fb521728f6e2e3f5dda2f1840724cdf299a39cd8b7,2021-05,Northumbria Police,Northumbria Police,-1.624266,54.967919,On or near BLANDFORD STREET,E01033545,Newcastle upon Tyne 024H,Investigation complete; no suspect identified
051c3f6a4fa0fe4521bcb66014cc1517afa53ca56d83da1b0928ed5c544797f5,2021-05,Northumbria Police,Northumbria Police,-1.561745,55.126630,On or near FRONT STREET,E01027425,Northumberland 025A,Offender given a caution
ed8fe88ee510302e56bef3ebf868d1abe6ac2fc0c0a5d7d57e0fb3afa2ea9bc0,2021-05,Northumbria Police,Northumbria Police,-1.644599,54.948902,On or near Supermarket,E01008211,Gateshead 013D,Investigation complete; no suspect identified
81e787d6826dc7048349cac62c55d9df3fb6536745b67a96f8bda36b3a02dbaf,2021-05,Northumbria Police,Northumbria Police,-1.436138,54.998159,On or near Shopping Area,E01008667,South Tyneside 002D,Investigation complete; no suspect identified
7baebe94e197ac68db764f3fe6adc99f86b561cb33a1a9f84547b2f6c22d5195,2021-05,Northumbria Police,Northumbria Police,-1.711863,55.035518,On or near PRESTWICK TERRACE,E01008458,Newcastle upon Tyne 004D,Investigation complete; no suspect identified
52cc9fb0ea5860d21d743af12c3d83a4ea3cffbe38df828c079622df8f4c8fa5,2021-05,Northumbria Police,Northumbria Police,-1.544536,54.990588,On or near ST AIDAN'S ROAD,E01008535,North Tyneside 030B,Investigation complete; no suspect identified
47f59a09d003ae888c0396fc1525dbd52d47a38bacb137a4050238f2f3f39c23,2021-05,Northumbria Police,Northumbria Police,-1.642551,54.970445,On or near HULL STREET,E01008331,Newcastle upon Tyne 029A,Offender given a caution
ffb9c57dcface2a39b5cab5901450054cf9c5b3cac0829216db237c05f4e6585,2021-05,Northumbria Police,Northumbria Police,-1.391310,54.917273,On or near KEIR HARDIE WAY,E01008711,Sunderland 005D,Investigation complete; no suspect identified
ecafa6a07eb444e10db343ccfdb6bfa4f94ee8fee655d1b2e654292d0bd1eff0,2021-05,Northumbria Police,Northumbria Police,-1.446247,55.042796,On or near Further/Higher Educational Building,E01008584,North Tyneside 006A,Investigation complete; no suspect identified
37ed3d8df364e677211e58d306b8fc75893e571ae72565bd0e53875b79f5f1ad,2021-05,Northumbria Police,Northumbria Police,-1.587066,54.984072,On or near Park/Open Space,E01008410,Newcastle upon Tyne 023D,Investigation complete; no suspect identified
90aeaf020c67661a4f9658b87181058438d34e5306c12a55dd90f86678fe2160,2021-05,Northumbria Police,Northumbria Police,-1.583723,55.333832,On or near QUEEN STREET,E01027361,Northumberland 006A,Investigation complete; no suspect identified
c8defd93a62f366485f74870e3ecc1c9de3e9d83bfca6400a8614dad5ae054b4,2021-05,Northumbria Police,Northumbria Police,-1.509795,55.121229,On or near CORONATION STREET,E01027429,Northumberland 024D,Investigation complete; no suspect identified
e02309a9600ae04637e757f52a57a869b13a889ed8cbfa9f0c9804cd5ae0e4c4,2021-05,Northumbria Police,Northumbria Police,-1.684711,55.002409,On or near KIDLANDLEE GREEN,E01008456,Newcastle upon Tyne 004B,Investigation complete; no suspect identified
3abc62d66ab22c66b2af2a4e261c499b90f602eb19917f6463ec13e25caa6db4,2021-05,Northumbria Police,Northumbria Police,-1.380059,54.976364,On or near GROTTO ROAD,E01008684,South Tyneside 018B,Investigation complete; no suspect identified
edc26ee65779db8120527b85917c02f76baa165fc496a543bff57394d4df60ad,2021-05,Northumbria Police,Northumbria Police,-1.549995,54.934256,On or near RICKGARTH,E01008285,Gateshead 018E,Investigation complete; no suspect identified
f2536eae369ef7e5d5fe7735381d2e1a4c6171575213ae4c1da3867f6fcfa105,2021-05,Northumbria Police,Northumbria Police,-1.387422,54.902075,On or near TUNSTALL TERRACE,E01008831,Sunderland 013D,Investigation complete; no suspect identified
36118e73af642bb310d387c1bdf486e1f879c3583df9945090a6407a20d0f3d6,2021-05,Northumbria Police,Northumbria Police,-1.544536,54.990588,On or near ST AIDAN'S ROAD,E01008535,North Tyneside 030B,Investigation complete; no suspect identified
f16749c66a3fceb67548b57c4e7629251978e23244ff3fb57d9caacac9d40327,2021-05,Northumbria Police,Northumbria Police,-1.543882,55.214852,On or near BOLAND ROAD,E01027451,Northumberland 008E,Investigation complete; no suspect identified
651bd7531921d8cbe493a6ed3b19f8a0884ecb278c67b9329546a3a3b98f9ddb,2021-05,Northumbria Police,Northumbria Police,-1.622615,54.967464,On or near Bus/Coach Station,E01033545,Newcastle upon Tyne 024H,Offender given a drugs possession warning
82d6a6ee111c0730fd2f01d3a809c50ddb48edc0e17e8b65756d845d81a58732,2021-05,Northumbria Police,Northumbria Police,-1.642551,54.970445,On or near HULL STREET,E01008331,Newcastle upon Tyne 029A,Investigation complete; no suspect identified
7b0113bef8ca034e9bcca08f691e884e7d8a5993d942f3a49a28820ae5e4da5f,2021-05,Northumbria Police,Northumbria Police,-1.708650,54.982294,On or near ELDON ROAD,E01008382,Newcastle upon Tyne 021B,Investigation complete; no suspect identified
eae39710638e50c8043ccf1a7c01cb7a62ca2397e011b14881241bd25240ca82,2021-05,Northumbria Police,Northumbria Police,-1.530571,54.992683,On or near CORONATION STREET,E01008573,North Tyneside 029B,Investigation complete; no suspect identified
4c825bd8e955905687b6b423ae64bd40b6205cb25809f5ac3f8a73b92d62ce8c,2021-05,Northumbria Police,Northumbria Police,-1.626652,54.951481,On or near WOOLER CRESCENT,E01008259,Gateshead 007D,Investigation complete; no suspect identified
981f922b567f72befca9a608776f843d467bf683c4593f3b8ae9a45ff023a876,2021-05,Northumbria Police,Northumbria Police,-1.713811,54.981660,On or near HARTSIDE,E01008383,Newcastle upon Tyne 021C,Investigation complete; no suspect identified
e8011931cc58218a1e3a477e9392d6641f3ea26939c2019fb359365825e367b5,2021-05,Northumbria Police,Northumbria Police,-1.419540,54.990353,On or near ST VINCENT STREET,E01008675,South Tyneside 003B,Investigation complete; no suspect identified
c03a7f57899c3284d93bf92c5d836111a0761b6a5209a16596865fb3c7a7aa5c,2021-05,Northumbria Police,Northumbria Police,-1.602496,54.962754,On or near Parking Area,E01008166,Gateshead 027C,Investigation complete; no suspect identified
a167ee71b376bb92e98dd485fa5a3dd17dd6a31ee3f513268d5e448d35620bee,2021-05,Northumbria Police,Northumbria Police,-1.508602,54.998599,On or near GARRETT CLOSE,E01008511,North Tyneside 028A,Investigation complete; no suspect identified
7a331e33106e0ab6b02629ef0b4d1d47bf847f21c00a439fb371d9eadbdc5d3f,2021-05,Northumbria Police,Northumbria Police,-1.387955,54.930744,On or near CONISTON AVENUE,E01008713,Sunderland 001A,Investigation complete; no suspect identified
11f69c3c4be4481388b4a57ed8ace29d224f876a7ddbcb0db8feae351463a953,2021-05,Northumbria Police,Northumbria Police,-1.480269,54.993162,On or near BAIRD AVENUE,E01008540,North Tyneside 027B,Offender given a caution
69f63c449daed49cbd3e8cd0ace439b93f05f666eb7779edebed9d48a9dd454c,2021-05,Northumbria Police,Northumbria Police,-1.476294,54.842074,On or near WALLACE STREET,E01008754,Sunderland 034F,Investigation complete; no suspect identified
180e5f85e795eff9b163b3fd3dfc24179bb6a516428013c5be47cd4956ae650a,2021-05,Northumbria Police,Northumbria Police,-1.717891,54.965817,On or near COCHRAN STREET,E01008177,Gateshead 005A,Investigation complete; no suspect identified
acd6641614131b82e1cf9d213db0ec051177fc47f7e1e0855b85ae92c59887cb,2021-05,Northumbria Police,Northumbria Police,-1.410619,54.922930,On or near ASHWOOD AVENUE,E01008817,Sunderland 004B,Investigation complete; no suspect identified
1ac4a8c9c06ec2eb2ee66b4aff4fd30eb619d45531bccf87289a65d6df37c9ed,2021-05,Northumbria Police,Northumbria Police,-1.381905,54.917126,On or near Shopping Area,E01008787,Sunderland 006B,Suspect charged
438fcd03002c5cf0ac7e67e873e6b31cab06e307ea6cba0761f4468be2351de3,2021-05,Northumbria Police,Northumbria Police,-1.690967,54.983671,On or near TURRET ROAD,E01008416,Newcastle upon Tyne 025C,Investigation complete; no suspect identified
d384a6079132fb24d4325db5e06bddfe2173f1cb77422dfdcc2dadf7e7199f32,2021-05,Northumbria Police,Northumbria Police,-1.530293,55.023190,On or near BEDE CLOSE,E01008501,North Tyneside 018D,Investigation complete; no suspect identified
6c5cea6bc0bbf35a901a5dddb5b5047630dd144e84e0f0a8444708e1bf84a32c,2021-05,Northumbria Police,Northumbria Police,-1.438656,54.882597,On or near TIVERTON SQUARE,E01008823,Sunderland 023A,Investigation complete; no suspect identified
358d714304a35f113d1a49b5ea4227fc7c2555c72fbdf88a9ea5f48f6cf6d172,2021-05,Northumbria Police,Northumbria Police,-1.577226,54.976176,On or near CONYERS ROAD,E01008303,Newcastle upon Tyne 018A,Investigation complete; no suspect identified
38f9c869ecd650578041bd54800686f9a3fb500df8652e154cbb850ac1f31b7a,2021-05,Northumbria Police,Northumbria Police,-1.623455,54.966182,On or near SCOTSWOOD ROAD,E01033545,Newcastle upon Tyne 024H,Suspect charged
024d6300f4ed5aafcfc4a5c3e2da445118a111175aa9df8e2d52aec8e0bb74fe,2021-05,Northumbria Police,Northumbria Police,-1.499545,54.841849,On or near BRITANNIA TERRACE,E01008755,Sunderland 033E,Investigation complete; no suspect identified
5870b9085563827e0671590b77392f2a54b3eeb95669d825de92959c61daadfa,2021-05,Northumbria Police,Northumbria Police,-1.613362,54.953417,On or near OSWALD TERRACE,E01008170,Gateshead 008C,Investigation complete; no suspect identified
5a9a55156c0d7ffb80b05640adb400c68a1056613b2fb595fd4c353ec5e13225,2021-05,Northumbria Police,Northumbria Police,-1.656971,54.968276,On or near MARYHILL CLOSE,E01008291,Newcastle upon Tyne 027D,Investigation complete; no suspect identified
d931279d57a013266a7c831d12c699f37ffd1fb751447686fade9835e061924f,2021-05,Northumbria Police,Northumbria Police,-1.526947,54.912709,On or near Petrol Station,E01008860,Sunderland 009F,Investigation complete; no suspect identified
1c13738bb49d0f56d95ba7e9fb7e6d15ad389e7f288e592a323de51cd9a5bee4,2021-05,Northumbria Police,Northumbria Police,-1.477301,54.996591,On or near ST STEPHEN'S WAY,E01008540,North Tyneside 027B,Investigation complete; no suspect identified
1c13738bb49d0f56d95ba7e9fb7e6d15ad389e7f288e592a323de51cd9a5bee4,2021-05,Northumbria Police,Northumbria Police,-1.477301,54.996591,On or near ST STEPHEN'S WAY,E01008540,North Tyneside 027B,Investigation complete; no suspect identified
cb83111523e3f89a4f4fd0bf5b196bfd66ffd620edfddb9462841dfa74f97fd9,2021-05,Northumbria Police,Northumbria Police,-1.995577,55.756357,On or near Pedestrian Subway,E01027388,Northumberland 001E,Investigation complete; no suspect identified
2ad005bcbd81f134fcd027341c24a896d43ad437fc3934c2a50dbca84b93c46e,2021-05,Northumbria Police,Northumbria Police,-1.433388,54.983688,On or near RAVENSWORTH TERRACE,E01008683,South Tyneside 005D,Investigation complete; no suspect identified
f90b417bf15b6cb115e2859ec6add06a491951c218f463d57c473d76c8deb511,2021-05,Northumbria Police,Northumbria Police,-1.641128,55.003924,On or near Petrol Station,E01008374,Newcastle upon Tyne 008B,Investigation complete; no suspect identified
fd31d96fcc8f30b22ab728ff12f978375abc007f46a48ea8da308875327bb447,2021-05,Northumbria Police,Northumbria Police,-1.672650,54.968813,On or near WOODLAND CRESCENT,E01008290,Newcastle upon Tyne 027C,Suspect charged
5f6014ad3e5505750a67e9fc72e1a3d0909850645b4ec869a404c88f4fa83539,2021-05,Northumbria Police,Northumbria Police,-1.372113,54.895796,On or near CAPULET TERRACE,E01008737,Sunderland 016D,Investigation complete; no suspect identified
fce02e9121e839d5e1901b3fb7a3a3509bfddd2dc2d40e579fc7292a542baf25,2021-05,Northumbria Police,Northumbria Police,-1.689339,55.006375,On or near NEWBIGGIN LANE,E01008457,Newcastle upon Tyne 004C,Investigation complete; no suspect identified
db99119246fd4d7bc1bdce62add281cd5b25babb4d927629f2d3caebbf6f0a43,2021-05,Northumbria Police,Northumbria Police,-1.688516,54.983404,On or near Supermarket,E01008416,Newcastle upon Tyne 025C,Investigation complete; no suspect identified
15028644ea7c0d2fdefbe6524aec19778ddaca9280bcdfb7aaa767b222db3ce1,2021-05,Northumbria Police,Northumbria Police,-1.488524,55.088774,On or near CONWAY GROVE,E01027417,Northumberland 030A,Investigation complete; no suspect identified
db49875522dfa91f5f6ca1d07e32386eca830e498bd260ae97cddee861f8f6eb,2021-05,Northumbria Police,Northumbria Police,-1.585331,54.996297,On or near LYNNHOLM CLOSE,E01008318,Newcastle upon Tyne 012D,Investigation complete; no suspect identified
00ff58da66739f67c2bc7cfe1810793aa5df29685dd6e21cca28859ea437238d,2021-05,Northumbria Police,Northumbria Police,-1.657801,54.946019,On or near MANSION HEIGHTS,E01008208,Gateshead 013C,Investigation complete; no suspect identified
bbcbdda1619058dd2a96c7bceddc4157a5abd9fc84f97a1b453144c89330fc36,2021-05,Northumbria Police,Northumbria Police,-1.547077,55.128536,On or near TEESDALE PLACE,E01027424,Northumberland 022D,Investigation complete; no suspect identified
c04017e75fef93ed24936fc7d64c2be886adb0559742c532719363e6c0e11e2c,2021-05,Northumbria Police,Northumbria Police,-1.571111,55.133592,On or near ELENBEL AVENUE,E01027550,Northumberland 020E,Offender given a caution
54a19d231b04f46a9390c5bbffb5867115616aff732488b43b37c4b6dc499cc4,2021-05,Northumbria Police,Northumbria Police,-1.820101,54.976372,On or near MAIN ROAD,E01027513,Northumberland 036D,Investigation complete; no suspect identified
48bc272983cc7eebf17ce8b70cf07d944139269828231af533dba14befd76f1f,2021-05,Northumbria Police,Northumbria Police,-1.462350,55.003068,On or near WATERVILLE ROAD,E01008545,North Tyneside 027E,Investigation complete; no suspect identified
66567cc13bac8bfd936dc038b1cda4abb3b76212cc84e4ced31ae3a3458bf866,2021-05,Northumbria Police,Northumbria Police,-1.470805,55.004426,On or near WALLSEND ROAD,E01008482,North Tyneside 023B,Suspect charged
cbbbacd58c164924cb248e99eeb7aa46fee8887879751bdc7202a48710bf49ea,2021-05,Northumbria Police,Northumbria Police,-1.424524,55.018881,On or near PRUDHOE TERRACE,E01008560,North Tyneside 016B,Investigation complete; no suspect identified
3cd99b5f99fde772120e69db72f330cb111e7268d489cfc1773051cbdbc536f2,2021-05,Northumbria Police,Northumbria Police,-1.496494,54.960547,On or near MORECAMBE PARADE,E01008658,South Tyneside 015F,Investigation complete; no suspect identified
a9cdaf415cc90eb86647efe3c14daf7ea7d8e35b7c635b0ed48f46fcfd6c846f,2021-05,Northumbria Police,Northumbria Police,-1.435812,55.009157,On or near UNION QUAY,E01008561,North Tyneside 016C,Investigation complete; no suspect identified
d9308f53efc0939f83f48b5f50fb9be57609a4d97a6357e276edf7dea1b9afbf,2021-05,Northumbria Police,Northumbria Police,-1.550689,54.974220,On or near ALLENDALE TERRACE,E01008429,Newcastle upon Tyne 028D,Investigation complete; no suspect identified
d9308f53efc0939f83f48b5f50fb9be57609a4d97a6357e276edf7dea1b9afbf,2021-05,Northumbria Police,Northumbria Police,-1.550689,54.974220,On or near ALLENDALE TERRACE,E01008429,Newcastle upon Tyne 028D,Suspect charged
6727472ef6720be07f7a81551453587547f34512ce31dc2063ee3d9b6a2687ad,2021-05,Northumbria Police,Northumbria Police,-1.489843,54.964132,On or near BEAUFRONT TERRACE,E01008659,South Tyneside 017C,Investigation complete; no suspect identified
cd5e8dc68ea4ff531ba12af88dd7cae1f77a76fd026383dc775c5be9434213ed,2021-05,Northumbria Police,Northumbria Police,-1.583289,54.974543,On or near DALTON STREET,E01008304,Newcastle upon Tyne 026C,Investigation complete; no suspect identified
c0317015bab306491d7c02121a9c3d76170fa1e74d84b9fd324d9da75f57e185,2021-05,Northumbria Police,Northumbria Police,-1.656873,54.976148,On or near WEST ROAD,E01008334,Newcastle upon Tyne 029D,Offender given penalty notice
d02382611446fe3f35863d47b4826255b63ce734c8a992112060b6c1326be300,2021-05,Northumbria Police,Northumbria Police,-1.537782,54.947240,On or near PRIESTLEY GARDENS,E01008240,Gateshead 015B,Investigation complete; no suspect identified
37426a857e3419ac8a3f0a40b214a0d0a065af8d27c675983c4833fe8768d0de,2021-05,Northumbria Police,Northumbria Police,-1.760406,54.976306,On or near VILLAGE EAST,E01008250,Gateshead 001E,Investigation complete; no suspect identified
a2342567f2613d3eefff21f5d391fe5f3234e4913eaf1aef91b6bbc85503b226,2021-05,Northumbria Police,Northumbria Police,-1.418890,54.988876,On or near HORSLEY HILL ROAD,E01008677,South Tyneside 003D,Investigation complete; no suspect identified
80241471378adaccd08fff96bf72b60af866c41d8c53893d3589eb8cb66b6823,2021-05,Northumbria Police,Northumbria Police,-1.614445,54.974044,On or near BLACKETT STREET,E01008397,Newcastle upon Tyne 024C,Investigation complete; no suspect identified
7ece3f4b4fd4e55ec0637bcdf1c9a971d8272ca6be12a6fed5bb0e18949998af,2021-05,Northumbria Police,Northumbria Police,-1.647873,55.013765,On or near BRUNTON GROVE,E01008338,Newcastle upon Tyne 003C,Investigation complete; no suspect identified
286cbe1141c235829b70c85e563ba0873414b0e56d8b5c4874354a08d4df02a1,2021-05,Northumbria Police,Northumbria Police,-1.539165,54.899959,On or near HYLTON COURT,E01008867,Sunderland 020A,Investigation complete; no suspect identified
368bda0f6efd7ef0609950761b15d4314a697f4693a6125bd47a46f5e2d90c0b,2021-05,Northumbria Police,Northumbria Police,-1.576491,55.044594,On or near KIRKLANDS,E01008478,North Tyneside 002A,Investigation complete; no suspect identified
787eca805524d980d3cd14f5ffd477f809e714957e3086f8c6229e55499fb049,2021-05,Northumbria Police,Northumbria Police,-1.539752,54.957959,On or near WOOD TERRACE,E01008243,Gateshead 003C,Investigation complete; no suspect identified
3b1e51e7c1a50db2ef3108010eb67a8f74a06484f7d06793eb6166517d55612c,2021-05,Northumbria Police,Northumbria Police,-1.460975,55.007663,On or near LILBURN STREET,E01008482,North Tyneside 023B,Investigation complete; no suspect identified
d96650405e7f35dd62f063285742e6c4a10b6ab0c29c0746c5aa002225cfa656,2021-05,Northumbria Police,Northumbria Police,-1.638709,54.954618,On or near RAVENSWORTH COURT,E01008210,Gateshead 007B,Investigation complete; no suspect identified
5bcb49c9422253f82cf9d6e2182fbf07b29b51567027666c11a7bf925fd09df1,2021-05,Northumbria Police,Northumbria Police,-1.614002,54.976262,On or near Shopping Area,E01008397,Newcastle upon Tyne 024C,Investigation complete; no suspect identified
4ec0feb0d51a6694ad4aace6730cb936927edfb9e3afeb84b71ea85324c475a7,2021-05,Northumbria Police,Northumbria Police,-1.638626,55.049216,On or near WESTFIELD AVENUE,E01008307,Newcastle upon Tyne 001C,Investigation complete; no suspect identified
434628b56bded5074bb90804319e03108e77082684d5af33753c705462972e51,2021-05,Northumbria Police,Northumbria Police,-1.529458,54.903382,On or near Shopping Area,E01008844,Sunderland 019B,Investigation complete; no suspect identified
da1f7cfdf8c24088014739ad5f608e2e6307c21cef114e6cd493c27b6850e5d7,2021-05,Northumbria Police,Northumbria Police,-1.532469,54.989366,On or near Bus/Coach Station,E01008575,North Tyneside 030E,Investigation complete; no suspect identified
23d384045e2d5ca2fc3db66010ff10fb4c8fb5424720d9745d6ad811c049eaf1,2021-05,Northumbria Police,Northumbria Police,-1.610716,55.085083,On or near EASTBOURNE GARDENS,E01027412,Northumberland 029D,Investigation complete; no suspect identified
397a19612909ca8bb4900306f5b650a6b01b545fdd9c0dde715fa38a0747d697,2021-05,Northumbria Police,Northumbria Police,-1.640184,54.976540,On or near DILSTON ROAD,E01033556,Newcastle upon Tyne 022H,Investigation complete; no suspect identified
b781631035d423e6d08ebacf0b43ccedef8e1d86de15cdfd07c586140750720a,2021-05,Northumbria Police,Northumbria Police,-1.459836,55.034239,On or near FIRTREE GARDENS,E01008555,North Tyneside 009D,Investigation complete; no suspect identified
d6b0255553a9fc4e02cedf705218ed75ec04066cba104ec768d23a38defd7594,2021-05,Northumbria Police,Northumbria Police,-1.543545,54.953930,On or near Supermarket,E01008244,Gateshead 003D,Investigation complete; no suspect identified
9144d30d5918070738f6c3ffe057e04faca246e9590af4e304adf20371614263,2021-05,Northumbria Police,Northumbria Police,-1.700434,55.401009,On or near Sports/Recreation Area,E01027358,Northumberland 005A,Investigation complete; no suspect identified
d83b825d4d9a584895c8b323adc14cbd3fec3a185eb4c037e9ec09a314ad3521,2021-05,Northumbria Police,Northumbria Police,-1.552157,54.975700,On or near COWEN STREET,E01008431,Newcastle upon Tyne 020B,Investigation complete; no suspect identified
a75c2e0b21bda171ff61b9ff93f69b1427f21a34456bff9f0a3452dbfcd64a98,2021-05,Northumbria Police,Northumbria Police,-1.505827,55.037373,On or near Sports/Recreation Area,E01008567,North Tyneside 007D,Investigation complete; no suspect identified
521a8f5908d6942bb6502e6a5cf7b657542ca1efaddb0cd3822a16a6c88cc792,2021-05,Northumbria Police,Northumbria Police,-1.428886,54.980503,On or near READING ROAD,E01008679,South Tyneside 005A,Investigation complete; no suspect identified
e7cfb8f40110a8612f8665f37ed6b6fe5234f663e616048c3321ddc5005673a0,2021-05,Northumbria Police,Northumbria Police,-1.494923,54.870299,On or near SUTTON CLOSE,E01008801,Sunderland 030E,Investigation complete; no suspect identified
83181725d6ee2622494662b65943cbaef7b32487e256148c1a074e1f9456ff4f,2021-05,Northumbria Police,Northumbria Police,-1.623455,54.966182,On or near SCOTSWOOD ROAD,E01033545,Newcastle upon Tyne 024H,Suspect charged
83181725d6ee2622494662b65943cbaef7b32487e256148c1a074e1f9456ff4f,2021-05,Northumbria Police,Northumbria Police,-1.623455,54.966182,On or near SCOTSWOOD ROAD,E01033545,Newcastle upon Tyne 024H,Offender given a caution
1a23d21378fdbc690920fb71cde0b08645c8ead29626382f742ef3126bbb1d3a,2021-05,Northumbria Police,Northumbria Police,-1.623455,54.966182,On or near SCOTSWOOD ROAD,E01033545,Newcastle upon Tyne 024H,Suspect charged
706cfe32dfec6178f515ec5bea7a2de613e438a57603c04b1fe3bd758e88e63b,2021-05,Northumbria Police,Northumbria Police,-1.472566,54.846156,On or near SUNRISE LANE,E01008754,Sunderland 034F,Investigation complete; no suspect identified
706cfe32dfec6178f515ec5bea7a2de613e438a57603c04b1fe3bd758e88e63b,2021-05,Northumbria Police,Northumbria Police,-1.472566,54.846156,On or near SUNRISE LANE,E01008754,Sunderland 034F,Investigation complete; no suspect identified
706cfe32dfec6178f515ec5bea7a2de613e438a57603c04b1fe3bd758e88e63b,2021-05,Northumbria Police,Northumbria Police,-1.472566,54.846156,On or near SUNRISE LANE,E01008754,Sunderland 034F,Investigation complete; no suspect identified
8b746d2376ff984d43f4da54f811207448579fed083201d39c64ae01a298e167,2021-05,Northumbria Police,Northumbria Police,-1.468087,54.964065,On or near ABERDEEN DRIVE,E01008603,South Tyneside 014B,Investigation complete; no suspect identified
9ba00197451e95468f2e1841295a0147d959bb2c2bfbf0bf4d59ea37f15bbef4,2021-05,Northumbria Police,Northumbria Police,-1.716731,54.950871,On or near WEST LEA,E01008280,Gateshead 004E,Investigation complete; no suspect identified
d23e43718963135650d4bb2b4dc0e95c3eec571de4b6a4542cc5b37f74457226,2021-05,Northumbria Police,Northumbria Police,-1.566925,55.036266,On or near Shopping Area,E01008479,North Tyneside 008D,Investigation complete; no suspect identified
c3e7de11e3bf0d35dcdb5f9daebf3c9be159b65d4b6e69856cdf45f8671f306f,2021-05,Northumbria Police,Northumbria Police,-1.557276,54.980445,On or near SCROGG ROAD,E01008391,Newcastle upon Tyne 026E,Investigation complete; no suspect identified
3bf10d4b94ef3c920e127d6a9969bddc1c25cdba58cf8783ba90cf2417156a7d,2021-05,Northumbria Police,Northumbria Police,-1.607514,54.955914,On or near VILLA PLACE,E01008167,Gateshead 008A,Investigation complete; no suspect identified
4a3d879d71baa17ecf9d54ca03d7a033d5837cd47fcfccc0d48cf1269444cd2a,2021-05,Northumbria Police,Northumbria Police,-1.620889,54.963271,On or near SHOT FACTORY LANE,E01008438,Newcastle upon Tyne 029G,Suspect charged
4a3d879d71baa17ecf9d54ca03d7a033d5837cd47fcfccc0d48cf1269444cd2a,2021-05,Northumbria Police,Northumbria Police,-1.620889,54.963271,On or near SHOT FACTORY LANE,E01008438,Newcastle upon Tyne 029G,Suspect charged
86a012a6c5e6118489cc5e6dda13f1cf9b72fdd42d10221e369879071c2185d6,2021-05,Northumbria Police,Northumbria Police,-1.682393,54.993030,On or near BIRCHVALE AVENUE,E01008327,Newcastle upon Tyne 015D,Investigation complete; no suspect identified
285865a78a66bcda5d27eefe674a03794622ece07b64fd3a33338703dafc536b,2021-05,Northumbria Police,Northumbria Police,-1.381905,54.917126,On or near Shopping Area,E01008787,Sunderland 006B,Suspect charged
231537921f5af73e393e9112e23ed29eb331b964f650114a3811e1cbc6a73388,2021-05,Northumbria Police,Northumbria Police,-1.365691,54.921446,On or near A183,E01008789,Sunderland 006D,Suspect charged
231537921f5af73e393e9112e23ed29eb331b964f650114a3811e1cbc6a73388,2021-05,Northumbria Police,Northumbria Police,-1.365691,54.921446,On or near A183,E01008789,Sunderland 006D,Investigation complete; no suspect identified
231537921f5af73e393e9112e23ed29eb331b964f650114a3811e1cbc6a73388,2021-05,Northumbria Police,Northumbria Police,-1.365691,54.921446,On or near A183,E01008789,Sunderland 006D,Suspect charged
3f9ee0af07e1720ea1f4080a25635f6d8ecf8cc827f83ec269e7a1df6ebb83b4,2021-05,Northumbria Police,Northumbria Police,-1.658434,54.992839,On or near BRIERYSIDE,E01008300,Newcastle upon Tyne 016A,Suspect charged
3f9ee0af07e1720ea1f4080a25635f6d8ecf8cc827f83ec269e7a1df6ebb83b4,2021-05,Northumbria Police,Northumbria Police,-1.658434,54.992839,On or near BRIERYSIDE,E01008300,Newcastle upon Tyne 016A,Suspect charged
ad7c3b3484bcf91eb99f050578e3ebfb3836e93a24ec1d2fc0d85edc3a1084da,2021-05,Northumbria Police,Northumbria Police,-1.571742,55.183098,On or near Shopping Area,E01027529,Northumberland 010B,Suspect charged
c1897a8ecf9775a5dead862db9728933f8494fc1c6b6904579cc8b124f6ce930,2021-05,Northumbria Police,Northumbria Police,-1.446306,54.978319,On or near A194,E01008672,South Tyneside 012D,Investigation complete; no suspect identified
3ac19df47f71af1ff442a335bb9e85b9094863dcbadb2d0c5f06f2e452b9ef4d,2021-05,Northumbria Police,Northumbria Police,-1.445442,55.008150,On or near Shopping Area,E01008524,North Tyneside 022B,Investigation complete; no suspect identified
02f68e24ced2c1e9a01dfae181d5860e9bc8d37f3312bf2d314cc2c2ec997d9c,2021-05,Northumbria Police,Northumbria Police,-1.766037,54.975112,On or near CEDAR GROVE,E01008250,Gateshead 001E,Investigation complete; no suspect identified
8fd12fc40b22e017f466c193336e24659e5a594171f2a32c9ed7f2afaea98928,2021-05,Northumbria Police,Northumbria Police,-1.428443,54.994035,On or near ROMILLY STREET,E01008595,South Tyneside 001A,Investigation complete; no suspect identified
b15a67d70271f39134ec96f2a15396f91da87dbcd53628abc62b67351428a11e,2021-05,Northumbria Police,Northumbria Police,-1.385145,54.904139,On or near Nightclub,E01008836,Sunderland 016F,Investigation complete; no suspect identified
ffd7211800c58316213cef83465f390845d05fde0eff30ee39ffe3c9ba584abb,2021-05,Northumbria Police,Northumbria Police,-1.578935,55.324524,On or near Bus/Coach Station,E01027362,Northumberland 006B,Investigation complete; no suspect identified
7db3dfea8287a045909cc7a14363a31c9ad409bc9d2bcf79b6105869a627ac67,2021-05,Northumbria Police,Northumbria Police,-1.489643,55.015604,On or near GLOUCESTER ROAD,E01008491,North Tyneside 015D,Investigation complete; no suspect identified
a86b631ef9ba7df5aae5ddc63d5717505418dae37ea6f804aa48d036223016be,2021-05,Northumbria Police,Northumbria Police,-1.613800,55.132413,On or near MEADOWDALE CRESCENT,E01027522,Northumberland 021E,Investigation complete; no suspect identified
19cfd3ed1517932def404c40708005bb056fdd0735ff2db04fc8ab46b5fae2aa,2021-05,Northumbria Police,Northumbria Police,-1.610635,54.967427,On or near Parking Area,E01033545,Newcastle upon Tyne 024H,Investigation complete; no suspect identified
2ef3f2c6645b717b0e1ffc5a536660a618ddb258f9bd926693f8e7b3acf4ef9f,2021-05,Northumbria Police,Northumbria Police,-1.559718,54.975718,On or near HURST TERRACE,E01008391,Newcastle upon Tyne 026E,Investigation complete; no suspect identified
431e3ffacd7901b38220400bb35ec9148b67857545eb93bed7785b7df692218b,2021-05,Northumbria Police,Northumbria Police,-1.440457,55.009044,On or near LINSKILL STREET,E01008561,North Tyneside 016C,Investigation complete; no suspect identified
8d5edef0b15c09dbd201590ccf79d79f6aa1f4dfaae479d4d645fdf5965d9d2d,2021-05,Northumbria Police,Northumbria Police,-1.493845,54.976208,On or near BEDE BURN ROAD,E01008657,South Tyneside 009F,Investigation complete; no suspect identified
b7726951ff66ce6714ceb9b2d6aa11f54e18d51c4b0ad5fc1478370451b67a31,2021-05,Northumbria Police,Northumbria Police,-1.606703,54.989430,On or near LILY CRESCENT,E01008369,Newcastle upon Tyne 013B,Investigation complete; no suspect identified
9387110a00cf0ac706aa62b2d1484c2dae36bf70c94a4ddd04b7c2fde12d7b60,2021-05,Northumbria Police,Northumbria Police,-1.620088,55.008497,On or near HIGH STREET,E01008355,Newcastle upon Tyne 006B,Investigation complete; no suspect identified
c48c4edd26816d041382419ee32ae4b24f231f0d744327b2feb44ec16b79372b,2021-05,Northumbria Police,Northumbria Police,-1.490776,54.980473,On or near Further/Higher Educational Building,E01008604,South Tyneside 007B,Investigation complete; no suspect identified
a0aa8f7ae396eba0efdf673a2e96ba460e16bc66652fc81ded50c3d424d38179,2021-05,Northumbria Police,Northumbria Police,-2.016935,54.973835,On or near Petrol Station,E01027481,Northumberland 039A,Investigation complete; no suspect identified
1fdce63b65336adfa4278d623013d31cbf607c293988064861f75ddcb83f44e9,2021-05,Northumbria Police,Northumbria Police,-1.571742,55.183098,On or near Shopping Area,E01027529,Northumberland 010B,Suspect charged
bf18f0c5267baa822ca61ec8ede2d279e9a0bac76e3535914958ce454b477795,2021-05,Northumbria Police,Northumbria Police,-1.532724,54.900096,On or near Shopping Area,E01008848,Sunderland 019C,Investigation complete; no suspect identified
ea0944c40f54761f9000c30b41edf67fd0dc0e47ff3b1ed4e1c27d31ab76df03,2021-05,Northumbria Police,Northumbria Police,-1.691893,54.983143,On or near LEGION GROVE,E01008416,Newcastle upon Tyne 025C,Investigation complete; no suspect identified
441f70a05b99dc97019fb182f1d09c4c33956dbc317bc98dbf8ef552fa31ad93,2021-05,Northumbria Police,Northumbria Police,-1.591674,54.958100,On or near SHELLEY DRIVE,E01008162,Gateshead 027A,Investigation complete; no suspect identified
bed1c2fb49a6c55c2149a8d900d1f85200a37f150aa35178ebe7c6fa18e35f85,2021-05,Northumbria Police,Northumbria Police,-1.605453,54.971849,On or near MELBOURNE STREET,E01033553,Newcastle upon Tyne 023H,Investigation complete; no suspect identified
2a28ddfc95d48214e592575644304deed75746173a16cca5b86f774e956c3f76,2021-05,Northumbria Police,Northumbria Police,-1.433307,55.010493,On or near CLIFFORD STREET,E01008561,North Tyneside 016C,Investigation complete; no suspect identified
21bb5aab805b91361726494f2536ea9df1b9394e6cfc64418586a1723fe5b567,2021-05,Northumbria Police,Northumbria Police,-1.371967,54.905150,On or near WEST LAWRENCE STREET,E01008836,Sunderland 016F,Investigation complete; no suspect identified
d04f5826ce4d7897d2626ca38d8287341ced3c0b981de9e7fb0e5b308034687a,2021-05,Northumbria Police,Northumbria Police,-1.577226,54.976176,On or near CONYERS ROAD,E01008303,Newcastle upon Tyne 018A,Investigation complete; no suspect identified
49da92574951c557e3a06a2cb909360cea0f1ede55a115f90fa40f510654fba6,2021-05,Northumbria Police,Northumbria Police,-1.436565,55.037998,On or near MARDEN CRESCENT,E01008587,North Tyneside 006C,Investigation complete; no suspect identified
6ccfe98cc7f5f3c6982b81267569d38fc15e4a7cbdc339cf2b8a1230fca39bbc,2021-05,Northumbria Police,Northumbria Police,-1.617573,54.977019,On or near ST THOMAS' CRESCENT,E01008395,Newcastle upon Tyne 024B,Investigation complete; no suspect identified
507c78f27a9bb66f4306da5d0d31e0bda3e582d3dc20c9895052d0688722e385,2021-05,Northumbria Police,Northumbria Police,-1.406518,54.905764,On or near Parking Area,E01008704,Sunderland 011B,Investigation complete; no suspect identified
8a7586993b142a571bd6683debf6c57eb3efa2560d2b982570b23204b46f6914,2021-05,Northumbria Police,Northumbria Police,-1.593713,55.184584,On or near DORSET CLOSE,E01027525,Northumberland 012B,Suspect charged
27b972aa3b8f7129bde56878fdfb224b4676917dc9a2232c7c202eaf9d5772c0,2021-05,Northumbria Police,Northumbria Police,-1.617099,54.975966,On or near MORDEN STREET,E01008397,Newcastle upon Tyne 024C,Investigation complete; no suspect identified
2ff0274b4e25371a1e764ade644c9cad53215c1259dbaa46a213cb8f3448726f,2021-05,Northumbria Police,Northumbria Police,-1.680753,55.160221,On or near BOUNDARY DRIVE,E01027460,Northumberland 018D,Investigation complete; no suspect identified
49c5732b197929498984f789fb6ca3af3c1113f292e44a52bb47f087abfe69f2,2021-05,Northumbria Police,Northumbria Police,-1.620195,55.007158,On or near Parking Area,E01008419,Newcastle upon Tyne 006E,Investigation complete; no suspect identified
3f4d2f3e61e42364e30c24586b7c8bd987090668db7d2b4155c1007d023d245b,2021-05,Northumbria Police,Northumbria Police,-1.467484,55.008482,On or near THE QUADRANT,E01008481,North Tyneside 023A,Investigation complete; no suspect identified
42c26777c3f5679d995c39ad357d3eebcf9a232fd87144a88458f6283e7d5b7a,2021-05,Northumbria Police,Northumbria Police,-1.474432,54.998492,On or near BURDON STREET,E01008540,North Tyneside 027B,Investigation complete; no suspect identified
9d5b9da81521c305ff95e34257753108d7f18be036ea9cce5298da8ab976f291,2021-05,Northumbria Police,Northumbria Police,-1.515386,55.002491,On or near ST OSWALD'S ROAD,E01008576,North Tyneside 029D,Offender given a caution
af5df34b0d86e1c27500e27b476a2c0686b99f9438c4d53372ddc024f7089ed5,2021-05,Northumbria Police,Northumbria Police,-1.664549,55.016778,On or near HERSHAM CLOSE,E01008313,Newcastle upon Tyne 001G,Investigation complete; no suspect identified
2b862984abe890089d27851d272b89c919c037bab469a655e8908a1684dcaff0,2021-05,Northumbria Police,Northumbria Police,-1.442030,54.977949,On or near WHITEHEAD STREET,E01008671,South Tyneside 012C,Investigation complete; no suspect identified
a46b7dccaaf1bf59f98e79bdfa3cf3fa8a4c3707c64993041aa6e9004c834eb0,2021-05,Northumbria Police,Northumbria Police,-1.668240,55.013032,On or near KINGSTON PARK AVENUE,E01008294,Newcastle upon Tyne 001A,Investigation complete; no suspect identified
71d9d4e97218e2989c7a4d8602ef7e37396edcde71eaf95a1eac0b354716dc26,2021-05,Northumbria Police,Northumbria Police,-1.645188,54.974254,On or near WESTGATE ROAD,E01008333,Newcastle upon Tyne 029C,Investigation complete; no suspect identified
59e7926d02df301c942e416e2bf6ef0f1c40f5ee3b439479632c6d961c878219,2021-05,Northumbria Police,Northumbria Police,-2.092545,54.966729,On or near ABBEY VIEW,E01027493,Northumberland 035F,Investigation complete; no suspect identified
c2e5c71df50811adb43646c8c6661de41cd54ce179bf27fa2561042ff64f9de9,2021-05,Northumbria Police,Northumbria Police,-1.424606,54.990251,On or near MAY STREET,E01008676,South Tyneside 003C,Investigation complete; no suspect identified
92186d73d7e6b0e1521398c69dd2bdf56341f256d076d1ec3207739c56be8ebc,2021-05,Northumbria Police,Northumbria Police,-1.532252,54.905837,On or near ARKLECRAG,E01008880,Sunderland 010E,Investigation complete; no suspect identified
8e120e9fbff49ccbe5876f6fb4e95917e4e3ad5aac51d2ec139fdd5f4b0ad650,2021-05,Northumbria Police,Northumbria Police,-1.622615,54.967464,On or near Bus/Coach Station,E01033545,Newcastle upon Tyne 024H,Investigation complete; no suspect identified
aa44f2cfc34bb1e072eebb1f2a1495a6051b7d6323f565235200425ef74f63c4,2021-05,Northumbria Police,Northumbria Police,-1.610970,54.956968,On or near CHESTER PLACE,E01008167,Gateshead 008A,Investigation complete; no suspect identified
c20ceb7e826f8795191bc4c72cf13a14cdaded2e833399a1d2d239e4c0ff8771,2021-05,Northumbria Police,Northumbria Police,-1.616754,54.985868,On or near Park/Open Space,E01008397,Newcastle upon Tyne 024C,Investigation complete; no suspect identified
b7bf497f4619bf1616ae4890d73ec40366454e4533a0c69e90e40526d2bff67c,2021-05,Northumbria Police,Northumbria Police,-1.661106,54.998526,On or near SPENFIELD ROAD,E01008377,Newcastle upon Tyne 008E,Investigation complete; no suspect identified
2765f2cdfe35d5a848ea9e613ec5e936a5e2524abea8f96640df441541350056,2021-05,Northumbria Police,Northumbria Police,-1.442849,54.979768,On or near GREATHEAD STREET,E01008671,South Tyneside 012C,Investigation complete; no suspect identified
6d10dae5fbc02c1a11cfbc3e29bda567b1dde694d3b776adad43f9432528adeb,2021-05,Northumbria Police,Northumbria Police,-1.617588,54.942512,On or near MARKET WAY,E01008259,Gateshead 007D,Investigation complete; no suspect identified
4b2e856c1122b57064f3511b47cd4c8cde50b09dc984f1e1d08d75293d3231cb,2021-05,Northumbria Police,Northumbria Police,-1.614472,54.971249,On or near BIGG MARKET,E01033543,Newcastle upon Tyne 024G,Investigation complete; no suspect identified
2ff1839e54b63df60158c2bb36768c5572c04454cf3ce2272dad05e0c1158723,2021-05,Northumbria Police,Northumbria Police,-1.617588,54.942512,On or near MARKET WAY,E01008259,Gateshead 007D,Investigation complete; no suspect identified
ccac0508a403cd9911524b39291d15651bcabe7e038f31d53abd4568eb7b1077,2021-05,Northumbria Police,Northumbria Police,-1.610793,54.999571,On or near ALBURY ROAD,E01008422,Newcastle upon Tyne 005E,Investigation complete; no suspect identified
672d512e05387171a70aab1d96731b6e06861c8a1830beacaa3675673d798875,2021-05,Northumbria Police,Northumbria Police,-1.503214,55.034882,On or near PARK CRESCENT,E01008568,North Tyneside 011B,Investigation complete; no suspect identified
9e7ab75c4e9a86b2e1b8afac752d30d938ca351681158e1fdcb495e96a3375eb,2021-05,Northumbria Police,Northumbria Police,-1.421807,54.991379,On or near IOLANTHE TERRACE,E01008676,South Tyneside 003C,Investigation complete; no suspect identified
08fe69f90d49521d3e63a9806f823a7a89d0ac2982b058cd8316449f04433160,2021-05,Northumbria Police,Northumbria Police,-1.664657,55.002014,On or near KENTON LANE,E01008295,Newcastle upon Tyne 008A,Investigation complete; no suspect identified
807a1480fee048b2418e62291e1d7cb1098bca311e962caa3ff3f6acf2176089,2021-05,Northumbria Police,Northumbria Police,-1.617588,54.942512,On or near MARKET WAY,E01008259,Gateshead 007D,Investigation complete; no suspect identified
aaa9abdbf598e2db2bf8efcc21eb01d73f981f40540cf7bc2a30830670d48195,2021-05,Northumbria Police,Northumbria Police,-1.437758,54.981812,On or near MALVERN STREET,E01008666,South Tyneside 002C,Investigation complete; no suspect identified
f4b682bbd3a7ede27092189d19c679e30d22052d87aabd1432764bf42c3380e6,2021-05,Northumbria Police,Northumbria Police,-1.503557,54.905669,On or near BARMSTON WAY,E01008855,Sunderland 007A,Investigation complete; no suspect identified
b328ba33380d8eb3e13f6067e9489fa8eafe57a2c8cb17dfff41babc8976c6de,2021-05,Northumbria Police,Northumbria Police,-1.416835,54.910631,On or near WAVERLEY TERRACE,E01008762,Sunderland 012B,Investigation complete; no suspect identified
86842a89d33686c180d2b48dcaa823bac7163b90faf5902b9704072d174e8315,2021-05,Northumbria Police,Northumbria Police,-1.617588,54.942512,On or near MARKET WAY,E01008259,Gateshead 007D,Investigation complete; no suspect identified
bd0e2c768d8867d35ffb88394fb4f81624134099c8ac01da0928b4e6cbb9b95d,2021-05,Northumbria Police,Northumbria Police,-1.608403,54.970448,On or near Pedestrian Subway,E01033553,Newcastle upon Tyne 023H,Investigation complete; no suspect identified
347621fcece346d13aadfb04255a5082120b9249b0a5622aab7d811d97f55ced,2021-05,Northumbria Police,Northumbria Police,-1.617588,54.942512,On or near MARKET WAY,E01008259,Gateshead 007D,Investigation complete; no suspect identified
415d20e97a2ea23aee667fed6f5056375104b61d58b5a41835ac3042d019ea9a,2021-05,Northumbria Police,Northumbria Police,-1.391310,54.917273,On or near KEIR HARDIE WAY,E01008711,Sunderland 005D,Investigation complete; no suspect identified
9e998b04a6ad2596ddcaa5a76aab02be9e71b954a3e77edfdf5f1492ce563088,2021-05,Northumbria Police,Northumbria Police,-1.427799,55.001994,On or near ROMAN ROAD,E01008598,South Tyneside 001D,Investigation complete; no suspect identified
ff07c458dbc13dec9f8469291c08ac331d52937bdf13ba36c9535a9b6e31bf3d,2021-05,Northumbria Police,Northumbria Police,-1.413929,54.891647,On or near ETTRICK GROVE,E01008826,Sunderland 023D,Investigation complete; no suspect identified
647cb649593c6295a0730de4bcfcb2c457f1ae53714c5d567242da1aa9c9479b,2021-05,Northumbria Police,Northumbria Police,-1.410429,54.888952,On or near PORTLAND SQUARE,E01008826,Sunderland 023D,Investigation complete; no suspect identified
d19a4d93a56b4848206d080365fdb536a80142004bf1ab596dd7d8640e3b8512,2021-05,Northumbria Police,Northumbria Police,-1.739590,54.984566,On or near HARESIDE COURT,E01008404,Newcastle upon Tyne 014E,Investigation complete; no suspect identified
311d71f7051f04c946ebe9f0d4020f7dcba3afc0957d033a03679478e4a093cc,2021-05,Northumbria Police,Northumbria Police,-1.657447,55.009686,On or near SAXONDALE ROAD,E01008339,Newcastle upon Tyne 003D,Suspect charged
311d71f7051f04c946ebe9f0d4020f7dcba3afc0957d033a03679478e4a093cc,2021-05,Northumbria Police,Northumbria Police,-1.657447,55.009686,On or near SAXONDALE ROAD,E01008339,Newcastle upon Tyne 003D,Suspect charged
2b52af2e78fc4681c07e96e21715b5e4ecc411855b4b6c944a1b75fade674a78,2021-05,Northumbria Police,Northumbria Police,-1.572113,54.950160,On or near Pedestrian Subway,E01008212,Gateshead 012A,Investigation complete; no suspect identified
870d82b9b49e47eb694c825abe274d89fd4d95645090f9ca4ab5ed26146c9ff9,2021-05,Northumbria Police,Northumbria Police,-1.662904,54.987325,On or near OVINGTON GROVE,E01008451,Newcastle upon Tyne 016C,Investigation complete; no suspect identified
947a2c8d6869b5654d3fd26a6f0f00b360859a73c7e2cb1b5753adceb5f25fc0,2021-05,Northumbria Police,Northumbria Police,-1.422949,54.894296,On or near WOODLAND DRIVE,E01008758,Sunderland 015B,Investigation complete; no suspect identified
ab9ae5288b49679d80f4cc9d4a92aaf7cdee580a7027e43f74c8e6fe9ddfb284,2021-05,Northumbria Police,Northumbria Police,-1.666887,54.972491,On or near BENWELL LANE,E01008289,Newcastle upon Tyne 027B,Investigation complete; no suspect identified
ab9ae5288b49679d80f4cc9d4a92aaf7cdee580a7027e43f74c8e6fe9ddfb284,2021-05,Northumbria Police,Northumbria Police,-1.666887,54.972491,On or near BENWELL LANE,E01008289,Newcastle upon Tyne 027B,Investigation complete; no suspect identified
58bab04a2d04abc0a5089eae81d1d257ffe93a4d4e21661f1dc121c67e1bad2e,2021-05,Northumbria Police,Northumbria Police,-1.513722,54.971984,On or near QUARRY ROAD,E01008646,South Tyneside 015D,Suspect charged
92950a93bbf27cf84d22b20f02558dbe88e0c3cd872815725f1f30d92a0596cc,2021-05,Northumbria Police,Northumbria Police,-1.438604,54.863923,On or near GRAYLING COURT,E01008775,Sunderland 029C,Investigation complete; no suspect identified
2abb735be38c4ca96084e74ccc24555ad1f82dbc1193c146d47476b7d1bf5cbc,2021-05,Northumbria Police,Northumbria Police,-1.494268,54.840470,On or near THE FOLDS,E01008750,Sunderland 033A,Offender given a caution
ce1d4c031851f46296d68471d8cb423bdd22f9bb0eb290d7e21e463c6ac25d9d,2021-05,Northumbria Police,Northumbria Police,-1.591707,54.971786,On or near TYNE STREET,E01033548,Newcastle upon Tyne 023G,Investigation complete; no suspect identified
c6bbddedcbf63c8bc5e3f3325c056cd2d106af1033bb3ded576800d36e6eb792,2021-05,Northumbria Police,Northumbria Police,-1.459874,54.949867,On or near GIBSON COURT,E01008613,South Tyneside 021D,Investigation complete; no suspect identified
8732c244d068f3e3d42a4a134eb288145c2c363c965c2ed786f434f9d4dc0130,2021-05,Northumbria Police,Northumbria Police,-1.436337,55.025227,On or near Petrol Station,E01008493,North Tyneside 013A,Investigation complete; no suspect identified
caa773c610cbeaed93296e6fe1b4d3d96f7d2479f21f0cc92fd836f8ceb1e29c,2021-05,Northumbria Police,Northumbria Police,-2.088523,54.970003,On or near DENE PARK,E01027493,Northumberland 035F,Investigation complete; no suspect identified
ac4a8f6161e1f981472014292a7ade9f705f887cd320194dd1a26a6a5558775c,2021-05,Northumbria Police,Northumbria Police,-1.435332,54.901831,On or near HYLTON ROAD,E01008810,Sunderland 014A,Investigation complete; no suspect identified
f50a5791777e0496082f79d8bb69055f6df3b779c050116221daf4b5cec4a5e5,2021-05,Northumbria Police,Northumbria Police,-1.513100,54.974381,On or near MONS AVENUE,E01008641,South Tyneside 010C,Investigation complete; no suspect identified
3071a415115955f40ad6ed7cb3afc41a6daf9ae74d955b7dadeaa9b1078889e1,2021-05,Northumbria Police,Northumbria Police,-1.590977,54.920579,On or near Petrol Station,E01008190,Gateshead 023B,Investigation complete; no suspect identified
facacde30150cdd39b37fe06e293f021e3e1829eea577015c26fb2e0b2f10f8a,2021-05,Northumbria Police,Northumbria Police,-1.432366,54.896515,On or near HAMPSTEAD ROAD,E01008813,Sunderland 014C,Investigation complete; no suspect identified
2027a9d7f4639e321d8a294125101fe47bb33d9484d3452aae246cebb9b63ec9,2021-05,Northumbria Police,Northumbria Police,-1.585625,55.010173,On or near LUTTERWORTH ROAD,E01032650,North Tyneside 019G,Investigation complete; no suspect identified
b5af7fc7472ccfdf11157c068bf6551c9053b6a6ed365346ae1a671c92d49f40,2021-05,Northumbria Police,Northumbria Police,-1.609204,54.955533,On or near BACK WOODBINE STREET,E01008167,Gateshead 008A,Investigation complete; no suspect identified
6ce87b29e68ca8a9e96aa5ab206905837c616dccbb02eb5b211d4b85d3512911,2021-05,Northumbria Police,Northumbria Police,-1.437435,54.927784,On or near RANGOON ROAD,E01008839,Sunderland 003D,Investigation complete; no suspect identified
6295e666477fff5955d68c581553fa39b51a3523b7aecf49769a90cc5d122788,2021-05,Northumbria Police,Northumbria Police,-1.523273,54.993877,On or near DENE CRESCENT,E01008572,North Tyneside 029A,Investigation complete; no suspect identified
580c4c21337891f1ed03878418df35401aefe41210d7523cf171cd9d88918a4b,2021-05,Northumbria Police,Northumbria Police,-1.456382,54.920573,On or near CRAMLINGTON ROAD,E01008695,Sunderland 008C,Investigation complete; no suspect identified
f9e39d5b26d99b0e84ef49abb73d2fbe6c8e253110b5a5dccd354892bd7d419a,2021-05,Northumbria Police,Northumbria Police,-1.400312,54.920436,On or near THE KING'S ROAD,E01033075,Sunderland 005G,Investigation complete; no suspect identified
f9e39d5b26d99b0e84ef49abb73d2fbe6c8e253110b5a5dccd354892bd7d419a,2021-05,Northumbria Police,Northumbria Police,-1.400312,54.920436,On or near THE KING'S ROAD,E01033075,Sunderland 005G,Suspect charged
f9e39d5b26d99b0e84ef49abb73d2fbe6c8e253110b5a5dccd354892bd7d419a,2021-05,Northumbria Police,Northumbria Police,-1.400312,54.920436,On or near THE KING'S ROAD,E01033075,Sunderland 005G,Suspect charged
984e669e084ebf2782902920edd190586ff3b276cae56dd75393666b802f3609,2021-05,Northumbria Police,Northumbria Police,-1.447999,54.890117,On or near GODFREY ROAD,E01008729,Sunderland 021A,Investigation complete; no suspect identified
984e669e084ebf2782902920edd190586ff3b276cae56dd75393666b802f3609,2021-05,Northumbria Police,Northumbria Police,-1.447999,54.890117,On or near GODFREY ROAD,E01008729,Sunderland 021A,Investigation complete; no suspect identified
07bcf9aa9f702987e9fde10ea5c504db27c7c79632bb1c1d4d4c4d2b23ff35fc,2021-05,Northumbria Police,Northumbria Police,-1.423675,54.928600,On or near Sports/Recreation Area,E01008822,Sunderland 004E,Investigation complete; no suspect identified
9f701149d17eab57f6bf922adf897895160dedf1ba2e2607a6c66a4f02ef14f7,2021-05,Northumbria Police,Northumbria Police,-1.371755,54.908744,On or near Pedestrian Subway,E01008703,Sunderland 013B,Investigation complete; no suspect identified
f465f218ca0861b4cfe56e447e5b2d4eeef505588d0652db167ec1672ea557ca,2021-05,Northumbria Police,Northumbria Police,-1.442722,54.888394,On or near GILBERT SQUARE,E01008733,Sunderland 021E,Investigation complete; no suspect identified
f7c2cb6fc0e94421a0b548dfab09252ade88f0a40b15a17690e954e5ca9a23e5,2021-05,Northumbria Police,Northumbria Police,-1.400434,54.902724,On or near PENSHER STREET,E01008707,Sunderland 011D,Investigation complete; no suspect identified
93b7d8e98343146e56dd5458ea409653e95ffa3685098de9dca5ae4197add20d,2021-05,Northumbria Police,Northumbria Police,-2.146006,55.154638,On or near ROBERTSON STREET,E01027479,Northumberland 019A,Investigation complete; no suspect identified
4973caa4105b4204986029b4762c018b036d6f24fdb5ad2756a1af455bebdcc2,2021-05,Northumbria Police,Northumbria Police,-1.385956,54.903119,On or near OLIVE STREET,E01008831,Sunderland 013D,Investigation complete; no suspect identified
b69bbe0db71f2508f9253c7bf06d98d12faa65fca7b83e1de1d463fae9d16655,2021-05,Northumbria Police,Northumbria Police,-1.446871,55.004328,On or near CORONATION STREET,E01008544,North Tyneside 027D,Offender given a caution
7cdeb05fac9489d7fe5d63fb138687b14d5e665a006fc496b41d15bc90864157,2021-05,Northumbria Police,Northumbria Police,-1.382615,54.902383,On or near Parking Area,E01008831,Sunderland 013D,Investigation complete; no suspect identified
b2a9eee6858c8c184505bb98a513782d889ec313dcf2b96532a4c08bdac107e6,2021-05,Northumbria Police,Northumbria Police,-1.385342,54.897347,On or near THE AVENUE,E01008834,Sunderland 013E,Investigation complete; no suspect identified
2153bd24c12c0f343de0364c3ee3923663fa29f046d66832636b31e959fcf8f3,2021-05,Northumbria Police,Northumbria Police,-2.008344,55.779484,On or near WESTFIELD AVENUE,E01027376,Northumberland 001A,Offender given a caution
25e01de9ca7c050727170fa1845991c8a8757bb0e7500f5f203da565b39b5ea9,2021-05,Northumbria Police,Northumbria Police,-1.507007,54.916943,On or near SULGRAVE ROAD,E01008855,Sunderland 007A,Investigation complete; no suspect identified
bc0e478e67e662f211e96b871508445900fdba5c54d66d18e558069a5927304e,2021-05,Northumbria Police,Northumbria Police,-1.423518,54.895898,On or near MELBOURNE PLACE,E01008758,Sunderland 015B,Investigation complete; no suspect identified
697cb05c7efe2bfac4d8df344dfbb73d11e23fdc42f74d64bc8459634c4bea69,2021-05,Northumbria Police,Northumbria Police,-1.432546,55.035598,On or near Pedestrian Subway,E01008496,North Tyneside 010B,Investigation complete; no suspect identified
2bc58bae39284cf42e6ee6cecf7a776645a592207d10afcb342d9386bbfa0544,2021-05,Northumbria Police,Northumbria Police,-1.557944,55.223746,On or near GLENSIDE,E01027446,Northumberland 008D,Investigation complete; no suspect identified
4caecbfe22cd7de69e58b1b81cf5ff399015171ca81832d8322230f06f429380,2021-05,Northumbria Police,Northumbria Police,-1.629495,54.951400,On or near A1114,E01008259,Gateshead 007D,Investigation complete; no suspect identified
1d0a277027d38443f999fc20e12956a1f59449c3e701cd10290c473a9e778b43,2021-05,Northumbria Police,Northumbria Police,-1.580788,54.940180,On or near Parking Area,E01008219,Gateshead 016A,Suspect charged
c5107de04e6b4ba015fcaab93f96ae49609476945e052d0e20476b1f5309bae5,2021-05,Northumbria Police,Northumbria Police,-1.658434,54.992839,On or near BRIERYSIDE,E01008300,Newcastle upon Tyne 016A,Suspect charged
c5107de04e6b4ba015fcaab93f96ae49609476945e052d0e20476b1f5309bae5,2021-05,Northumbria Police,Northumbria Police,-1.658434,54.992839,On or near BRIERYSIDE,E01008300,Newcastle upon Tyne 016A,Suspect charged
52cd78d9c1ce55085783e4d3117ee162c65d7620e52093c2dabdba71c004cb71,2021-05,Northumbria Police,Northumbria Police,-1.382217,54.907998,On or near BRIDGE STREET,E01008703,Sunderland 013B,Investigation complete; no suspect identified
e3bd5c2362d6b33a7e3f28a5359feb70c6333e88f9ba36b6098e6152ec4ea0c3,2021-05,Northumbria Police,Northumbria Police,-1.568918,54.997803,On or near RED HALL DRIVE,E01008316,Newcastle upon Tyne 012C,Investigation complete; no suspect identified
1bb546236cf44fea30024d46fb4e09a60a1cdf02bd7fe2c9b5ed8650a1109329,2021-05,Northumbria Police,Northumbria Police,-1.631529,54.968004,On or near WEST PARADE,E01008439,Newcastle upon Tyne 024E,Offender given a caution
9651b4a70c44be4973b1e592c5cb669a9906c3c0fd3e4070b9af9128a82fd646,2021-05,Northumbria Police,Northumbria Police,-1.538461,54.988822,On or near BRUSSELS ROAD,E01008575,North Tyneside 030E,Offender given a caution
acb0736415d33b8f50f2ddcb79571030f018785c1a0329ef3a12e8f9365d76af,2021-05,Northumbria Police,Northumbria Police,-1.559262,54.983139,On or near SUTTON STREET,E01008392,Newcastle upon Tyne 026F,Investigation complete; no suspect identified
1838aabd508ac72bc27883756e411359a490f1ed91854a7f2e3d9b11b740302b,2021-05,Northumbria Police,Northumbria Police,-1.576639,54.971123,On or near Parking Area,E01008305,Newcastle upon Tyne 026D,Investigation complete; no suspect identified
de9aca1757e6e35150d58b5a708b05ee5e49f9a5861df259342ae2afde12de5c,2021-05,Northumbria Police,Northumbria Police,-1.605905,54.992717,On or near Supermarket,E01008372,Newcastle upon Tyne 013D,Suspect charged
9e66c74b9f27a77f9bbed6a7edc8cbebbd7ae3469739e24494a5a4a0b22cbb1b,2021-05,Northumbria Police,Northumbria Police,-1.677556,54.962779,On or near RIVERSIDE WAY,E01008262,Gateshead 009A,Suspect charged
75ce91eb200c61ae9aa50268c15f77c9c653c89319c941180d978d8a0ccd2af9,2021-05,Northumbria Police,Northumbria Police,-1.482888,54.991223,On or near MELDON STREET,E01008540,North Tyneside 027B,Investigation complete; no suspect identified
723ac60091d41d0dcd9687064a83a750bbefcd052da6fa72a584de1adcf246d5,2021-05,Northumbria Police,Northumbria Police,-1.456382,54.920573,On or near CRAMLINGTON ROAD,E01008695,Sunderland 008C,Investigation complete; no suspect identified
0c58ab9637401c96059a0b6b5257019a8dfaf544a104a5d2dfa3f121ade00d92,2021-05,Northumbria Police,Northumbria Police,-1.488261,54.863612,On or near Further/Higher Educational Building,E01008796,Sunderland 032D,Investigation complete; no suspect identified
c132c2e0d196cc46c605b5326d2c0c1d89eede42f07d7b91422f5cc4911e41da,2021-05,Northumbria Police,Northumbria Police,-1.692421,55.406012,On or near SOUTH ROAD,E01027358,Northumberland 005A,Offender given a caution
1217639dd251aee381fd75272ef02c20b900abeb5c55c517ad2f5b599b690071,2021-05,Northumbria Police,Northumbria Police,-1.629495,54.951400,On or near A1114,E01008259,Gateshead 007D,Investigation complete; no suspect identified
02e7591325792818de78dc6a6421a5b71e6ea01234282b5335fb6532851316eb,2021-05,Northumbria Police,Northumbria Police,-1.438890,54.929723,On or near KENTCHESTER ROAD,E01008839,Sunderland 003D,Investigation complete; no suspect identified
02e7591325792818de78dc6a6421a5b71e6ea01234282b5335fb6532851316eb,2021-05,Northumbria Police,Northumbria Police,-1.438890,54.929723,On or near KENTCHESTER ROAD,E01008839,Sunderland 003D,Suspect charged
2a8135b6ff1171aadc535aa04bbc372960f003e89858a59e91455bbf3655e88a,2021-05,Northumbria Police,Northumbria Police,-1.622615,54.967464,On or near Bus/Coach Station,E01033545,Newcastle upon Tyne 024H,Investigation complete; no suspect identified
2d450b7c037b195e517c9b8515c5593c3ec4e602c4e7f12d3b7c620be5b0de35,2021-05,Northumbria Police,Northumbria Police,-1.398397,54.907558,On or near RAVENSWORH STREET,E01008705,Sunderland 013C,Investigation complete; no suspect identified
069cb04834c6c2c409a8341af06e331d536a338562a6bd61b0b269e94f367d9b,2021-05,Northumbria Police,Northumbria Police,-1.375672,54.902581,On or near NORTHCOTE AVENUE,E01008836,Sunderland 016F,Investigation complete; no suspect identified
bbe4b4ab9db4b958d98dc7cefa23dac529cded4fecc8349a19d444e3b79c0821,2021-05,Northumbria Police,Northumbria Police,-1.613189,54.969906,On or near COLLINGWOOD STREET,E01033545,Newcastle upon Tyne 024H,Investigation complete; no suspect identified
bbe4b4ab9db4b958d98dc7cefa23dac529cded4fecc8349a19d444e3b79c0821,2021-05,Northumbria Police,Northumbria Police,-1.613189,54.969906,On or near COLLINGWOOD STREET,E01033545,Newcastle upon Tyne 024H,Investigation complete; no suspect identified
5a4ba6a8ead75ce7e5e51da7147078becee23ea2b788c80d61879e32625c5875,2021-05,Northumbria Police,Northumbria Police,-1.708020,54.982967,On or near THE CROSSWAY,E01008384,Newcastle upon Tyne 021D,Offender given a caution
b68a96441ec4a91f170ff44bf2efd20a8b9bccb37d359d7be7ca9584a7315312,2021-05,Northumbria Police,Northumbria Police,-1.592959,54.957628,On or near BEDE COURT,E01008162,Gateshead 027A,Investigation complete; no suspect identified
469adf5b166645e4794ddb073fffa7c44d1c16a8725b7b8e607c5ba14f49bcf5,2021-05,Northumbria Police,Northumbria Police,-1.618590,55.237070,On or near GRANGE COURT,E01027474,Northumberland 008F,Offender given a caution
8277d086c5b169f5dfb09b06131fd558b0fdd4163b7fc8f37e6f2ecbc1de7388,2021-05,Northumbria Police,Northumbria Police,-1.621803,54.949175,On or near VICTORIA ROAD,E01008257,Gateshead 008E,Suspect charged
bfd011e535228fd5472e346a3450336722f640151f9d39bd8d6382a2d190df13,2021-05,Northumbria Police,Northumbria Police,-1.551911,55.035628,On or near Bus/Coach Station,E01008506,North Tyneside 012C,Investigation complete; no suspect identified
929a3caac98095d5b528a26b66fd525a4d9d191fa3cb0d72d60750d9b32cb558,2021-05,Northumbria Police,Northumbria Police,-1.687403,55.166834,On or near CHANTRY PLACE,E01027453,Northumberland 016B,Investigation complete; no suspect identified
0b4fb1ac654e2f548fb6f26799b3368791ee4f2a945966c8eb979a0be40d6f4b,2021-05,Northumbria Police,Northumbria Police,-1.417304,54.884653,On or near PAIGNTON SQUARE,E01008828,Sunderland 023F,Investigation complete; no suspect identified
4c269c145bf3884641e5d569af5f8b579405d9a56cef971bd237701db5cb6f41,2021-05,Northumbria Police,Northumbria Police,-1.413754,54.930512,On or near FONTBURN COURT,E01008821,Sunderland 004D,Investigation complete; no suspect identified
0f9d9fa4fe96c8e660038389159a64ec2c787c8a8580dddce827491a13114926,2021-05,Northumbria Police,Northumbria Police,-1.456651,54.928420,On or near BELGRADE CRESCENT,E01008698,Sunderland 003A,Investigation complete; no suspect identified
9de9dc0b0105d9a205500e5de46f88028608f017939aa188fe110c6f00e1c56e,2021-05,Northumbria Police,Northumbria Police,-1.369564,54.934173,On or near KINGS AVENUE,E01008723,Sunderland 002A,Investigation complete; no suspect identified
c8cd6d7b202b54dfde156be9f13437495311d49445a56bb85e2dc73bd20af134,2021-05,Northumbria Police,Northumbria Police,-1.610574,54.994790,On or near LYNDHURST AVENUE,E01008373,Newcastle upon Tyne 013E,Investigation complete; no suspect identified
882a193671e10bd0e6b5d957f8896eb99daa89d231eab633b50af6fe7b065880,2021-05,Northumbria Police,Northumbria Police,-1.450084,55.004828,On or near COACH LANE,E01008545,North Tyneside 027E,Investigation complete; no suspect identified
70b2f2aee49c3c259c8a908377ffd47f6c78034a6acd6df75951cd3b04cdb0d1,2021-05,Northumbria Police,Northumbria Police,-1.603881,54.966506,On or near CHURCH STREET,E01008166,Gateshead 027C,Investigation complete; no suspect identified
9df092bfb7a89062309bbe82113fcb5b0fac9de6d7661459e6542009154294b2,2021-05,Northumbria Police,Northumbria Police,-1.598675,54.945012,On or near ASHTREES GARDENS,E01008205,Gateshead 028C,Investigation complete; no suspect identified
66931dda155541ebe383fcf1fe93459b4b160ca088b002cde7c453c024ebba2b,2021-05,Northumbria Police,Northumbria Police,-1.612931,54.970714,On or near GROAT MARKET,E01033543,Newcastle upon Tyne 024G,Offender given a caution
3c4869a4e629d87d3b09ba6878635e1c34cabd3eebfe2208759a70eeda6a5365,2021-05,Northumbria Police,Northumbria Police,-1.622448,54.978598,On or near Park/Open Space,E01008395,Newcastle upon Tyne 024B,Investigation complete; no suspect identified
8bb7500eee92dc4be8e57138709f3f69c8f6e73be54c60d86ae779ea2a723d5d,2021-05,Northumbria Police,Northumbria Police,-1.427035,54.989778,On or near IMEARY GROVE,E01008668,South Tyneside 002E,Investigation complete; no suspect identified
974c59fd39515c862f5b0c711c96bae747e873b5f6bf7ac1a9bb8ec45b0b1011,2021-05,Northumbria Police,Northumbria Police,-1.659676,54.971689,On or near NICHOL STREET,E01008334,Newcastle upon Tyne 029D,Investigation complete; no suspect identified
73d98b33b2472db7c259078d365151e03e844d13c5cfb10af16054547bfae6e4,2021-05,Northumbria Police,Northumbria Police,-1.577226,54.976176,On or near CONYERS ROAD,E01008303,Newcastle upon Tyne 018A,Investigation complete; no suspect identified
4c578ec58a2df500a976011cce49f755c6b18a259c24bde9886651146abdeec7,2021-05,Northumbria Police,Northumbria Police,-1.703882,54.997541,On or near BRENDALE AVENUE,E01008446,Newcastle upon Tyne 031E,Investigation complete; no suspect identified
8c3962453e27b13035c87c499865c538e15780dc49bf240fef876ba17b11cde5,2021-05,Northumbria Police,Northumbria Police,-1.551316,55.192424,On or near Park/Open Space,E01027540,Northumberland 013B,Investigation complete; no suspect identified
78cc29bc93acaa24fa555f7d5c83d3ae848cf9a600d2b80e39bd3e5693b79c29,2021-05,Northumbria Police,Northumbria Police,-1.725266,54.999712,On or near NORTHUMBERLAND GARDENS,E01008443,Newcastle upon Tyne 014G,Offender given a caution
b2dc5219241e075c1fd69e97930dc60994265989083c80c4143fab1267b4ea87,2021-05,Northumbria Police,Northumbria Police,-1.436927,54.882526,On or near TYLDESLEY SQUARE,E01008823,Sunderland 023A,Investigation complete; no suspect identified
51aef7ee332455074f29767f1b9c092fe044abbb8cbd5e27091b2a05602f64f6,2021-05,Northumbria Police,Northumbria Police,-1.595344,54.934676,On or near ST THOMAS STREET,E01008238,Gateshead 016E,Investigation complete; no suspect identified
4343f24086045952f56e23626e2eeccda78a012969bfab03bc7e425852af5b4c,2021-05,Northumbria Police,Northumbria Police,-1.442528,55.043489,On or near SOUTH PARADE,E01008584,North Tyneside 006A,Investigation complete; no suspect identified
43e9296810fb2306c927bded2eb8e18ddf96b1ed8588efc7f267a756b3df88b7,2021-05,Northumbria Police,Northumbria Police,-1.575997,55.046911,On or near Sports/Recreation Area,E01008478,North Tyneside 002A,Investigation complete; no suspect identified
e499270053a604e37455736eced1a3a8efc9a5cf4619b8000cafbfb990ac8495,2021-05,Northumbria Police,Northumbria Police,-1.558171,55.127992,On or near Petrol Station,E01027425,Northumberland 025A,Offender given a caution
54722b6673fb04e1c8f625af83eddc0142c22545be2f97388c926f9f4549e7b2,2021-05,Northumbria Police,Northumbria Police,-1.725266,54.999712,On or near NORTHUMBERLAND GARDENS,E01008443,Newcastle upon Tyne 014G,Offender given a caution
735d43213d6be2d21feccd7666e66f36aa17f3c4ccdb0006e6fd75844442df63,2021-05,Northumbria Police,Northumbria Police,-1.640659,54.954875,On or near SEYMOUR STREET,E01008210,Gateshead 007B,Investigation complete; no suspect identified
5d54c37e36a5a1f5678e8006a9040904fcb618149dbefb499c68d4abdc991134,2021-05,Northumbria Police,Northumbria Police,-1.429277,54.999179,On or near Nightclub,E01008596,South Tyneside 001B,Investigation complete; no suspect identified
4494dd53e44daa2244286463d8e7412c7049eb568c9d724c5356ce32a5091eb0,2021-05,Northumbria Police,Northumbria Police,-1.524667,54.894386,On or near WALTHAM,E01008848,Sunderland 019C,Investigation complete; no suspect identified
375bfc077cd125e4f5417faf4d74591555741cc35995c73daab795e78113181d,2021-05,Northumbria Police,Northumbria Police,-1.578266,54.893298,On or near Parking Area,E01008175,Gateshead 026D,Investigation complete; no suspect identified
1f993ccb2d3a8bd03370e908ca64f92d7e329f2482fbb4cd7db77a531ec4eb21,2021-05,Northumbria Police,Northumbria Police,-1.995497,55.753886,On or near EASTCLIFFE,E01027388,Northumberland 001E,Investigation complete; no suspect identified
cbef184d625c221f62ed6e5f828095aad6e6395c156ee6ebe851ad2492563d76,2021-05,Northumbria Police,Northumbria Police,-1.603236,55.294557,On or near Parking Area,E01027443,Northumberland 008A,Investigation complete; no suspect identified
2390236e2629444e0f09582f67e5caf70a2397976a4f7d4933a21ffde9df8933,2021-05,Northumbria Police,Northumbria Police,-1.429544,54.907564,On or near FARNE SQUARE,E01033076,Sunderland 012F,Investigation complete; no suspect identified
bbad52bfc42d4566aaa5e91c9b8e9f7b54b1c4ff4bd05865baf9ce45d08bdd72,2021-05,Northumbria Police,Northumbria Police,-1.432104,54.958358,On or near COPLEY AVENUE,E01008689,South Tyneside 019B,Suspect charged
50011a6b2e3f934af4baaacacb374fb5f5deace498ef4094c971392fdcdff2bc,2021-05,Northumbria Police,Northumbria Police,-1.425218,55.000984,On or near GEORGE SCOTT STREET,E01008598,South Tyneside 001D,Investigation complete; no suspect identified
244add80a06228b9677de40def5546ba72b26cfec01173aa3d585e65df052040,2021-05,Northumbria Police,Northumbria Police,-1.456381,54.947263,On or near WILFRED STREET,E01008610,South Tyneside 021A,Investigation complete; no suspect identified
be5d397339001ae8f9d5f66dfbfef9d551063b930e7cb4b6f94dac33cfa90bf8,2021-05,Northumbria Police,Northumbria Police,-1.605905,54.992717,On or near Supermarket,E01008372,Newcastle upon Tyne 013D,Investigation complete; no suspect identified
dfe1d56cc381bebbb89732670e4857a08faffa61fff94d95333f45ef682bfb52,2021-05,Northumbria Police,Northumbria Police,-1.605905,54.992717,On or near Supermarket,E01008372,Newcastle upon Tyne 013D,Investigation complete; no suspect identified
9874c42cef5bfdaa226dfd2867d3d96f07fb4b99db33a8002289a952bbad480a,2021-05,Northumbria Police,Northumbria Police,-1.672060,54.995231,On or near Parking Area,E01008297,Newcastle upon Tyne 011B,Investigation complete; no suspect identified
65737cfa89650351b2a2cf66f6b43a379d82db91832e9a82c0f5bdf8eeb59bfe,2021-05,Northumbria Police,Northumbria Police,-1.511853,54.997300,On or near ASHBROOKE GARDENS,E01008571,North Tyneside 028D,Investigation complete; no suspect identified
65209139c54479f659bbeebdd2300143d2a17b3a05ddcaaa9e28b7131ea119c9,2021-05,Northumbria Police,Northumbria Police,-1.700743,55.406087,On or near ST GEORGES CRESCENT,E01033715,Northumberland 005D,Investigation complete; no suspect identified
4b0ff6d7a33789802dc462d84991cebf622e0496f8ee672313004bdd7b74b462,2021-05,Northumbria Police,Northumbria Police,-1.445731,54.973545,On or near THROCKLEY WAY,E01008672,South Tyneside 012D,Investigation complete; no suspect identified
36b5679205edf62924f794b7ce13eb427ce1bf875f878a90be49a8dfc5165667,2021-05,Northumbria Police,Northumbria Police,-1.567078,55.013370,On or near STATION APPROACH,E01008473,North Tyneside 018C,Investigation complete; no suspect identified
292d5a1c8cbfa168c49771c009c39e2f0b5177d9a3af8877ac0223d42f1708f9,2021-05,Northumbria Police,Northumbria Police,-1.609932,54.993206,On or near BRENTWOOD AVENUE,E01008373,Newcastle upon Tyne 013E,Investigation complete; no suspect identified
345646204fe6e0146b1aa06e4f50392bc89bb950ff860c0a3f9f0c4fc43cdf8e,2021-05,Northumbria Police,Northumbria Police,-1.560327,55.180092,On or near THIRD AVENUE,E01027546,Northumberland 010E,Investigation complete; no suspect identified
522ccfdafa8f41711409b165cbd18a8c7845bd515568f7de5bb76759116ab925,2021-05,Northumbria Police,Northumbria Police,-1.671460,54.959500,On or near Parking Area,E01008262,Gateshead 009A,Investigation complete; no suspect identified
521ba92b998e7724cf60ece71bbe805104824e690e6cfad9d7fda72b7b317851,2021-05,Northumbria Police,Northumbria Police,-1.656937,54.970486,On or near COCHRANE STREET,E01008332,Newcastle upon Tyne 029B,Investigation complete; no suspect identified
8a121288b86f6ef37b723894dc3f23b09d49f1b9dd76da99dd83b09bff409a72,2021-05,Northumbria Police,Northumbria Police,-1.656937,54.970486,On or near COCHRANE STREET,E01008332,Newcastle upon Tyne 029B,Investigation complete; no suspect identified
0754a021bc306c93ad964cfc428f7025e906307c537880553836f48ecd60df41,2021-05,Northumbria Police,Northumbria Police,-1.370834,54.937792,On or near Parking Area,E01008723,Sunderland 002A,Investigation complete; no suspect identified
db7acc614e7a03a2ff78234621b2973c0a9891b0eb4bb91b7708fea16e8e7405,2021-05,Northumbria Police,Northumbria Police,-1.434584,54.989705,On or near ST MARK'S WAY,E01008666,South Tyneside 002C,Investigation complete; no suspect identified
ae155e1e7e401576f57579c8bde98a3bc2018f4b3e45829c13e8030805afb5e4,2021-05,Northumbria Police,Northumbria Police,-1.381905,54.917126,On or near Shopping Area,E01008787,Sunderland 006B,Investigation complete; no suspect identified
cd0f85a8084991523e384bf54a5cd50b8dd1e9a4e5a1506f75be22c06233c759,2021-05,Northumbria Police,Northumbria Police,-1.687100,54.978673,On or near THORNTREE DRIVE,E01008415,Newcastle upon Tyne 025B,Investigation complete; no suspect identified
90c67728bc616a0ba104c8f8b1606f262be2f5ae8ba3f15630249e4e38c2e007,2021-05,Northumbria Police,Northumbria Police,-1.442112,55.006967,On or near LIDDELL STREET,E01008524,North Tyneside 022B,Investigation complete; no suspect identified
39810218f19a74da6da9677466b7bcee26ab01b34e9de1c97696bade46811aab,2021-05,Northumbria Police,Northumbria Police,-1.471210,54.924835,On or near Sports/Recreation Area,E01008855,Sunderland 007A,Investigation complete; no suspect identified
f515adc4166df5b6fc5b46a00d86e2c30069d728d4a86c482970bbdfaab9eab9,2021-05,Northumbria Police,Northumbria Police,-1.617388,54.975131,On or near PERCY STREET,E01008397,Newcastle upon Tyne 024C,Investigation complete; no suspect identified
0788c7d9df392fedbf0a43b599a1537256d7503c078f6936b672de1da3e11673,2021-05,Northumbria Police,Northumbria Police,-1.505500,54.912632,On or near CHERWELL,E01008859,Sunderland 009E,Investigation complete; no suspect identified
7cab5c03d61bc624d6a7348ba810ebaa060225549b8bfdeed59da9b2b3ff7287,2021-05,Northumbria Police,Northumbria Police,-1.381905,54.917126,On or near Shopping Area,E01008787,Sunderland 006B,Investigation complete; no suspect identified
4534a9eb2c7f40aeb50fc983fc5566f9459fb4890d650c7c7e7cbf724c32d1ff,2021-05,Northumbria Police,Northumbria Police,-1.757364,54.993688,On or near Sports/Recreation Area,E01008403,Newcastle upon Tyne 014D,Offender given a caution
17ea96f954fcc18d5707124b13628764d41540b0796ed4e168b5e790d5415456,2021-05,Northumbria Police,Northumbria Police,-1.612220,54.976400,On or near Shopping Area,E01008397,Newcastle upon Tyne 024C,Investigation complete; no suspect identified
896c323d765e141ae10bd1a60f1e1e7d6a4676401e5468491a1031449c660d78,2021-05,Northumbria Police,Northumbria Police,-1.428978,54.964059,On or near LAWRENCE AVENUE,E01008692,South Tyneside 019E,Investigation complete; no suspect identified
467972b1a019637802b55b4ab29bb1268383162c175c424b3cc0af18844a4464,2021-05,Northumbria Police,Northumbria Police,-1.559997,55.170125,On or near NURSERY PARK,E01027532,Northumberland 014A,Investigation complete; no suspect identified
fd8f5cf4f7b2a3a79cd5ef9c2fced284bdafefc087c3d5fc1db7b76a205daaac,2021-05,Northumbria Police,Northumbria Police,-1.519591,55.033887,On or near BLACKWORTH COURT,E01032647,North Tyneside 011E,Investigation complete; no suspect identified
60202dcd46c88ae9fad9ce6dd7bda4d3ff7af769122d7bbcab4b9a2f2d6548c2,2021-05,Northumbria Police,Northumbria Police,-1.496074,54.864202,On or near MAPLE TERRACE,E01008793,Sunderland 030A,Investigation complete; no suspect identified
12cf0b1f33977780184b8fbd2e09f238eadf7a2a072153301cc78d33bc0f9802,2021-05,Northumbria Police,Northumbria Police,-1.462486,54.948395,On or near Parking Area,E01008613,South Tyneside 021D,Investigation complete; no suspect identified
27dce6256b0c03fac94bc6310fe7d9c89682c8b8603e4d7c894965282dc5b142,2021-05,Northumbria Police,Northumbria Police,-1.605453,54.971849,On or near MELBOURNE STREET,E01033553,Newcastle upon Tyne 023H,Investigation complete; no suspect identified
c4e7263330388e50e49702ea3486c621ef5cccd45abe573b8121ea9e0dbb1a87,2021-05,Northumbria Police,Northumbria Police,-1.552774,54.972134,On or near HORSLEY TERRACE,E01008426,Newcastle upon Tyne 028C,Investigation complete; no suspect identified
0495d3a95d0ea315e6df74ed94ec667fbe67d0b87da269175239ca6943916d03,2021-05,Northumbria Police,Northumbria Police,-1.614445,54.974044,On or near BLACKETT STREET,E01008397,Newcastle upon Tyne 024C,Investigation complete; no suspect identified
f88646f438677c5754af59a448bbd5871aff2f063433b3851e5e161a9ce3989d,2021-05,Northumbria Police,Northumbria Police,-1.702057,55.411850,On or near BONDGATE WITHOUT,E01033715,Northumberland 005D,Investigation complete; no suspect identified
aacee6bebe9d7110cbc6fc41f1032bef191d6765fe68ee649e062ecff118c1bd,2021-05,Northumbria Police,Northumbria Police,-1.547077,55.128536,On or near TEESDALE PLACE,E01027424,Northumberland 022D,Investigation complete; no suspect identified
aacee6bebe9d7110cbc6fc41f1032bef191d6765fe68ee649e062ecff118c1bd,2021-05,Northumbria Police,Northumbria Police,-1.547077,55.128536,On or near TEESDALE PLACE,E01027424,Northumberland 022D,Investigation complete; no suspect identified
cf6c4981bdd5590fe7d3f7abfeb2df5adfe2f7749f25edaf8af142fec1df861f,2021-05,Northumbria Police,Northumbria Police,-1.572431,54.981946,On or near BACK CHAPMAN STREET,E01008392,Newcastle upon Tyne 026F,Investigation complete; no suspect identified
90850893430c4ac814afa1031a5e1ce99c2c1c3bdbd49d8b919ee01451c37573,2021-05,Northumbria Police,Northumbria Police,-1.574520,54.973533,On or near AVONDALE ROAD,E01008305,Newcastle upon Tyne 026D,Investigation complete; no suspect identified
d8e29d7466decbad822518009e216d6da3625fba3dd29c45deb47a4e5c969d64,2021-05,Northumbria Police,Northumbria Police,-1.525191,54.992986,On or near WESTMORELAND STREET,E01008572,North Tyneside 029A,Investigation complete; no suspect identified
2d95c2b78e522fbcdb15980572de2732d2b7ea8b31888cca3595630b0da0edac,2021-05,Northumbria Police,Northumbria Police,-1.604153,54.962643,On or near Shopping Area,E01008168,Gateshead 027D,Investigation complete; no suspect identified
dce91f9d5d6f841b6c686a9c988ce552b068d078777b6988a557c0e25d91cb50,2021-05,Northumbria Police,Northumbria Police,-1.626815,54.970982,On or near HIGH SWINBURNE PLACE,E01033554,Newcastle upon Tyne 024I,Investigation complete; no suspect identified
abdba0d36a54709dfaf3cd0beaedccd2836bddbb20d05a8a3adf891f34e8c44f,2021-05,Northumbria Police,Northumbria Police,-1.380182,54.918600,On or near ASHBERRY GROVE,E01008787,Sunderland 006B,Offender given a caution
678bdcdf61a668aaf43d65c7dcc274f53b85e3898746a13077f49473f09e4c89,2021-05,Northumbria Police,Northumbria Police,-1.511563,55.187095,On or near MANOR VIEW,E01027541,Northumberland 009A,Investigation complete; no suspect identified
752d4c409e12cc9118b9ad71bf084179f36e0dd01d1795ead1beb96f566f904d,2021-05,Northumbria Police,Northumbria Police,-1.536375,55.111494,On or near BEATRICE AVENUE,E01027427,Northumberland 025C,Investigation complete; no suspect identified
96951c0a9c25fdb00896bf71032937997bd674ddd3294fb7bba5a44d7bae54f5,2021-05,Northumbria Police,Northumbria Police,-1.536605,54.995303,On or near PARK VIEW,E01008536,North Tyneside 030C,Investigation complete; no suspect identified
617af233c31c42864717ee3b1ccb2437c1d700b727efe875cc9e8608d1f5f9ba,2021-05,Northumbria Police,Northumbria Police,-2.094372,54.966637,On or near GREEN BANK,E01027493,Northumberland 035F,Investigation complete; no suspect identified
d5a9bb85739f5a6b922b0c7e3e227f5553fa7ec5c72e67f8024809af7419ee24,2021-05,Northumbria Police,Northumbria Police,-1.575771,54.949733,On or near FLEXBURY GARDENS,E01008202,Gateshead 011C,Investigation complete; no suspect identified
3e6cf8bf2f870998ee92b1de4439ca9dbd410edc5edcfcb70dda0656793267d3,2021-05,Northumbria Police,Northumbria Police,-1.647486,54.979455,On or near WINGROVE ROAD,E01008453,Newcastle upon Tyne 022E,Investigation complete; no suspect identified
84997a0f972e0625a5f90949f78ff5094421b984c185273c56964b8773a02a2b,2021-05,Northumbria Police,Northumbria Police,-1.489354,55.042040,On or near KIELDER ROAD,E01008564,North Tyneside 007B,Investigation complete; no suspect identified
468226c6ccb0f20a9df168151265d774ac6fb412bd7a674a7c4225192aa8356c,2021-05,Northumbria Police,Northumbria Police,-1.585819,54.941275,On or near SOUTHWAY,E01008201,Gateshead 011B,Suspect charged
4600045d61a534ba2805f331d6db52ee5af03819fe7521837a1d0a462717660b,2021-05,Northumbria Police,Northumbria Police,-1.546810,54.907959,On or near ELSWICK ROAD,E01008875,Sunderland 010C,Investigation complete; no suspect identified
98f1cdb394996c8c2fd654b0c0b1e00cdd121a19d8dfd673aeaa98e1db32e1a0,2021-05,Northumbria Police,Northumbria Police,-1.439796,54.897071,On or near Supermarket,E01008810,Sunderland 014A,Investigation complete; no suspect identified
0387373db75594093678980fc78eb95f8bc41ef1bbb389075e0dc5d8131f11f3,2021-05,Northumbria Police,Northumbria Police,-1.445541,55.042891,On or near YORK ROAD,E01008584,North Tyneside 006A,Offender given a caution
2756887edc863bdb4491a339ce3cc4e2662b0809489b6aa9ec11b9c3f2e20ec5,2021-05,Northumbria Police,Northumbria Police,-1.433335,54.991838,On or near MAXWELL STREET,E01008667,South Tyneside 002D,Investigation complete; no suspect identified
65546341bfe5ef645aac8f0ccb4254a1959d29336adb0a21971288a8a10219ef,2021-05,Northumbria Police,Northumbria Police,-1.712559,54.990760,On or near Supermarket,E01008326,Newcastle upon Tyne 015C,Investigation complete; no suspect identified
b8e46cd071a35034664f9a56cc99eaf5b367f93fe79ea4ed76e6b1e0151d5b20,2021-05,Northumbria Police,Northumbria Police,-1.652215,54.974625,On or near BENWELL GROVE,E01008335,Newcastle upon Tyne 029E,Investigation complete; no suspect identified
d49aab1030918388b55fa5dd9ca173304d8f5e6091a809b5d5fea85a4ac5f2d4,2021-05,Northumbria Police,Northumbria Police,-1.505827,55.037373,On or near Sports/Recreation Area,E01008567,North Tyneside 007D,Investigation complete; no suspect identified
8af5ab1af62babd3df1263f5bc4f26743529d5fd2053fd1d0868e09fc500bd56,2021-05,Northumbria Police,Northumbria Police,-1.489354,55.042040,On or near KIELDER ROAD,E01008564,North Tyneside 007B,Investigation complete; no suspect identified
85ffc31f5cd9172cde6a486154327cbc014fcbceb4573b5de61afd8188556659,2021-05,Northumbria Police,Northumbria Police,-1.457245,54.997878,On or near HEDLEY ROAD,E01008545,North Tyneside 027E,Investigation complete; no suspect identified
8da165e9f963d7d314dbed4a4208fae6d77ee8dee6a758487c43bd1b3dc9badb,2021-05,Northumbria Police,Northumbria Police,-1.630463,55.014415,On or near COQUET AVENUE,E01008352,Newcastle upon Tyne 002C,Investigation complete; no suspect identified
7af5ab48a111c5999765470afca5925a3dd1165e14978702eb56b198a2e547fb,2021-05,Northumbria Police,Northumbria Police,-1.565086,54.974857,On or near CANTERBURY STREET,E01008388,Newcastle upon Tyne 028A,Investigation complete; no suspect identified
a08d3413729a514f303ebbbaa92bf4f39b815f9b292bf57907add0eaa8224500,2021-05,Northumbria Police,Northumbria Police,-1.478787,55.007426,On or near NORHAM ROAD,E01008481,North Tyneside 023A,Investigation complete; no suspect identified
8f1319cbc42bf1e6f5a66ec55af80191733389b621b5dad0c0ea46272bf0a9c6,2021-05,Northumbria Police,Northumbria Police,-1.609932,54.993206,On or near BRENTWOOD AVENUE,E01008373,Newcastle upon Tyne 013E,Investigation complete; no suspect identified
738c253ccfac33bdf2464de3e5937cfec2815984543fc7bd8b0c088e34d1a1ad,2021-05,Northumbria Police,Northumbria Police,-1.490929,54.959715,On or near Petrol Station,E01008659,South Tyneside 017C,Investigation complete; no suspect identified
7cbd0b3289b7d5e81ebb734516e99c45abaf64a185dac6101f8b794229469807,2021-05,Northumbria Police,Northumbria Police,-1.568239,54.973628,On or near WELBECK ROAD,E01008302,Newcastle upon Tyne 026B,Investigation complete; no suspect identified
7b64a72a57810ab076938f3bb584b022a3fdb4758664305bd08d5ea9e2000afc,2021-05,Northumbria Police,Northumbria Police,-1.667082,54.945092,On or near DEVON AVENUE,E01008268,Gateshead 019D,Investigation complete; no suspect identified
f83522a592ee55c3e24c1a645172c2a32cf3c2646942b921e7c34acbb8ce6d65,2021-05,Northumbria Police,Northumbria Police,-1.558128,54.981122,On or near THORNE TERRACE,E01008392,Newcastle upon Tyne 026F,Investigation complete; no suspect identified
525928b5d1849dd7bb3fb807ff34e62fd12c94e4cb0bd29928be4464dd7931d3,2021-05,Northumbria Police,Northumbria Police,-1.488220,54.981199,On or near Supermarket,E01008604,South Tyneside 007B,Investigation complete; no suspect identified
25baca385d8157eab62d92799aed7630765254117d567cdcbdf9de2bf2415e38,2021-05,Northumbria Police,Northumbria Police,-1.451068,55.014115,On or near CAMP TERRACE,E01008528,North Tyneside 022C,Investigation complete; no suspect identified
3a28c85f10e29207143b46b78d2e84403506894df88069e9c08a201657a48d3f,2021-05,Northumbria Police,Northumbria Police,-1.603969,55.133730,On or near NORTHUMBERLAND AVENUE,E01027523,Northumberland 021F,Offender given a caution
4885a64aa4f493c1af8f3c0007d8faf3f1894f2d56f10ac66ce941ff8b4a335e,2021-05,Northumbria Police,Northumbria Police,-1.677515,55.405731,On or near A1068,E01027357,Northumberland 004B,Suspect charged
9344e4e984fe1f00fd9eb17bb296951d97510fd321e095a8a583fc0bedd1b518,2021-05,Northumbria Police,Northumbria Police,-1.541218,55.128019,On or near COWPEN HALL ROAD,E01027424,Northumberland 022D,Investigation complete; no suspect identified
edab35e852e679876872c8f2e7847414ce298fbafa11b45d3e6c006e0159f898,2021-05,Northumbria Police,Northumbria Police,-1.480980,54.958567,On or near WITHAM GREEN,E01008631,South Tyneside 017A,Suspect charged
edab35e852e679876872c8f2e7847414ce298fbafa11b45d3e6c006e0159f898,2021-05,Northumbria Police,Northumbria Police,-1.480980,54.958567,On or near WITHAM GREEN,E01008631,South Tyneside 017A,Suspect charged
6387ea1f97eb1bee8282fe4465b2cd9a7564c3f26d83abbe2fc5f9aa01ef96c2,2021-05,Northumbria Police,Northumbria Police,-1.434990,54.899538,On or near PALGROVE ROAD,E01008813,Sunderland 014C,Investigation complete; no suspect identified
61a8987515559bba0e4c30252da2ab3196b23eb01e4d6bd8577ace0a88c03b7e,2021-05,Northumbria Police,Northumbria Police,-1.431736,54.986672,On or near LAYGATE,E01008664,South Tyneside 002A,Investigation complete; no suspect identified
17debeca3f10ccdd8dc8443a3167b74f8ce02f2e552fba2445f7f4de70165d05,2021-05,Northumbria Police,Northumbria Police,-1.377290,54.908898,On or near Parking Area,E01008703,Sunderland 013B,Investigation complete; no suspect identified
1451a1c0999b8d7372be3358e4b12014c55b15dacb291789a076894fe19a30a2,2021-05,Northumbria Police,Northumbria Police,-1.657685,54.974326,On or near CANNING STREET,E01008332,Newcastle upon Tyne 029B,Investigation complete; no suspect identified
e572617db5e07d99261a04cb0c2234edf8daa416d95e606449d2205620721477,2021-05,Northumbria Police,Northumbria Police,-1.422369,54.903217,On or near FORDHAM SQUARE,E01008756,Sunderland 012A,Investigation complete; no suspect identified
6c033255cefadc88c6ec1149174909743ab79fe7c11eb9a1a9750746196ad1da,2021-05,Northumbria Police,Northumbria Police,-1.505865,54.954124,On or near MERCHANT COURT,E01008629,South Tyneside 020C,Investigation complete; no suspect identified
1f12495b69b9ff4469a6f6bb442de5e0b2189a98b71a19ac0b6d2467241aafe6,2021-05,Northumbria Police,Northumbria Police,-1.511031,55.122735,On or near WINCHESTER AVENUE,E01027431,Northumberland 023C,Investigation complete; no suspect identified
84d1f22fb6305fd6af3a79afc4524b7c4ef77d9331ce95387f57ee57a3c0f6e0,2021-05,Northumbria Police,Northumbria Police,-1.621161,54.969293,On or near WATERLOO STREET,E01033554,Newcastle upon Tyne 024I,Investigation complete; no suspect identified
6e1122e868e9ec4fa82c194ec2bf0bd950e885f2b2e4d53a876385f7db49e1e6,2021-05,Northumbria Police,Northumbria Police,-1.562831,54.896164,On or near PENSHAW WAY,E01008176,Gateshead 026E,Suspect charged
0283d7ab093cb07a8faa3e57df75137be0b9e2a5790ff060e781f262f7448c00,2021-05,Northumbria Police,Northumbria Police,-1.411511,54.906687,On or near WELL STREET,E01008701,Sunderland 011A,Investigation complete; no suspect identified
2a95814a68b66f333b8126b1f5e2df0beb766404faeb74e099d38cfdaa95823a,2021-05,Northumbria Police,Northumbria Police,-1.647486,54.979455,On or near WINGROVE ROAD,E01008453,Newcastle upon Tyne 022E,Investigation complete; no suspect identified
702eb2e3d48d7c681e1b7be8111582255082e4194ff18dcc8a385af651d496e8,2021-05,Northumbria Police,Northumbria Police,-1.529657,54.994666,On or near GRANGE VILLAS,E01008574,North Tyneside 029C,Investigation complete; no suspect identified
92a807ca20b7768fcc4400abc875b1c9c57a327a70286eb98f6c6a83edf23b27,2021-05,Northumbria Police,Northumbria Police,-1.682591,55.167963,On or near GAS HOUSE LANE,E01027452,Northumberland 016A,Investigation complete; no suspect identified
286e21ac3abe4d0ada4af3acc89b394134c5c1e0337ffae4d6d533f7e58e97aa,2021-05,Northumbria Police,Northumbria Police,-1.580911,54.974957,On or near BRINKBURN CLOSE,E01008304,Newcastle upon Tyne 026C,Investigation complete; no suspect identified
bcb008d025185c2c08fd4e2c03d65f0240a46f7ebc0f65898f6ea6cf958529ec,2021-05,Northumbria Police,Northumbria Police,-1.562831,54.896164,On or near PENSHAW WAY,E01008176,Gateshead 026E,Investigation complete; no suspect identified
c761fba140c1e993967fc47d262227f3a7d74be58188c0ef2e2e13f11ea9c392,2021-05,Northumbria Police,Northumbria Police,-1.480980,54.958567,On or near WITHAM GREEN,E01008631,South Tyneside 017A,Suspect charged
c62d8a511e4a301dce45214b5a7deeaa22f6dcb76706bd7cdb62adf8288db14f,2021-05,Northumbria Police,Northumbria Police,-1.613802,54.953122,On or near BENSHAM AVENUE,E01008171,Gateshead 008D,Investigation complete; no suspect identified
95ccc904453e13dd1990534a083844560396bf44490dd77dd2a8759d7253f75c,2021-05,Northumbria Police,Northumbria Police,-1.563565,54.975373,On or near CULLERCOATS STREET,E01008388,Newcastle upon Tyne 028A,Investigation complete; no suspect identified
5466b8624600d661c685e5bc55428832be0d88fa31e9b0f5306201f3c0f93ba0,2021-05,Northumbria Police,Northumbria Police,-1.482151,54.863802,On or near PHILADELPHIA LANE,E01032483,Sunderland 032F,Investigation complete; no suspect identified
46ac9e5173740812b971d1e69919e71542a97d7af77eeb9d81ca36697bc5018c,2021-05,Northumbria Police,Northumbria Police,-2.094372,54.966637,On or near GREEN BANK,E01027493,Northumberland 035F,Investigation complete; no suspect identified
957e533a5964a2b15af06cc1e184a74d50cc7fa0e7d311c28fa5add48af0e09f,2021-05,Northumbria Police,Northumbria Police,-1.466582,54.998701,On or near LAMBDEN CLOSE,E01008541,North Tyneside 027C,Investigation complete; no suspect identified
e1fa332eede14c2b4720ada88d3c8b029dda36fd5cf50d7b72b3ab1f1703faf7,2021-05,Northumbria Police,Northumbria Police,-1.503214,55.034882,On or near PARK CRESCENT,E01008568,North Tyneside 011B,Investigation complete; no suspect identified
30c9f1bd0eb10a9dededc6f267b1d6fc42b6311fef6a48cbe1a6d376c78026ec,2021-05,Northumbria Police,Northumbria Police,-1.512453,55.126991,On or near Parking Area,E01027415,Northumberland 023B,Investigation complete; no suspect identified
d47244401debdf998dbc61c07d7b4323db549549c89a0eccb589d76e578bbf4a,2021-05,Northumbria Police,Northumbria Police,-1.576786,54.955622,On or near PENSHER STREET EAST,E01008214,Gateshead 003A,Investigation complete; no suspect identified
3293a8116299c84ab90df9e6d6382460f6aae2a953f18c3d7a1b5ce7385d5b72,2021-05,Northumbria Police,Northumbria Police,-1.608649,54.957994,On or near COATSWORTH COURT,E01008167,Gateshead 008A,Investigation complete; no suspect identified
3eb6f73f1cced73e85718f1d32f89d2fa850581692fe184fc2f7ed2d4df501ee,2021-05,Northumbria Police,Northumbria Police,-1.611154,54.975165,On or near LISLE STREET,E01008397,Newcastle upon Tyne 024C,Investigation complete; no suspect identified
0650f2d05c711343900f55a76ee145aceabe4b49912d2b2bbc29c7f2e2e4e5a4,2021-05,Northumbria Police,Northumbria Police,-1.688286,54.982882,On or near PAULINE GARDENS,E01008416,Newcastle upon Tyne 025C,Investigation complete; no suspect identified
1814ef57f5f2154629fd3e101c106de675abfff8e62199cbb162d18de64f79de,2021-05,Northumbria Police,Northumbria Police,-1.423113,54.877357,On or near ALNWICK SQUARE,E01008776,Sunderland 026B,Investigation complete; no suspect identified
398eee13195ba3e95b328d4573ae2af26de27987de513d288879529bfdcc33e3,2021-05,Northumbria Police,Northumbria Police,-1.584782,55.181040,On or near WANSBECK MEWS,E01027524,Northumberland 012A,Investigation complete; no suspect identified
fa23d549b726419ad7aeac35356135245e643e1a7859a0f3baf6533dfdb7be49,2021-05,Northumbria Police,Northumbria Police,-1.537470,54.990760,On or near Parking Area,E01008537,North Tyneside 030D,Investigation complete; no suspect identified
414f318fd1b7f3b430324f286d1dee26d39cbb27e5e7ccce706210c63bf08cd0,2021-05,Northumbria Police,Northumbria Police,-1.552540,55.021333,On or near OTTERBURN CLOSE,E01008503,North Tyneside 018E,Investigation complete; no suspect identified
91904929f5ecd5b9f3d3c115d73ebc3215167e9c839883344a9f4b2b343a0ff0,2021-05,Northumbria Police,Northumbria Police,-1.573280,54.978534,On or near Shopping Area,E01008392,Newcastle upon Tyne 026F,Investigation complete; no suspect identified
09ab8df266ca498429a838e7189b273d1d89cd721cb21370b27dc40f35fb0967,2021-05,Northumbria Police,Northumbria Police,-1.664549,55.016778,On or near HERSHAM CLOSE,E01008313,Newcastle upon Tyne 001G,Investigation complete; no suspect identified
0d7cd4826ca3f03f49185cd08076d6e231ebdcb906e519de990b5e5eaf4b030d,2021-05,Northumbria Police,Northumbria Police,-1.372930,54.895387,On or near MARION STREET,E01008737,Sunderland 016D,Investigation complete; no suspect identified
90d9aa27d140d86825397638bdc189827ad140254f3359bd41d6980c10eafc0b,2021-05,Northumbria Police,Northumbria Police,-1.587749,55.330135,On or near CENTRAL AVENUE,E01027364,Northumberland 006D,Investigation complete; no suspect identified
f1b2d7592f5b4a215a602b53ac90deb73cc330e3bd7ee11837397860d89222b8,2021-05,Northumbria Police,Northumbria Police,-1.440092,54.930843,On or near KENYA ROAD,E01008839,Sunderland 003D,Investigation complete; no suspect identified
09e27e445679cab6284ad80fabf7d7b819d95a1c7fdd1655a51e144b688558b4,2021-05,Northumbria Police,Northumbria Police,-1.557813,54.964236,On or near CLIPSTONE AVENUE,E01008390,Newcastle upon Tyne 030A,Investigation complete; no suspect identified
8a9da9d4e87ddd9cae4537459e2ca7dc0df1b60014b0591b55d6ee878975d6ac,2021-05,Northumbria Police,Northumbria Police,-1.440530,54.871112,On or near AMELIA GARDENS,E01008772,Sunderland 029A,Investigation complete; no suspect identified
8997828927bf17ee40462e53c40f5e0398db6e3f290ff7f837c4b757f6589558,2021-05,Northumbria Police,Northumbria Police,-1.424546,55.019555,On or near LATIMER STREET,E01008560,North Tyneside 016B,Investigation complete; no suspect identified
4aa81fd67064f5f20e01ce06c99182ae15108ed7512dad7952f1c47f4187cd35,2021-05,Northumbria Police,Northumbria Police,-1.385155,54.906557,On or near Supermarket,E01008703,Sunderland 013B,Investigation complete; no suspect identified
71da41024192b6dd31a5d415a7239fff9cea6be33f19a343a51957eb5d50423d,2021-05,Northumbria Police,Northumbria Police,-1.452014,54.922818,On or near Supermarket,E01008694,Sunderland 008B,Investigation complete; no suspect identified
7a77ac5d8b9f0d00b60ede2a224d1481bc84fe93f5cea6736dcf2845a4d459eb,2021-05,Northumbria Police,Northumbria Police,-1.492723,55.045388,On or near A192,E01008564,North Tyneside 007B,Investigation complete; no suspect identified
d8199fc214de7f255db5e8b9810608a8883052030be2e317cd05f40ba95e030d,2021-05,Northumbria Police,Northumbria Police,-1.647873,55.013765,On or near BRUNTON GROVE,E01008338,Newcastle upon Tyne 003C,Investigation complete; no suspect identified
34ec9ff7d2e6c34d8414bb15d6272f4da7976ecf69628739a406331cef57d70d,2021-05,Northumbria Police,Northumbria Police,-1.640732,54.969406,On or near MALVERN STREET,E01008333,Newcastle upon Tyne 029C,Investigation complete; no suspect identified
b39f9df5e51ee9dfdfb1ca91a4a216970404f86b5e297c68add2286e69c38db7,2021-05,Northumbria Police,Northumbria Police,-1.391310,54.917273,On or near KEIR HARDIE WAY,E01008711,Sunderland 005D,Investigation complete; no suspect identified
401a58af6e69de46ff9f61bfbc30810f404ab517c3db558a33cfdab5dbdd50a1,2021-05,Northumbria Police,Northumbria Police,-1.616721,54.974644,On or near Shopping Area,E01008397,Newcastle upon Tyne 024C,Investigation complete; no suspect identified
9717377cb3ca3cc0156928f980fbc2d20290242094e14bf58304e7be90b4a3b2,2021-05,Northumbria Police,Northumbria Police,-1.611154,54.975165,On or near LISLE STREET,E01008397,Newcastle upon Tyne 024C,Investigation complete; no suspect identified
f17a1ec0bc4c4fddcf414a40a804cba0f3e27ef3a8a20f95d2709cb3e08afeb2,2021-05,Northumbria Police,Northumbria Police,-1.398922,54.919476,On or near SUDDICK STREET,E01008709,Sunderland 005B,Investigation complete; no suspect identified
41a86f53db2e43a7e59584c0e3f32984b42fa0d0504fd5f39ff33fd2299e36bc,2021-05,Northumbria Police,Northumbria Police,-1.414525,54.910728,On or near JACQUES STREET,E01008701,Sunderland 011A,Investigation complete; no suspect identified
e1c89414b802dab9c7008f1e80da268be318fc7b870cc73e2f9aa00915eab12d,2021-05,Northumbria Police,Northumbria Police,-1.559173,54.988405,On or near JASMINE CLOSE,E01008433,Newcastle upon Tyne 020C,Investigation complete; no suspect identified
b5c345a1ace82e46e61f0c214725e731f912cffa862039c7786467b5936a70e2,2021-05,Northumbria Police,Northumbria Police,-1.436204,54.989030,On or near LAYGATE,E01008666,South Tyneside 002C,Investigation complete; no suspect identified
30a8ed23dd6b86408f1c747a745cd82433f49e07b7e7eac4482d456a8504f387,2021-05,Northumbria Police,Northumbria Police,-1.642474,55.005455,On or near KENTON CRESCENT,E01008374,Newcastle upon Tyne 008B,Investigation complete; no suspect identified
34c0601a67f13bbc79aa8406566adfc5f3396b097f7c790e798914c2cbfe5a5a,2021-05,Northumbria Police,Northumbria Police,-1.602258,54.953722,On or near WHITEHALL ROAD,E01008163,Gateshead 028A,Investigation complete; no suspect identified
da22b2a61105ab815eca31349311b3e830427a1c32dcc08aa1a6f416ec00d463,2021-05,Northumbria Police,Northumbria Police,-1.492603,54.999163,On or near CLEVELAND GARDENS,E01008510,North Tyneside 026C,Investigation complete; no suspect identified
212635ececae05afbffc91e629be1858a530f2626802ff94a8287a9f647a1f5a,2021-05,Northumbria Police,Northumbria Police,-1.608603,54.994918,On or near LONSDALE TERRACE,E01008372,Newcastle upon Tyne 013D,Investigation complete; no suspect identified
ceda60bd9a172fe575bd7aa4464f92418a49196a6c91e1e5218e280336fffc1d,2021-05,Northumbria Police,Northumbria Police,-1.449226,54.829868,On or near HENRY STREET,E01008718,Sunderland 035A,Investigation complete; no suspect identified
a1182052a90eba9fb189fe69b0407f9e45b126c14e72393c15d5b14066a5d95d,2021-05,Northumbria Police,Northumbria Police,-1.532900,55.116414,On or near DRURIDGE DRIVE,E01027428,Northumberland 025D,Suspect charged
4b0dfc0813069581e80b02e645cf08adee079161dd7f35ee1b8ab41753fc1460,2021-05,Northumbria Police,Northumbria Police,-1.591474,54.996309,On or near WESTLANDS,E01008317,Newcastle upon Tyne 007A,Investigation complete; no suspect identified
e0034b5515f9f4c8c7a139c1946d50d4f792cbbe6b996521236e84f2a32c4880,2021-05,Northumbria Police,Northumbria Police,-1.557600,55.183892,On or near ALEXANDRA ROAD,E01027540,Northumberland 013B,Investigation complete; no suspect identified
307ed9ce06f16d08feeb49f1e073455ce9fc6819bcdee902db17b25f458ffe53,2021-05,Northumbria Police,Northumbria Police,-1.449226,54.829868,On or near HENRY STREET,E01008718,Sunderland 035A,Investigation complete; no suspect identified
89f4be03c249fdebce8575400efd53dc91a54f4af2b263909b01d4028abdda79,2021-05,Northumbria Police,Northumbria Police,-1.597673,54.989131,On or near ORCHARD PLACE,E01008368,Newcastle upon Tyne 017B,Investigation complete; no suspect identified
30be7ef842943292ccef05d0fa7dd2542389c6c04d1e582ebf8bb8131c50b205,2021-05,Northumbria Police,Northumbria Police,-1.581973,55.057670,On or near ANNITSFORD DRIVE,E01008480,North Tyneside 002B,Investigation complete; no suspect identified
336ea91255c052bf45492daf19e45ca2a34808e115b534bbca08465f20a8fec4,2021-05,Northumbria Police,Northumbria Police,-1.618360,54.971423,On or near LOW FRIAR STREET,E01033543,Newcastle upon Tyne 024G,Investigation complete; no suspect identified
0f2d24510abce274ce6c3edbbb0a024180b2e2af5b72381e389267f8fac8d389,2021-05,Northumbria Police,Northumbria Police,-1.500035,54.905502,On or near SUNDERLAND HIGHWAY,E01008850,Sunderland 017D,Investigation complete; no suspect identified
f019df5ee6504d650595b899b681b958af5c695da5b4d1db35f8f5481c372a8f,2021-05,Northumbria Police,Northumbria Police,-1.385155,54.906557,On or near Supermarket,E01008703,Sunderland 013B,Investigation complete; no suspect identified
ef1e7a6224aec012a68873442057556f0d93162ca506db0ef1d1d53432c4ed56,2021-05,Northumbria Police,Northumbria Police,-1.615061,54.975034,On or near Shopping Area,E01008397,Newcastle upon Tyne 024C,Investigation complete; no suspect identified
e4a3015633e8da66553cb9969df72433b9a3a593968d5daded80a20709ed27da,2021-05,Northumbria Police,Northumbria Police,-1.534379,54.990406,On or near FRANK STREET,E01008575,North Tyneside 030E,Investigation complete; no suspect identified
3d474e667a603ee4fef09301f721ca775a99a6ddc0594977548ce4f583fc44ea,2021-05,Northumbria Police,Northumbria Police,-1.617120,54.978617,On or near EDWARD'S WALK,E01008397,Newcastle upon Tyne 024C,Investigation complete; no suspect identified
acadcf915b9aebc7bdedb3019c9a7edeeb0f5e594331dac3b8f228d6b19959a4,2021-05,Northumbria Police,Northumbria Police,-1.587191,54.913971,On or near DURHAM ROAD,E01008224,Gateshead 025C,Investigation complete; no suspect identified
8e4b0c2ac4bc2c37892cbda3b141245c761b706cad82ca646d748a10dabbf835,2021-05,Northumbria Police,Northumbria Police,-1.579245,54.992331,On or near A188,E01008364,Newcastle upon Tyne 018F,Investigation complete; no suspect identified
b3691debc9a93d3897997d6b7e57acd8a72d2c11eea81adc0314439453259f8e,2021-05,Northumbria Police,Northumbria Police,-1.467014,54.948344,On or near DUNELM GRANGE,E01008611,South Tyneside 021B,Investigation complete; no suspect identified
c353b6a562c5701b2a6e6c041557e3eb62760cbf1f4edacc0984f76003970393,2021-05,Northumbria Police,Northumbria Police,-1.413476,54.929262,On or near WESTPORT CLOSE,E01008821,Sunderland 004D,Investigation complete; no suspect identified
43242b7434c3bd151a0438227bfa271841bf473608b0737c275a6892351070e0,2021-05,Northumbria Police,Northumbria Police,-1.558403,54.977412,On or near ALSTON AVENUE,E01008391,Newcastle upon Tyne 026E,Investigation complete; no suspect identified
802f260f90b0d5735128618481cf4093429763920ebf5788f1157d902ebf20c3,2021-05,Northumbria Police,Northumbria Police,-1.689102,55.006679,On or near Pedestrian Subway,E01008457,Newcastle upon Tyne 004C,Investigation complete; no suspect identified
ef6caac16e61b24e806faee169a227863c91564c58aca3b2fc9fd00a8182e9eb,2021-05,Northumbria Police,Northumbria Police,-1.596957,54.976314,On or near BERMONDSEY STREET,E01008406,Newcastle upon Tyne 023A,Offender given penalty notice
928038e13199b72ae6f21098c772a115088e0a09fd701a3fd8ce7dcdeb4e9ec8,2021-05,Northumbria Police,Northumbria Police,-1.691893,54.983143,On or near LEGION GROVE,E01008416,Newcastle upon Tyne 025C,Investigation complete; no suspect identified
0cd1c704c24b0a9e559789af5f5a01c1d4f2efe1de86a7b314fd9b0f3bc263bf,2021-05,Northumbria Police,Northumbria Police,-1.453728,54.820407,On or near PARK VIEW,E01008742,Sunderland 035C,Suspect charged
59d6afa7cff5955d212f1db08dbbc5c8bc1168e66dc5322b456aeaf1df3887ac,2021-05,Northumbria Police,Northumbria Police,-1.503419,55.124555,On or near HORTON STREET,E01027442,Northumberland 023E,Suspect charged
e9eb7d9ec6eb1a8cb8dc6cdcf2031c51c21b78021faf4516f9e6f984307b5f17,2021-05,Northumbria Police,Northumbria Police,-1.581373,55.059627,On or near THE WYNDING,E01008480,North Tyneside 002B,Investigation complete; no suspect identified
43fb5bd6589b14532dfeb1bd699d7ba40bf320611f6fa5fce810173704c4c7e3,2021-05,Northumbria Police,Northumbria Police,-1.543598,54.978175,On or near WEARDALE AVENUE,E01008430,Newcastle upon Tyne 020A,Offender given a caution
5ee08c2ee51beaa4b0e6d4be6c23301cf291b984417d510fae68239ae09dbdb3,2021-05,Northumbria Police,Northumbria Police,-2.241509,55.011392,On or near WINTER SHAFT COTTAGES,E01027510,Northumberland 040F,Investigation complete; no suspect identified
15769c5e11ceaf2a686f03715af49b1b1d41a3b28cc498281a96aa76ad6a7d5c,2021-05,Northumbria Police,Northumbria Police,-1.675530,54.979658,On or near Sports/Recreation Area,E01008288,Newcastle upon Tyne 027A,Investigation complete; no suspect identified
7de1cbad266177cbe5a1a31d314c68d919fe05d088ed54b2859dfd70fda67f81,2021-05,Northumbria Police,Northumbria Police,-1.522093,55.035371,On or near MEADOW VALE,E01032647,North Tyneside 011E,Investigation complete; no suspect identified
d0de01b396b7d94edb2edeb95ef77c0f2e69b1b5bfcdef52b990c086957ff238,2021-05,Northumbria Police,Northumbria Police,-1.530265,54.913045,On or near BLUE HOUSE LANE,E01008860,Sunderland 009F,Suspect charged
863b9501978cee3ab3f1f6688573fc7699537469c11e05c4c548f158ee3702ed,2021-05,Northumbria Police,Northumbria Police,-1.580788,54.940180,On or near Parking Area,E01008219,Gateshead 016A,Investigation complete; no suspect identified
486fa595a3cac1458e0dbd6e856d8ee8283da6e9f5fdb6ea835c4dbfab326e8a,2021-05,Northumbria Police,Northumbria Police,-1.365214,54.869439,On or near THOMAS STREET,E01008769,Sunderland 028E,Suspect charged
b02f76558e0de4682bed3f724e92805f648b0075e43ae9351e8cce3ce4ec783c,2021-05,Northumbria Police,Northumbria Police,-1.369608,54.908400,On or near CHURCH STREET EAST,E01008702,Sunderland 016A,Investigation complete; no suspect identified
3cc55fcf7ef29828a39f80e833091b56f16c915f55fb01479e1d716b840b6580,2021-05,Northumbria Police,Northumbria Police,-1.610635,54.967427,On or near Parking Area,E01033545,Newcastle upon Tyne 024H,Investigation complete; no suspect identified
fbb3b741fe6aca6fc4a887d0e129d6df0f7651d77223f84e0773af740f490e2e,2021-05,Northumbria Police,Northumbria Police,-2.088523,54.970003,On or near DENE PARK,E01027493,Northumberland 035F,Investigation complete; no suspect identified
f5ec41c990e838753ec5b05115cb9e6b9f2cba7bfa198fdb590ee092a20b55f1,2021-05,Northumbria Police,Northumbria Police,-1.384328,54.894358,On or near CORBY HALL DRIVE,E01008740,Sunderland 022A,Investigation complete; no suspect identified
4c904344880b3d3a55346c6bf1576093c930d1d1e08c0c5e816bb2913e9fe6b6,2021-05,Northumbria Police,Northumbria Police,-1.543545,54.953930,On or near Supermarket,E01008244,Gateshead 003D,Investigation complete; no suspect identified
0f96d4e4f9ae01df62fafdb28075ba452f6a4b9933cfe34685dd3f300f518ab2,2021-05,Northumbria Police,Northumbria Police,-1.453899,55.039353,On or near KINGSLEY AVENUE,E01008554,North Tyneside 009C,Investigation complete; no suspect identified
25cf6af1f232a01901c9716bb6dff45757c8be1d05dfca575f680eec9ae67e18,2021-05,Northumbria Police,Northumbria Police,-1.606159,55.013044,On or near WOODLEA GARDENS,E01008351,Newcastle upon Tyne 005A,Investigation complete; no suspect identified
ccfa64b2fb1b9ce57c2dec8d974694a0e24cdf359808c6d6cd09f5d6ed8ba5d0,2021-05,Northumbria Police,Northumbria Police,-1.482743,54.846730,On or near WOODBURN DRIVE,E01008754,Sunderland 034F,Investigation complete; no suspect identified
19d9abb8ef91b14100a281207e73ff54ba862ec1066be8f3c9036f5990125bb8,2021-05,Northumbria Police,Northumbria Police,-1.566925,55.036266,On or near Shopping Area,E01008479,North Tyneside 008D,Investigation complete; no suspect identified
d787b413b77b773aceb81829a512cbe0450f1d20ef4966454d5966c179631567,2021-05,Northumbria Police,Northumbria Police,-1.378080,54.905209,On or near FOYLE STREET,E01008703,Sunderland 013B,Suspect charged
d42aef7099814b4f970020b9dd87a254f457fbd1b3f28b3d9c62663add1c5796,2021-05,Northumbria Police,Northumbria Police,-1.534856,55.123457,On or near AXWELL DRIVE,E01027393,Northumberland 022B,Investigation complete; no suspect identified
8cec5a53bcdaff6089657b19e9a19721933d84b7f11c2857ad852396f977c7dd,2021-05,Northumbria Police,Northumbria Police,-1.401365,54.874664,On or near BLIND LANE,E01008805,Sunderland 027C,Investigation complete; no suspect identified
001bd8e674c7fc5b645b3c45a5c6bfe2c5f23364beacd9a790d2d3cb3922f8ba,2021-05,Northumbria Police,Northumbria Police,-1.380861,54.904881,On or near Further/Higher Educational Building,E01008703,Sunderland 013B,Investigation complete; no suspect identified
cceaad73d8d416e41278be67ccc54ef040695bbe63f2be29b5d096356ee786c6,2021-05,Northumbria Police,Northumbria Police,-1.528889,54.990834,On or near VINE STREET,E01008572,North Tyneside 029A,Investigation complete; no suspect identified
e9d695110efd19f27a39559d09ead82a68da02ec7d0dced14abb3f27889c5d88,2021-05,Northumbria Police,Northumbria Police,-1.684626,55.168588,On or near STAITHES LANE,E01027452,Northumberland 016A,Investigation complete; no suspect identified
cb6137bc32673c999e6b62538f45965deb8debce5d8093b5f9d8ead54b90174a,2021-05,Northumbria Police,Northumbria Police,-1.566925,55.036266,On or near Shopping Area,E01008479,North Tyneside 008D,Investigation complete; no suspect identified
46ee85abd70cbd6206594fcd109a60d7e44388edf3fe9515b841d20226cd63bc,2021-05,Northumbria Police,Northumbria Police,-1.568960,55.174623,On or near GOODWOOD COURT,E01027538,Northumberland 014C,Investigation complete; no suspect identified
786f169ec6b92cb4272171d4bf33e1fba0182a7cc5f369c5d559ba18dadc952a,2021-05,Northumbria Police,Northumbria Police,-1.578110,54.894816,On or near Supermarket,E01008175,Gateshead 026D,Offender given a caution
639afff4377cbc1d73e967f90c52a3bab105b84af504e043888dd534e8701423,2021-05,Northumbria Police,Northumbria Police,-1.573578,54.971050,On or near ST PETER'S ROAD,E01008305,Newcastle upon Tyne 026D,Investigation complete; no suspect identified
e6bd3a4e57314eca0f8220d9f8d79352ad8b70aeea8f953956db8641a7e9b38b,2021-05,Northumbria Police,Northumbria Police,-1.711661,55.298797,On or near PROSPECT CLOSE,E01027370,Northumberland 006E,Investigation complete; no suspect identified
307fdece86c9c25de2da6202c1723b85e35d54b030f72b69bc35a093862b56e5,2021-05,Northumbria Police,Northumbria Police,-1.441793,54.872169,On or near Petrol Station,E01008772,Sunderland 029A,Investigation complete; no suspect identified
0adfb5ecaa15b5fbb40ef1574d12f274153d440a9df6a2c944a357c1376b7067,2021-05,Northumbria Police,Northumbria Police,-1.681843,55.005250,On or near HEDGEHOPE ROAD,E01008459,Newcastle upon Tyne 004E,Offender given a caution
ab176cd1146469625da8a14219177ad6ffe300ac650f5ef81c92759faa6df462,2021-05,Northumbria Police,Northumbria Police,-1.752098,54.970682,On or near RUNHEAD ESTATE,E01008246,Gateshead 001A,Investigation complete; no suspect identified
1de4cc92432aae143d0b2b062724c6734f2036e76064cb70a544dcae61d3c7a9,2021-05,Northumbria Police,Northumbria Police,-1.424158,54.987643,On or near ADA STREET,E01008668,South Tyneside 002E,Investigation complete; no suspect identified
0793bbc75eb35ac7d65eef7dc49a13d13393b0b8c0ba3186fab3934739c051f8,2021-05,Northumbria Police,Northumbria Police,-1.413636,54.864524,On or near KNOLLSIDE CLOSE,E01008770,Sunderland 031C,Investigation complete; no suspect identified
c979bacbabc6141ea8e8e22fa13f958367e03410ad1f887cce5b23ce59c935d7,2021-05,Northumbria Police,Northumbria Police,-1.532724,54.900096,On or near Shopping Area,E01008848,Sunderland 019C,Investigation complete; no suspect identified
a9dc7c1eb13adf92b76bda194e0db9eedb8f3a819afc3439f12589bb083aff0c,2021-05,Northumbria Police,Northumbria Police,-1.370834,54.937792,On or near Parking Area,E01008723,Sunderland 002A,Investigation complete; no suspect identified
95932af1a371c02b24ab16cf5aa637dcc5f99bcb9b28567d0facf2fa33220541,2021-05,Northumbria Police,Northumbria Police,-1.656820,54.989681,On or near Pedestrian Subway,E01008450,Newcastle upon Tyne 016B,Suspect charged
58e16c2347c625f1425c5ad58e5b8f473ee90aa296e250be34f6eb07d0b20462,2021-05,Northumbria Police,Northumbria Police,-1.385155,54.906557,On or near Supermarket,E01008703,Sunderland 013B,Investigation complete; no suspect identified
9f5c51df2fd50678e6687ecd0da645d359ae66c979557ecaad59963adeb81a79,2021-05,Northumbria Police,Northumbria Police,-1.582208,54.946251,On or near STRATHMORE ROAD,E01008202,Gateshead 011C,Investigation complete; no suspect identified
50fff052c291e38373fdbc8b719e0733a67fd579061de2aa800cbd71d85d7ad0,2021-05,Northumbria Police,Northumbria Police,-1.434622,55.018192,On or near KING EDWARD ROAD,E01008558,North Tyneside 016A,Investigation complete; no suspect identified
19c640210949fcf4495d79c4de6c7b63e3ef2ef7f589ef207b6272330733c8b9,2021-05,Northumbria Police,Northumbria Police,-1.547876,54.975738,On or near WESTBOURNE AVENUE,E01008429,Newcastle upon Tyne 028D,Investigation complete; no suspect identified
11aa2f396ef62d6cfaf3c5507c8c285a57874f4d1cf4649c65d5388cc12e58c2,2021-05,Northumbria Police,Northumbria Police,-1.449990,54.868729,On or near A19,E01008775,Sunderland 029C,Investigation complete; no suspect identified
9094ccac1b3019abe882e2c1d540e5483d4957a4a8523047c191883e2233e4aa,2021-05,Northumbria Police,Northumbria Police,-1.536850,55.212669,On or near Supermarket,E01027451,Northumberland 008E,Suspect charged
74d0526962564eb386c12c44b6e3caf33cb2d4492c0f365843005a2a4a410207,2021-05,Northumbria Police,Northumbria Police,-1.383341,54.907887,On or near Shopping Area,E01008703,Sunderland 013B,Investigation complete; no suspect identified
450747e6b422b9db7b121f44d2350a09d64fe71496798593edab4e785d27a6b1,2021-05,Northumbria Police,Northumbria Police,-1.609932,54.993206,On or near BRENTWOOD AVENUE,E01008373,Newcastle upon Tyne 013E,Investigation complete; no suspect identified
f72cc5d7c5809e498f100d78d428b221c98b62442ccf09d9a06db95f8e5df391,2021-05,Northumbria Police,Northumbria Police,-1.540786,54.953551,On or near LYONS COURT,E01008244,Gateshead 003D,Investigation complete; no suspect identified
609afc39c878166f471f2cdd31b4f2a899b126efa3ec9d1765fd8a4ed5a425a4,2021-05,Northumbria Police,Northumbria Police,-1.647625,55.009972,On or near AMBRIDGE WAY,E01008340,Newcastle upon Tyne 003E,Investigation complete; no suspect identified
8cf33e556fa56f8f85bfa9f116e872441257ee8414bcfecb64032689b69627a2,2021-05,Northumbria Police,Northumbria Police,-1.517938,54.904289,On or near HILL RISE,E01008844,Sunderland 019B,Investigation complete; no suspect identified
843fe350fe223eb538be759bf8aba7c106674155049cd9feed49ba49e05a6585,2021-05,Northumbria Police,Northumbria Police,-1.612273,55.013046,On or near HOLLYWOOD AVENUE,E01008351,Newcastle upon Tyne 005A,Investigation complete; no suspect identified
d1d310701c74f72cf9fe19919f153fb3c520c96da71bd2f783853b7f1a5ee314,2021-05,Northumbria Police,Northumbria Police,-1.582843,54.987464,On or near CROMPTON ROAD,E01008365,Newcastle upon Tyne 012F,Investigation complete; no suspect identified
62bf0809480b29c82e37399b87ace5a603cea606249bc0c4a74ff68804d7b90d,2021-05,Northumbria Police,Northumbria Police,-1.606159,55.013044,On or near WOODLEA GARDENS,E01008351,Newcastle upon Tyne 005A,Investigation complete; no suspect identified
7422147b07a1ef2560cd0e082c4dc005a1b47abdd34df2a05120fb44c7990a8c,2021-05,Northumbria Police,Northumbria Police,-1.405141,54.919857,On or near CHURCH BANK,E01033075,Sunderland 005G,Investigation complete; no suspect identified
32cd315d6f8af07701df5735ea058f3577b2499060e9428bc63e2f6915de3d4a,2021-05,Northumbria Police,Northumbria Police,-1.575068,55.008968,On or near HOYLAKE AVENUE,E01008469,North Tyneside 018A,Investigation complete; no suspect identified
d43b6b488814f7b6753a10025611e1f363afc2d75047243b0a6b0ca1ab5128a8,2021-05,Northumbria Police,Northumbria Police,-1.531695,55.034429,On or near A19,E01008503,North Tyneside 018E,Investigation complete; no suspect identified
923a0a4334fc9cd199f3081bbed33b7e6536eda1eef3d6e58abaef0e4e3e9a49,2021-05,Northumbria Police,Northumbria Police,-1.394937,54.924085,On or near Sports/Recreation Area,E01033075,Sunderland 005G,Investigation complete; no suspect identified
e856ef1c8541ef1a6eb9085fbd33eac38053c469cf5cfeedfe5c16cbf45e18da,2021-05,Northumbria Police,Northumbria Police,-1.534830,55.176987,On or near WEALLEANS CLOSE,E01033716,Northumberland 013F,Investigation complete; no suspect identified
35f0c07462db9017e40edf6d9b8a4a65317c1f74d6b8e1b41668486ef41a07de,2021-05,Northumbria Police,Northumbria Police,-1.629647,54.963712,On or near BRUNEL STREET,E01008438,Newcastle upon Tyne 029G,Investigation complete; no suspect identified
c9feba586f822016d8373d66295bde2eb832eaa15ef51a2f3924b1797f051961,2021-05,Northumbria Police,Northumbria Police,-1.600562,55.135606,On or near FORUM COURT,E01027520,Northumberland 021C,Investigation complete; no suspect identified
a6ca2f887d3816b86c95e90e993b05f4d44101822364e91b4f972ae92aecea68,2021-05,Northumbria Police,Northumbria Police,-1.500035,54.905502,On or near SUNDERLAND HIGHWAY,E01008850,Sunderland 017D,Investigation complete; no suspect identified
91d380a9d69a6427086f6780f28e63094504b5dfdbd0ce6b14a06c9caaf38c3c,2021-05,Northumbria Police,Northumbria Police,-1.558985,55.183637,On or near FIRST AVENUE,E01027539,Northumberland 010C,Investigation complete; no suspect identified
df2c21dd4521fe11025420a12c57f891e7a25126b12503f242a945ff44441dbd,2021-05,Northumbria Police,Northumbria Police,-1.519543,54.904340,On or near SPOUT LANE,E01008844,Sunderland 019B,Investigation complete; no suspect identified
95593db6a13e26f672bd26b4873321bd24a5835c5a42ac52eeefb3453a8ee5c1,2021-05,Northumbria Police,Northumbria Police,-1.384497,54.934402,On or near BORROWDALE AVENUE,E01008726,Sunderland 001D,Investigation complete; no suspect identified
a09b9a4d23ff03208768d509d690aeb51df94baf090400ee6272f44d4f83f7aa,2021-05,Northumbria Police,Northumbria Police,-1.681843,55.005250,On or near HEDGEHOPE ROAD,E01008459,Newcastle upon Tyne 004E,Offender given a caution
ef8a4ef0ed386b7e4b809c1be0c0fb25e06f5dd39197c96ca336037dcf806a42,2021-05,Northumbria Police,Northumbria Police,-1.530901,55.117125,On or near CRESSWELL DRIVE,E01027428,Northumberland 025D,Investigation complete; no suspect identified
ea3664caf39659f31e91b6d9962f4993e040efc62884876cbcd7ec121c5ad579,2021-05,Northumbria Police,Northumbria Police,-1.602201,55.163216,On or near SHEEPWASH BANK,E01027530,Northumberland 017A,Investigation complete; no suspect identified
bb9df102715028509415338a7fff3275f91d9b38659426bc4fadf11a8707aa11,2021-05,Northumbria Police,Northumbria Police,-1.460624,54.968499,On or near HENDERSON ROAD,E01008670,South Tyneside 014D,Investigation complete; no suspect identified
7d47d1a8a613d712ad1b55dd2ce78b2a8e707b54f0ccb008c5f0921a4539d5c4,2021-05,Northumbria Police,Northumbria Police,-1.515091,55.131890,On or near ARGYLE MEWS,E01027416,Northumberland 022C,Suspect charged
c3fad83228042120fd2f21d269109b8487da93aed198584da74a58c9d0a496c5,2021-05,Northumbria Police,Northumbria Police,-1.791782,54.951094,On or near ROCKWOOD HILL ESTATE,E01008195,Gateshead 002A,Investigation complete; no suspect identified
6666f0b51373706d708e84f7671ecebc10a1156a0021383657ff91a501ba80fe,2021-05,Northumbria Police,Northumbria Police,-1.584782,55.181040,On or near WANSBECK MEWS,E01027524,Northumberland 012A,Investigation complete; no suspect identified
0f6d1fd94982311b330635cc5aabb4b5bea124b8a5a75dd38af4fd03b5989f57,2021-05,Northumbria Police,Northumbria Police,-1.603970,55.285673,On or near SWARLAND TERRACE,E01027444,Northumberland 008B,Investigation complete; no suspect identified
a77e0506bf9b2d8a18d74a3595f38ca92e3b6931589a4933c4e960b7a264a925,2021-05,Northumbria Police,Northumbria Police,-1.573578,54.971050,On or near ST PETER'S ROAD,E01008305,Newcastle upon Tyne 026D,Investigation complete; no suspect identified
1d1e8f76724186f346508a75b465aef4c4ccfdb83447ba6ab6c53aad935f2341,2021-05,Northumbria Police,Northumbria Police,-1.665388,55.006167,On or near MALLOWBURN CRESCENT,E01008295,Newcastle upon Tyne 008A,Investigation complete; no suspect identified
6d2d7a920144aaf691ba4dae62a1a33826cb9b78ff384076506be33f700d7361,2021-05,Northumbria Police,Northumbria Police,-1.512996,55.130031,On or near BOYNE COURT,E01027416,Northumberland 022C,Suspect charged
4d0145b73ce2f7c12fcbfc996dbd084fce445c0d3130b53a6b24ee53a87d6418,2021-05,Northumbria Police,Northumbria Police,-1.527300,55.116680,On or near SHELLEY CRESCENT,E01027422,Northumberland 024B,Investigation complete; no suspect identified
709e501a5e9d29060796cbeed2f1bdb3fe17b9c17b66333614c54c380b365bd9,2021-05,Northumbria Police,Northumbria Police,-1.576393,54.897965,On or near BIRTLEY LANE,E01008174,Gateshead 026C,Investigation complete; no suspect identified
0c182f4e751c2c354316446968f70c64a1bf765dad9496e05911903c4e7fb99b,2021-05,Northumbria Police,Northumbria Police,-1.450019,55.007299,On or near WATERVILLE TERRACE,E01008544,North Tyneside 027D,Investigation complete; no suspect identified
9f6b9378eca0ea2e7fad81b947f70a17ca1c5b2ef074fc3861975a3af7c9b188,2021-05,Northumbria Police,Northumbria Police,-1.503521,54.901050,On or near WASKERLEY ROAD,E01008847,Sunderland 017C,Offender given a caution
7996e6832565d44d3aec5c75a41eeebe7b33704b1f757afc6fa843e204b41f15,2021-05,Northumbria Police,Northumbria Police,-1.511335,55.012961,On or near ASHBURN ROAD,E01008461,North Tyneside 021A,Investigation complete; no suspect identified
dbd6b16c38d6d78ad8b14747e9724734091afabb486ef9f0b6417c9423a4e176,2021-05,Northumbria Police,Northumbria Police,-1.458584,54.815729,On or near ESKDALE STREET,E01008743,Sunderland 036A,Investigation complete; no suspect identified
2299507ef6db555ee944708e090add9bae382343cd501459fad8c67ba6b5f203,2021-05,Northumbria Police,Northumbria Police,-1.612395,55.005282,On or near GROVE PARK AVENUE,E01008418,Newcastle upon Tyne 005C,Investigation complete; no suspect identified
eddca44807013c135c36b55d5be1c2514e16abfa2e24f1824eeb8b98bbee3b5b,2021-05,Northumbria Police,Northumbria Police,-1.561197,55.176689,On or near FIFTH AVENUE,E01027545,Northumberland 010D,Investigation complete; no suspect identified
74eb7a20ce052f809f5969426549d99c1d317a144cb0c2859aaeaf448eb8fe0c,2021-05,Northumbria Police,Northumbria Police,-1.626883,55.044606,On or near NORWICH AVENUE,E01008581,North Tyneside 004D,Investigation complete; no suspect identified
9a4c8254022454a21e94b33766e8f8ade5c2a5ffb25d63dc7d21259027240e38,2021-05,Northumbria Police,Northumbria Police,-1.713420,54.977381,On or near WEST VIEW,E01008385,Newcastle upon Tyne 021E,Investigation complete; no suspect identified
e3eef65c07bdb199716cf8c478ad7d6c399284e3bac54c11a01c55b7af0089b5,2021-05,Northumbria Police,Northumbria Police,-1.708365,54.989330,On or near THE GROVE,E01008329,Newcastle upon Tyne 015F,Investigation complete; no suspect identified
dafb57e39cc55333a339c55e19010d7940ea50409c44cd796c562d6f638395ce,2021-05,Northumbria Police,Northumbria Police,-1.516518,55.013683,On or near VALERIA CLOSE,E01008467,North Tyneside 021C,Investigation complete; no suspect identified
a79b29c42534d8f1738637d82c4234175dc35314c602ba9e8d533bff00fc4ec1,2021-05,Northumbria Police,Northumbria Police,-1.664549,55.016778,On or near HERSHAM CLOSE,E01008313,Newcastle upon Tyne 001G,Investigation complete; no suspect identified
7df9fb96bd36a04ff74697fb8d348e910532d5eaafadc1ed45ceafe531944bd4,2021-05,Northumbria Police,Northumbria Police,-1.414658,54.906945,On or near GARFIELD STREET,E01008757,Sunderland 015A,Investigation complete; no suspect identified
b656612a7ff75cfcf70b6ffd45bd2bcebb39ff270bfd9a7887d7929951224759,2021-05,Northumbria Police,Northumbria Police,-1.510660,54.908987,On or near TOWER ROAD,E01008859,Sunderland 009E,Investigation complete; no suspect identified
75958b3ec37ff5ae2ffabfcba26b9454c2e79cc1c3119a50d64167407bf20f99,2021-05,Northumbria Police,Northumbria Police,-1.400713,54.897585,On or near HURSTWOOD ROAD,E01008830,Sunderland 018B,Investigation complete; no suspect identified
21d209e6e477c65825a8ea09b12a2cdf7ee7e2bf11a30a7616e87bbdf3268008,2021-05,Northumbria Police,Northumbria Police,-1.578146,55.077750,On or near CRANSHAW PLACE,E01027408,Northumberland 031D,Investigation complete; no suspect identified
7d6f379f5f936ca90eb4f3d3faa065dabe1006fe904b4cfe744a7de8703322fd,2021-05,Northumbria Police,Northumbria Police,-1.712947,55.413026,On or near WINDSOR GARDENS,E01027359,Northumberland 005B,Investigation complete; no suspect identified
acf3196a67a0475f1f141fc2aec8741d56b51906615d537755773a79f8f5b507,2021-05,Northumbria Police,Northumbria Police,-1.560945,54.970636,On or near Sports/Recreation Area,E01008389,Newcastle upon Tyne 028B,Investigation complete; no suspect identified
54844f6f0f942603ce83a30e1e63301012980f49b64732f144b2c93d9bba2566,2021-05,Northumbria Police,Northumbria Police,-1.596693,54.988661,On or near BUSTON TERRACE,E01008368,Newcastle upon Tyne 017B,Investigation complete; no suspect identified
f59441df700369e4179ebf19b9ba5c4d1b4844055f637a1db45f092bad22e12a,2021-05,Northumbria Police,Northumbria Police,-1.636412,54.973905,On or near NORTHCOTE STREET,E01008398,Newcastle upon Tyne 022C,Investigation complete; no suspect identified
5d39d8f3095bdb2067d8d1e46b3ee93eafbd57540bd59b3dd50d66795c6e2e24,2021-05,Northumbria Police,Northumbria Police,-1.516109,55.016476,On or near LYTHAM CLOSE,E01008466,North Tyneside 021B,Investigation complete; no suspect identified
f07e3a5ea8311e30f24075fa3568039218ee21ba90e6505b1fd9a47a14a7b1d0,2021-05,Northumbria Police,Northumbria Police,-1.603959,54.949064,On or near BRINKBURN AVENUE,E01008251,Gateshead 010A,Investigation complete; no suspect identified
e854b3422828ad19b301e69f48dfc75e9cab82744e43cae242624544977cd009,2021-05,Northumbria Police,Northumbria Police,-1.540847,54.985147,On or near TUMULUS AVENUE,E01008436,Newcastle upon Tyne 020F,Investigation complete; no suspect identified
61f981593469d30688513f5f77324e0319bb5ce99d57f75e718d39f64b252139,2021-05,Northumbria Police,Northumbria Police,-1.370327,54.916285,On or near Petrol Station,E01008791,Sunderland 006F,Investigation complete; no suspect identified
e72955d16cb3b6c084c5285e9d23fec52d5af372f4e42c7357935ad56ea692ba,2021-05,Northumbria Police,Northumbria Police,-1.564504,54.965087,On or near THE OVAL,E01008390,Newcastle upon Tyne 030A,Investigation complete; no suspect identified
94abc2f0b7a70eab843cdbe61d6a1eafabf0cbce541c42a5861b0a646a8ffa0e,2021-05,Northumbria Police,Northumbria Police,-1.601074,54.977101,On or near WRETHAM PLACE,E01008406,Newcastle upon Tyne 023A,Investigation complete; no suspect identified
81ccf8c73987200cd0d9e979d723bbab0bdb143e37ff1e20c8d1a0cfab862e49,2021-05,Northumbria Police,Northumbria Police,-1.602939,54.930495,On or near EARLSWOOD PARK,E01008234,Gateshead 020C,Investigation complete; no suspect identified
27c7ded5258556f43e4e46f54f880dcc755c829979c2079b76650ac41ae06e6e,2021-05,Northumbria Police,Northumbria Police,-1.603407,55.005065,On or near MILL RISE,E01008424,Newcastle upon Tyne 005F,Investigation complete; no suspect identified
ec2b4a32a31e21e855a5d9555a532fef33723245be34069a0ff41349b2eaca05,2021-05,Northumbria Police,Northumbria Police,-1.463725,54.812912,On or near KIRKDALE STREET,E01008743,Sunderland 036A,Investigation complete; no suspect identified
5f5840f3bd3625e03d9a665f07bdf1229cefb35a5eb0c4c518e64b8d1862326c,2021-05,Northumbria Police,Northumbria Police,-1.456891,54.931404,On or near BERGEN SQUARE,E01008840,Sunderland 003E,Investigation complete; no suspect identified
d8f0d9ece9e14d89850c2b3152e94884a3bd2c5075608d5f1ba8aa17e4e5e45b,2021-05,Northumbria Police,Northumbria Police,-1.443483,54.916947,On or near ASHWOOD GROVE,E01008697,Sunderland 008E,Investigation complete; no suspect identified
6abf2b9dcbb856653c1f37fb802bb972a8bed142ebb75fe3532f9ee765b42b28,2021-05,Northumbria Police,Northumbria Police,-1.574085,54.979211,On or near MILLERS ROAD,E01008392,Newcastle upon Tyne 026F,Suspect charged
5ac4b375a78a2513c243e6eb73cd15b89ba64a9439794beb2a0e036f93812e65,2021-05,Northumbria Police,Northumbria Police,-1.461768,55.020858,On or near BEACH ROAD,E01008526,North Tyneside 020C,Investigation complete; no suspect identified
52d02d948b127e1cc113390e286ea9224a79f6f8dbdf44e0f2add1e54985f2bd,2021-05,Northumbria Police,Northumbria Police,-1.372012,54.878218,On or near Pedestrian Subway,E01008763,Sunderland 028A,Investigation complete; no suspect identified
27f859707e95bf75725adf925e8c4fa544293e392c7adf977cb54261030be25e,2021-05,Northumbria Police,Northumbria Police,-1.595036,55.184193,On or near DEVON CLOSE,E01027525,Northumberland 012B,Investigation complete; no suspect identified
bf4d90636dd674bc08304fa34015009ba10832147546590bb8eaac9c47c0c523,2021-05,Northumbria Police,Northumbria Police,-1.562788,55.174718,On or near SIXTH AVENUE,E01027537,Northumberland 014B,Investigation complete; no suspect identified
afdc8a1820b995cdcdb6085893e83683ecf6ec9548ea4f2b17fb0bddd1db24c7,2021-05,Northumbria Police,Northumbria Police,-1.622121,55.011801,On or near Parking Area,E01008358,Newcastle upon Tyne 002E,Investigation complete; no suspect identified
e51a7d4a2c4377033444ea5aa720a64a047298118e2328ea0b00e2c3e36fb4ae,2021-05,Northumbria Police,Northumbria Police,-1.617134,54.972264,On or near NEWGATE STREET,E01033543,Newcastle upon Tyne 024G,Investigation complete; no suspect identified
1edb7417edf9d35ac69d765b9339a8ccca357db869190cedcd394dad77b542d0,2021-05,Northumbria Police,Northumbria Police,-1.661168,55.013479,On or near Supermarket,E01008295,Newcastle upon Tyne 008A,Investigation complete; no suspect identified
72ddb5aeae824f0e0b6151edf4595aa45fd144c300a7977c03f831fda76fe3a3,2021-05,Northumbria Police,Northumbria Police,-1.612280,54.966893,On or near CLOSE,E01033545,Newcastle upon Tyne 024H,Investigation complete; no suspect identified
f63e5688a05e53d117a4ec4bcf891b561f596482d6a8136b33e13582ce011413,2021-05,Northumbria Police,Northumbria Police,-1.462486,54.948395,On or near Parking Area,E01008613,South Tyneside 021D,Investigation complete; no suspect identified
f8b69f29246439f434a433bf747f63944344c142a6d990abecaec4d70bc36fb7,2021-05,Northumbria Police,Northumbria Police,-1.659938,54.981422,On or near CEDAR ROAD,E01008346,Newcastle upon Tyne 019D,Investigation complete; no suspect identified
11a7fc3dd8259336a2334a4a1b983218ad3e13ec36ccccac8b6ce3e513f26230,2021-05,Northumbria Police,Northumbria Police,-1.471867,54.998598,On or near Sports/Recreation Area,E01008541,North Tyneside 027C,Investigation complete; no suspect identified
95564aac5fca3ecb3d5b054ab2a90c5e55d63622efb5b383d79b8624e38d713a,2021-05,Northumbria Police,Northumbria Police,-1.382352,54.914424,On or near NORTH BRIDGE STREET,E01008791,Sunderland 006F,Investigation complete; no suspect identified
513ab93b89bda73a787ad4655cdbea5051f151260812a5425a94904b923676d2,2021-05,Northumbria Police,Northumbria Police,-1.627916,54.983719,On or near CROSS MORPETH STREET,E01008394,Newcastle upon Tyne 024A,Investigation complete; no suspect identified
8a0333abacabeeaccc212e2ab55344b197291f81c5763fb262ba9e956acd14cd,2021-05,Northumbria Police,Northumbria Police,-1.382352,54.914424,On or near NORTH BRIDGE STREET,E01008791,Sunderland 006F,Investigation complete; no suspect identified
29d94fd1002da820ceb667d49a7b6d770e13cebadf7a032dd705bc76eb3ecc04,2021-05,Northumbria Police,Northumbria Police,-1.621321,54.955545,On or near Pedestrian Subway,E01008257,Gateshead 008E,Investigation complete; no suspect identified
a824355b53e49f6766c04de889b30d170bd8e76d46ef7bdc61feade9d2ba6de0,2021-05,Northumbria Police,Northumbria Police,-1.438913,54.968409,On or near Petrol Station,E01008594,South Tyneside 011D,Investigation complete; no suspect identified
c848d4b74746f03823b0c021f04499a754770d919dd3b1b990c97dc3e2e7ecc8,2021-05,Northumbria Police,Northumbria Police,-1.473645,54.998858,On or near PERCY CRESCENT,E01008541,North Tyneside 027C,Investigation complete; no suspect identified
5a33ae28bbcf1acfe7c64f15c0be1c8efbb5f934bd7d5bf399cab02d46d6d092,2021-05,Northumbria Police,Northumbria Police,-1.721842,54.954594,On or near CLARA STREET,E01008280,Gateshead 004E,Investigation complete; no suspect identified
9a5a68cf45e4c903c4288a8cf230ebd49cee3d68ed19fd5a145d33145c27ad1f,2021-05,Northumbria Police,Northumbria Police,-1.374750,54.896655,On or near BEAUMONT STREET,E01008735,Sunderland 016B,Investigation complete; no suspect identified
7ef4fe6e37db7c025792cb187386fd277ba465b2db6ef981e513d40852eb2ad0,2021-05,Northumbria Police,Northumbria Police,-1.427285,54.990893,On or near WESTOE ROAD,E01008676,South Tyneside 003C,Investigation complete; no suspect identified
1f7e5e7638811d4ae9c8cadd4cf4279a1c39d17280342c298d7893206be113c3,2021-05,Northumbria Police,Northumbria Police,-1.430906,54.994558,On or near Petrol Station,E01008667,South Tyneside 002D,Investigation complete; no suspect identified
a0630f27c678c3cc01716a8b8d72cfa662d2df28e961571e8a0cba767db8536d,2021-05,Northumbria Police,Northumbria Police,-1.587818,55.329560,On or near SOUTH AVENUE,E01027364,Northumberland 006D,Local resolution
9eb86898f7ff87a0b8f4fd5e016f39c89490128a1598765dccd4bd7b30b404a9,2021-05,Northumbria Police,Northumbria Police,-1.644416,54.973209,On or near LYNNWOOD AVENUE,E01008333,Newcastle upon Tyne 029C,Investigation complete; no suspect identified
77ed8cb6476511cc4e8ac1830bd5a9f4a057f2b09d4f190f07a0a54c644e08b6,2021-05,Northumbria Police,Northumbria Police,-1.606456,54.965158,On or near HUDSON STREET,E01008168,Gateshead 027D,Investigation complete; no suspect identified
c94910b9d8b608a2a42ee05b5c5ae683a97e1cfa59cf20a01fe6ffc6da8befbc,2021-05,Northumbria Police,Northumbria Police,-1.525771,54.994138,On or near CUMBERLAND STREET,E01008573,North Tyneside 029B,Investigation complete; no suspect identified
4a358f457939cdc46fc9a04fe61fdb14fb7e97ba9cac974c2b9d16784fa18b01,2021-05,Northumbria Police,Northumbria Police,-1.615061,54.975034,On or near Shopping Area,E01008397,Newcastle upon Tyne 024C,Investigation complete; no suspect identified
2820adeedd81275321852248c95793589d50aba24c610d978b1011b61cfdeb56,2021-05,Northumbria Police,Northumbria Police,-1.547351,54.947312,On or near LABURNUM AVENUE,E01008241,Gateshead 015C,Investigation complete; no suspect identified
1f7b310b1cf94eaf8f86d47c04120c7a986ea20c2b60b99c7fca7b552dca7f1b,2021-05,Northumbria Police,Northumbria Police,-1.620889,54.963271,On or near SHOT FACTORY LANE,E01008438,Newcastle upon Tyne 029G,Investigation complete; no suspect identified
fa57c8a960446341f8b14e86c72f7ac6e0a5992670aaeed79c308575c3885e5c,2021-05,Northumbria Police,Northumbria Police,-1.647431,55.001749,On or near DRUMMOND ROAD,E01008375,Newcastle upon Tyne 008C,Investigation complete; no suspect identified
416bbc5be456d56425880a143088a3e6aea1f47cca5875c008b22bfa1dfbc286,2021-05,Northumbria Police,Northumbria Police,-1.568306,55.185746,On or near Supermarket,E01027528,Northumberland 010A,Investigation complete; no suspect identified
c722b45ec37af1cf6e38d64b386364736ef774afef8a9b2af14bf1354c055856,2021-05,Northumbria Police,Northumbria Police,-1.630258,54.978873,On or near LEAZES PARADE,E01008396,Newcastle upon Tyne 022B,Investigation complete; no suspect identified
6ec2d4c8dbceed7958880cc988c6573cdde84a37a5085a0cdb8f9a96e33b53d1,2021-05,Northumbria Police,Northumbria Police,-1.611339,54.991611,On or near FORSYTH ROAD,E01008369,Newcastle upon Tyne 013B,Investigation complete; no suspect identified
1675336ef4caf71ec647ebae5d2ecd2fcafe6fc6c52ca3d290dc214487319cd2,2021-05,Northumbria Police,Northumbria Police,-1.578944,54.953860,On or near OBAN STREET,E01008164,Gateshead 027B,Investigation complete; no suspect identified
585a7657a7fab01347986bd58badf988410d332a6257e8179227c97f9aadf4fe,2021-05,Northumbria Police,Northumbria Police,-1.496494,54.960547,On or near MORECAMBE PARADE,E01008658,South Tyneside 015F,Investigation complete; no suspect identified
2705b1493ed0b48a440aa1f714ee2c0ea74c326509feef8015bef6db22d3ace6,2021-05,Northumbria Police,Northumbria Police,-1.420426,55.001545,On or near Parking Area,E01008598,South Tyneside 001D,Investigation complete; no suspect identified
ba049fe490f9f7048343edbe54e8416effb355674ce207452edbf6239f236a13,2021-05,Northumbria Police,Northumbria Police,-1.534379,54.990406,On or near FRANK STREET,E01008575,North Tyneside 030E,Investigation complete; no suspect identified
da486f89dc8707131303522c5dd3addefabbf129e5c3fc451e4327d5fe49543f,2021-05,Northumbria Police,Northumbria Police,-1.361486,54.877588,On or near SALTERFEN ROAD,E01008779,Sunderland 024C,Investigation complete; no suspect identified
aba71d35e140029006e671d625d414ae128d9e40c40299ca977054fd012bcc23,2021-05,Northumbria Police,Northumbria Police,-1.399609,54.892179,On or near GRANBY CLOSE,E01008785,Sunderland 022F,Suspect charged
d2eb899cde5d4004cb055406919ad3fbe6b6da20bc9d2fde2b82f2f0dd84df94,2021-05,Northumbria Police,Northumbria Police,-1.612740,54.974308,On or near Shopping Area,E01008397,Newcastle upon Tyne 024C,Investigation complete; no suspect identified
bf74beaae2f67484cfc98d9b9b2de010d5f8737137a2c5c61bd8a0b1202b4e87,2021-05,Northumbria Police,Northumbria Police,-1.540786,54.953551,On or near LYONS COURT,E01008244,Gateshead 003D,Investigation complete; no suspect identified
ba2c27a57ff4c44465dcced0e6be096e3babf53db9e763a56d77ca9b679fadd2,2021-05,Northumbria Police,Northumbria Police,-1.462486,54.948395,On or near Parking Area,E01008613,South Tyneside 021D,Investigation complete; no suspect identified
d5a5caa76bd3b9a8b5435cd6af58e2b1c49d7b31ab48476302cfaaf4f85a0f06,2021-05,Northumbria Police,Northumbria Police,-1.472378,54.843846,On or near WHELER STREET,E01008754,Sunderland 034F,Investigation complete; no suspect identified
fa9c4a4ada700698d52a4d00e86d0b55b39ccc8bf9f65accd14e055764e8ec55,2021-05,Northumbria Police,Northumbria Police,-1.531236,55.111249,On or near Supermarket,E01027427,Northumberland 025C,Investigation complete; no suspect identified
04d963a1ab772b0534eb510a5345e00196af150adc51bf557353c3bb24e4bfdf,2021-05,Northumbria Police,Northumbria Police,-1.630860,54.971165,On or near ELSWICK ROAD,E01008439,Newcastle upon Tyne 024E,Investigation complete; no suspect identified
21790b2e9621775e0f27098e892c316f3bca992bcc048746a5ea3b72eecd72fd,2021-05,Northumbria Police,Northumbria Police,-2.024669,55.778656,On or near PAXTON ROAD,E01027378,Northumberland 002A,Investigation complete; no suspect identified
b1c9d84d5744103f91b7528fb81dfd9b49870eb7726c229a575bb15f61fd8f9f,2021-05,Northumbria Police,Northumbria Police,-1.552157,54.975700,On or near COWEN STREET,E01008431,Newcastle upon Tyne 020B,Suspect charged
cc73e34123fb95bbfb4419e3c943e80710749375091ba3ee9fa7aff80bec15ab,2021-05,Northumbria Police,Northumbria Police,-1.604744,54.989927,On or near OSBORNE ROAD,E01008367,Newcastle upon Tyne 017A,Investigation complete; no suspect identified
4fd16a4e856d81938ff5725e007321731f4285bfa72259019e848c44804fc713,2021-05,Northumbria Police,Northumbria Police,-1.535835,55.179723,On or near TAYLOR AVENUE,E01027549,Northumberland 013E,Investigation complete; no suspect identified
a10862225ca2554aaaa1cc68c22aaf502717db6892d87711bd866c5e2edd8270,2021-05,Northumbria Police,Northumbria Police,-1.729029,54.953900,On or near WATERLOO STREET,E01008279,Gateshead 005E,Investigation complete; no suspect identified
8fb6983bfe5ebb2a34e32c6921942c71ea11a227f1350292c4a7af12f5e8b573,2021-05,Northumbria Police,Northumbria Police,-1.441613,54.928055,On or near RUTHERFORD ROAD,E01008841,Sunderland 003F,Investigation complete; no suspect identified
8820f2194dddf5b0c02422820253df04f6dfd595ad113c78067302788bb0b814,2021-05,Northumbria Police,Northumbria Police,-1.651079,55.008383,On or near NEWLYN ROAD,E01008340,Newcastle upon Tyne 003E,Investigation complete; no suspect identified
5216ad8af759ce76276854e3cdeddf9d6d2ecfb3b511c6cf486f603776204fb3,2021-05,Northumbria Police,Northumbria Police,-1.541180,54.986074,On or near EASTFIELD AVENUE,E01008436,Newcastle upon Tyne 020F,Investigation complete; no suspect identified
5216ad8af759ce76276854e3cdeddf9d6d2ecfb3b511c6cf486f603776204fb3,2021-05,Northumbria Police,Northumbria Police,-1.541180,54.986074,On or near EASTFIELD AVENUE,E01008436,Newcastle upon Tyne 020F,Investigation complete; no suspect identified
e7663731deabca13d8264c55edb4d9ab9680ad7b0da1791a2c8702fce41a5105,2021-05,Northumbria Police,Northumbria Police,-1.372930,54.895387,On or near MARION STREET,E01008737,Sunderland 016D,Investigation complete; no suspect identified
871c993a92290f08814697cf024a8dd6fc80d2e608ed8cd7f8005c9844c201e3,2021-05,Northumbria Police,Northumbria Police,-1.672203,54.983388,On or near ST CUTHBERT'S ROAD,E01008343,Newcastle upon Tyne 019A,Investigation complete; no suspect identified
f9229187126f112eefc552774a3b33fce313296b9ba8b87acc47b1a991945973,2021-05,Northumbria Police,Northumbria Police,-1.443834,54.916374,On or near WEST VIEW,E01008697,Sunderland 008E,Investigation complete; no suspect identified
f9229187126f112eefc552774a3b33fce313296b9ba8b87acc47b1a991945973,2021-05,Northumbria Police,Northumbria Police,-1.443834,54.916374,On or near WEST VIEW,E01008697,Sunderland 008E,Suspect charged
d25e21b63af76fa9b3614160827f8f7e26ff44cafe01175e323a955cc4b6b3e6,2021-05,Northumbria Police,Northumbria Police,-1.661608,54.979782,On or near MAGNOLIA CLOSE,E01008348,Newcastle upon Tyne 019F,Investigation complete; no suspect identified
ef1cadbfdd8f985d656a450efc5997327765d0718fa43868fdbd03c5da5e06e0,2021-05,Northumbria Police,Northumbria Police,-1.578110,54.894816,On or near Supermarket,E01008175,Gateshead 026D,Investigation complete; no suspect identified
ddf28721c6f69eedf519a8da5a8f154c3db79ed87ac837bb0009fb321af0dd02,2021-05,Northumbria Police,Northumbria Police,-1.537075,55.004687,On or near ROSE GARDENS,E01008464,North Tyneside 024C,Investigation complete; no suspect identified
780ccb254ba1089e09fe75ca79f91faf352bedd47f8f942754226692dd24ad26,2021-05,Northumbria Police,Northumbria Police,-1.450328,54.817489,On or near CLAUDE STREET,E01008742,Sunderland 035C,Investigation complete; no suspect identified
706942b87f57dfbf9d26cdb5a73fa5759e63a85effc4c6c29f903dc70aa80b84,2021-05,Northumbria Police,Northumbria Police,-2.003591,55.756941,On or near SUNNYSIDE CRESCENT,E01027388,Northumberland 001E,Suspect charged
706942b87f57dfbf9d26cdb5a73fa5759e63a85effc4c6c29f903dc70aa80b84,2021-05,Northumbria Police,Northumbria Police,-2.003591,55.756941,On or near SUNNYSIDE CRESCENT,E01027388,Northumberland 001E,Suspect charged
029853f8487fd4a479cead37892015d6ebf2ef452e29ec591d4ab81f2841b1dc,2021-05,Northumbria Police,Northumbria Police,-1.491992,54.991872,On or near WESTMORLAND AVENUE,E01008542,North Tyneside 028B,Investigation complete; no suspect identified
d3ae93ae4b653fa274cab1bfe1fd62409639db0d459377de63433b8e4f8e6ad6,2021-05,Northumbria Police,Northumbria Police,-1.435244,55.037335,On or near Supermarket,E01008496,North Tyneside 010B,Investigation complete; no suspect identified
683fb61aa307fbb563067ffccad8ae05a9590270462e6b27e2d152e4dca8176f,2021-05,Northumbria Police,Northumbria Police,-1.410632,54.972230,On or near SUNDERLAND ROAD,E01008634,South Tyneside 008B,Investigation complete; no suspect identified
bb28f75842e17fbdf6bd08166297f516df88258f974da6998e8654aaa6de358a,2021-05,Northumbria Police,Northumbria Police,-1.768950,54.973959,On or near OAKFIELD NORTH,E01008250,Gateshead 001E,Investigation complete; no suspect identified
bbf91cf6f933ef44a7a4079e3eec9468ee899a3d5ab87a6a0acb8f00c331f506,2021-05,Northumbria Police,Northumbria Police,-1.584710,54.977693,On or near HEATON PARK ROAD,E01008304,Newcastle upon Tyne 026C,Investigation complete; no suspect identified
5dde5ea22a4d31e3e310fd17bbfb17e5b067076b51e6655da7b33737abb87a05,2021-05,Northumbria Police,Northumbria Police,-1.408690,54.923568,On or near OAKLANDS CRESCENT,E01008817,Sunderland 004B,Investigation complete; no suspect identified
22a89276d014d08dcbb435fb9bcef4de234dc0a4d84dcf3b1686299e465bfc30,2021-05,Northumbria Police,Northumbria Police,-1.747269,54.990962,On or near BRIAR LANE,E01008401,Newcastle upon Tyne 014B,Investigation complete; no suspect identified
e160ed5852315ca2a83d3967545f99083b7cd655b20c5af2433f4f9fabe3aa1e,2021-05,Northumbria Police,Northumbria Police,-1.370327,54.916285,On or near Petrol Station,E01008791,Sunderland 006F,Investigation complete; no suspect identified
683384354338bf5c91eb80a45a71702551c330f7dee398cf1649faeee0eeba9c,2021-05,Northumbria Police,Northumbria Police,-1.392561,54.909856,On or near FARRINGDON ROW,E01008700,Sunderland 013A,Investigation complete; no suspect identified
8d1ebe4138e166692b1cdb6f663dfecbbdeb686acec04de111296384e7a833f1,2021-05,Northumbria Police,Northumbria Police,-1.702716,54.990332,On or near KNARSDALE PLACE,E01008329,Newcastle upon Tyne 015F,Investigation complete; no suspect identified
641a6545070cd7b85fdad50ee05f643c41e8f7b5bcdfdf0bbfadefbdcc0c8020,2021-05,Northumbria Police,Northumbria Police,-1.617468,54.978232,On or near Further/Higher Educational Building,E01008397,Newcastle upon Tyne 024C,Investigation complete; no suspect identified
da96060b1cc38a38b605fbc9b59902ecd9f698784195b142c7fc65c2d31e83e3,2021-05,Northumbria Police,Northumbria Police,-1.606949,54.962580,On or near MULGRAVE TERRACE,E01008168,Gateshead 027D,Investigation complete; no suspect identified
42593bc7a3ca997cb2118bf33be72425e62a1c2e3940388c22606ddc7a80d9a9,2021-05,Northumbria Police,Northumbria Police,-1.448199,54.898295,On or near PENNYCROSS SQUARE,E01008730,Sunderland 021B,Offender given a caution
4789a22e3914be5810532f09465f9a99f0f155c25efbcaf0f04b7aba22316a6b,2021-05,Northumbria Police,Northumbria Police,-1.589731,55.124140,On or near CHURCH LANE,E01027514,Northumberland 021A,Investigation complete; no suspect identified
f47f4746454856914a7c06982c8ac26dd42db6e25bfe86a13316755d0ad1d632,2021-05,Northumbria Police,Northumbria Police,-1.655416,55.009446,On or near COLUMBIA GRANGE,E01008339,Newcastle upon Tyne 003D,Suspect charged
1a2f10b554ebb20be078341320e4b57b8053169e163eaf9dd4222ae3c047a01d,2021-05,Northumbria Police,Northumbria Police,-1.587341,54.922176,On or near IVANHOE VIEW,E01008190,Gateshead 023B,Investigation complete; no suspect identified
277b738ac8f5724d3fcf3276ce62978518936fbe0b119fd7b14fa20281db9cea,2021-05,Northumbria Police,Northumbria Police,-1.616754,54.985868,On or near Park/Open Space,E01008397,Newcastle upon Tyne 024C,Investigation complete; no suspect identified
9718fdbba2f91857dc3a8a4207905c45355f270ed725adc8e4fa4397e037bf7e,2021-05,Northumbria Police,Northumbria Police,-1.617664,54.977334,On or near ST THOMAS' SQUARE,E01008395,Newcastle upon Tyne 024B,Investigation complete; no suspect identified
0ada4d0b4ad5a0981b11640df732fd91709d6361fafbdfb5f2454aa6e87a3395,2021-05,Northumbria Police,Northumbria Police,-1.502206,54.858413,On or near LYTHAM GRANGE,E01008797,Sunderland 030C,Offender given a caution
b24bdced01c22f2667b872c7623ff0be5b1e02a93a2d4fa4343af303e8c757dd,2021-05,Northumbria Police,Northumbria Police,-1.502206,54.858413,On or near LYTHAM GRANGE,E01008797,Sunderland 030C,Investigation complete; no suspect identified
7e92d47c6bf6afc5538a194be9b182e8d83da6026755fff9add47d58b800706f,2021-05,Northumbria Police,Northumbria Police,-1.439106,54.975896,On or near VINE STREET,E01008590,South Tyneside 011A,Offender given a drugs possession warning
dc8bd15d6ba95d3607e9b2d4f1a3489023ec0baeb69d1921e42c09ecb8580b98,2021-05,Northumbria Police,Northumbria Police,-1.510142,54.913119,On or near USWORTH STATION ROAD,E01008859,Sunderland 009E,Investigation complete; no suspect identified
ba0085e495e60aa663a68a04ad2b6633d2d3022bffcb2c2b3d8ad91391ea4911,2021-05,Northumbria Police,Northumbria Police,-1.439106,54.975896,On or near VINE STREET,E01008590,South Tyneside 011A,Suspect charged
841f2af3452ed9d6aa785f75d3acab6232c369669ec56d8cb3be2a6c50c4c130,2021-05,Northumbria Police,Northumbria Police,-1.574085,54.979211,On or near MILLERS ROAD,E01008392,Newcastle upon Tyne 026F,Suspect charged
841f2af3452ed9d6aa785f75d3acab6232c369669ec56d8cb3be2a6c50c4c130,2021-05,Northumbria Police,Northumbria Police,-1.574085,54.979211,On or near MILLERS ROAD,E01008392,Newcastle upon Tyne 026F,Suspect charged
c3f568f91e9ee94b617f4cab600da7c22999532a75f19d55cc0899ed2b796641,2021-05,Northumbria Police,Northumbria Police,-1.463444,55.005409,On or near OAKHAM GARDENS,E01008485,North Tyneside 023D,Investigation complete; no suspect identified
33fc64dfeb8005b4c71078239aa26c8b87e806f6f5f736a57b249833c2da6b31,2021-05,Northumbria Police,Northumbria Police,-1.544270,55.129900,On or near WINDMILL GROVE,E01027424,Northumberland 022D,Offender given a caution
2d10dfa97eb7ab4bd8e6e3f79bf120aa670fde2df88a3af7f3a6dbf4e4001f2d,2021-05,Northumbria Police,Northumbria Police,-1.685663,54.982579,On or near Petrol Station,E01008416,Newcastle upon Tyne 025C,Investigation complete; no suspect identified
1ae77da5d65e4fe9308043c6a8dfab414085ba5c3282c45a64c7bce455fc16cf,2021-05,Northumbria Police,Northumbria Police,-1.643124,54.951594,On or near PARKSIDE,E01008211,Gateshead 013D,Investigation complete; no suspect identified
b30efd83a54908d2feb9928f9f89cc58e744ea706357c0f09aeb7f1942c5943b,2021-05,Northumbria Police,Northumbria Police,-1.574085,54.979211,On or near MILLERS ROAD,E01008392,Newcastle upon Tyne 026F,Suspect charged
b615076c0d234e1a6612dc5ab9697b9db9c793d6acc532e0e23f3f59b09d5c7b,2021-05,Northumbria Police,Northumbria Police,-1.679503,54.949637,On or near KIPLING AVENUE,E01008265,Gateshead 009D,Investigation complete; no suspect identified
c8cbd15353dbeae6b04dc5a73e256141577c5fa5037358ea58308357ea1367db,2021-05,Northumbria Police,Northumbria Police,-1.658434,54.992839,On or near BRIERYSIDE,E01008300,Newcastle upon Tyne 016A,Investigation complete; no suspect identified
cee2dcffb584f0557c2712c77e498c11c6b3ec05a7e20de4b1df8b2f0e573975,2021-05,Northumbria Police,Northumbria Police,-1.384046,54.907719,On or near Shopping Area,E01008703,Sunderland 013B,Offender given a caution
840ac1ea3e2a3ee896a3453fd940b996ea7f9c839edfbd02c1e25188c32b8ffe,2021-05,Northumbria Police,Northumbria Police,-1.606198,54.993086,On or near ST GEORGE'S TERRACE,E01008372,Newcastle upon Tyne 013D,Investigation complete; no suspect identified
aa25cf5d205e07e0feed8ee1f4589c70b09aa35e598bc796581e7226077b6153,2021-05,Northumbria Police,Northumbria Police,-1.438325,55.041915,On or near HELENA AVENUE,E01008587,North Tyneside 006C,Investigation complete; no suspect identified
f1733ac0a3148759fe7d4c9876fe006fb421b23703212e4e79982b2b9a0f6c23,2021-05,Northumbria Police,Northumbria Police,-1.565415,54.928426,On or near BRANDON GARDENS,E01008227,Gateshead 021E,Investigation complete; no suspect identified
3e2332e4e8bdbe05877e7e3cfbad15fc8bdcd68fcae24f48bd9d1e5d9ddeb8cf,2021-05,Northumbria Police,Northumbria Police,-1.437459,54.992010,On or near TUDOR ROAD,E01008667,South Tyneside 002D,Investigation complete; no suspect identified
94cd1c7166ce13d48a93c8fba8fdda2e443d6d79cfdfc986c8e2dc5168e97261,2021-05,Northumbria Police,Northumbria Police,-1.507448,54.915264,On or near MARLBOROUGH ROAD,E01008854,Sunderland 009B,Investigation complete; no suspect identified
9b14fb3035799a01984e39e34ef2bf32063763304fd2f398c79b484b68fc2419,2021-05,Northumbria Police,Northumbria Police,-1.703700,55.003148,On or near STAMFORDHAM ROAD,E01008444,Newcastle upon Tyne 031C,Investigation complete; no suspect identified
7fe3e8b7f20ade73704ce65b1d0e4ca0d17518dae6bae429c6d31c18f9b5990c,2021-05,Northumbria Police,Northumbria Police,-1.483168,55.015649,On or near WOOLSINGTON ROAD,E01008491,North Tyneside 015D,Investigation complete; no suspect identified
eeec973f290a247548c99ef4f2f6faa5172e8eb704a0a79beeb5a4005e51a222,2021-05,Northumbria Police,Northumbria Police,-1.579967,55.090795,On or near ROTHERFIELD CLOSE,E01027405,Northumberland 028F,Investigation complete; no suspect identified
8de3289dca8e8a2a3ec368dfd13b82da087fa9b41ff88d8cf4234e7c69188798,2021-05,Northumbria Police,Northumbria Police,-1.437435,54.927784,On or near RANGOON ROAD,E01008839,Sunderland 003D,Investigation complete; no suspect identified
18051ac3501e27222ba53a6761481869043826080fa0a4b4e16549fdc8354581,2021-05,Northumbria Police,Northumbria Police,-1.532469,54.989366,On or near Bus/Coach Station,E01008575,North Tyneside 030E,Investigation complete; no suspect identified
79e9f8010e55c39974fa5c765a2d8b859d84b9c563bae85484fdc4c0a7c19900,2021-05,Northumbria Police,Northumbria Police,-1.618512,55.001527,On or near ROSEWORTH AVENUE,E01008420,Newcastle upon Tyne 005D,Investigation complete; no suspect identified
f6bbb58ead6d7fd2494ef05ce0bff5e3e94efa4b73e01d057f4fd8c0f401e07d,2021-05,Northumbria Police,Northumbria Police,-1.402273,54.908116,On or near HADRIAN STREET,E01008706,Sunderland 011C,Investigation complete; no suspect identified
15571f1c192f3cc61e2409cf78b65c93204bbe4dd89e55d835ca3aa7a06936ed,2021-05,Northumbria Police,Northumbria Police,-1.524624,55.072628,On or near HARTLEY STREET NORTH,E01027432,Northumberland 032A,Investigation complete; no suspect identified
21789d758aeb01781fdf01727ee113e9da8fd1a54e104f7302edc5116cf207ef,2021-05,Northumbria Police,Northumbria Police,-1.583848,54.993021,On or near PLESSEY TERRACE,E01008318,Newcastle upon Tyne 012D,Investigation complete; no suspect identified
da25e640091cb2bfbe7f004bfd88dc4a82df5da1fb4361d7ba658595975e1d1c,2021-05,Northumbria Police,Northumbria Police,-1.644242,54.943383,On or near BRAESIDE,E01008206,Gateshead 013A,Investigation complete; no suspect identified
5db53133f3beddc013c3b7af44d80c2aaa32b4f635d7992f957657dcfe8a02cf,2021-05,Northumbria Police,Northumbria Police,-1.525944,55.028538,On or near Petrol Station,E01008501,North Tyneside 018D,Investigation complete; no suspect identified
f506b677f0088d990eeee8ade16436f5dec3ab688cfd6546247209555bf68426,2021-05,Northumbria Police,Northumbria Police,-1.616944,54.956124,On or near MARIAN COURT,E01008170,Gateshead 008C,Investigation complete; no suspect identified
a27138ddf6acc3c945541c770bc10d6c544dfafa88cb47ef7d232b4c8d166f0e,2021-05,Northumbria Police,Northumbria Police,-1.377551,54.903103,On or near LAURA STREET,E01008836,Sunderland 016F,Offender given a drugs possession warning
6a661d951232c9c151c0df33dea4c36b527d8cd8d9f626837f30122a10e36c7e,2021-05,Northumbria Police,Northumbria Police,-1.370834,54.937792,On or near Parking Area,E01008723,Sunderland 002A,Investigation complete; no suspect identified
d8b8a8b2d7742275bb9dff4d12802ec43c94c5cb84d5ceb008c043ca747e1fd9,2021-05,Northumbria Police,Northumbria Police,-1.604954,54.992489,On or near ACORN ROAD,E01008372,Newcastle upon Tyne 013D,Investigation complete; no suspect identified
4848e550eec9d45984a5badf238c71e0ca5ccf70e4dd51463ccbd5966606019e,2021-05,Northumbria Police,Northumbria Police,-1.665793,55.012072,On or near Shopping Area,E01008295,Newcastle upon Tyne 008A,Investigation complete; no suspect identified
e50049bd58b4e232f7327ce372d68f8618523f2fb1505d316e947508d45bb17c,2021-05,Northumbria Police,Northumbria Police,-1.518440,55.119485,On or near SIXTH AVENUE,E01027429,Northumberland 024D,Investigation complete; no suspect identified
5358508203e847537ca1fd137f981ec834c86f6e729009432839794511761799,2021-05,Northumbria Police,Northumbria Police,-1.606949,54.962580,On or near MULGRAVE TERRACE,E01008168,Gateshead 027D,Investigation complete; no suspect identified
8e878314ba29222ee485a32bc81e8b04e0af4633522e923e1955de84a1550d56,2021-05,Northumbria Police,Northumbria Police,-1.541144,55.209639,On or near Sports/Recreation Area,E01027451,Northumberland 008E,Investigation complete; no suspect identified
79391054ecf5466d9de52039771391e96883df5218a342a01deaf0dc9fd99b7d,2021-05,Northumbria Police,Northumbria Police,-1.494547,55.011149,On or near Shopping Area,E01008491,North Tyneside 015D,Investigation complete; no suspect identified
084a046e7a8a0a1c12a94394925d35e609b57c78919adf13a983baa6e1247ef6,2021-05,Northumbria Police,Northumbria Police,-1.595546,55.085663,On or near Parking Area,E01027409,Northumberland 029B,Suspect charged
1d9e3d5306d99188bfe893de38f6e9c2c4fc6d7f8dd84ca9b9f0e9004de0f562,2021-05,Northumbria Police,Northumbria Police,-1.645215,54.964145,On or near NOBLE STREET,E01008437,Newcastle upon Tyne 029F,Investigation complete; no suspect identified
60726eeb4d3a7d886ea1092cf358e95eba3eb9e8dc1599113e870d0c18184894,2021-05,Northumbria Police,Northumbria Police,-1.595546,55.085663,On or near Parking Area,E01027409,Northumberland 029B,Suspect charged
32438cf3ce06c7bfc295373a097a7c76e4483ddd325ab4de95fd5b2d788db784,2021-05,Northumbria Police,Northumbria Police,-1.449572,54.903990,On or near UNION STREET,E01008811,Sunderland 014B,Investigation complete; no suspect identified
81a6f66726290aa790a9497d1cb0b6bfd0719a3c58b8ce924a6e88ef0f9d5fd1,2021-05,Northumbria Police,Northumbria Police,-1.532724,54.900096,On or near Shopping Area,E01008848,Sunderland 019C,Investigation complete; no suspect identified
a17e98b4cf4ee21ee142907a93ff7570baa11530808dff8289b0511ea3016073,2021-05,Northumbria Police,Northumbria Police,-1.534209,54.947056,On or near THE MEWS,E01008286,Gateshead 014C,Investigation complete; no suspect identified
979a3624fe08c6aeae0d0a6c4f49f89a67d554654c19c6edd9616b44d6dae6b0,2021-05,Northumbria Police,Northumbria Police,-1.381925,54.884299,On or near HELVELLYN ROAD,E01008780,Sunderland 024D,Investigation complete; no suspect identified
796588cb750fa7088aa7db638a95ba680c0681062d182867cebcaa0d94615009,2021-05,Northumbria Police,Northumbria Police,-1.534393,54.897344,On or near Pedestrian Subway,E01008848,Sunderland 019C,Investigation complete; no suspect identified
dbc906b7f28b584acfbf5e58bd5452bef87c8815fc5dd710f8880e6890cf97ad,2021-05,Northumbria Police,Northumbria Police,-1.372414,54.917554,On or near BRANDLING STREET SOUTH,E01008787,Sunderland 006B,Investigation complete; no suspect identified
8fd19cb2174410bb96d374c7d46029f87c5106c63ef06f3fa96658a2e0d79732,2021-05,Northumbria Police,Northumbria Police,-1.397982,54.906145,On or near ST MARK'S TERRACE,E01008706,Sunderland 011C,Investigation complete; no suspect identified
d3fc2e9408bfe5911941d6f474a6ca2b302b03a85dd6384af61fc3591ccdd926,2021-05,Northumbria Police,Northumbria Police,-1.613189,54.969906,On or near COLLINGWOOD STREET,E01033545,Newcastle upon Tyne 024H,Investigation complete; no suspect identified
1cb448b2ddd264bab5c05f8efa9d6a8841b9c203706fca2b58359eda7bc7007b,2021-05,Northumbria Police,Northumbria Police,-1.639470,54.974264,On or near CROYDON ROAD,E01008398,Newcastle upon Tyne 022C,Investigation complete; no suspect identified
489bdda0bcf8315dd7a2a63386f6913e8c533cd51ea9452189e9d8d0b9eb4c74,2021-05,Northumbria Police,Northumbria Police,-1.595977,55.056873,On or near WEETSLADE ROAD,E01008583,North Tyneside 002E,Investigation complete; no suspect identified
c663a7b66d1e3b0d7a240902ba39a4c3181861a463b9434891f2621691429644,2021-05,Northumbria Police,Northumbria Police,-1.496779,54.991479,On or near CARLYLE STREET,E01008543,North Tyneside 028C,Investigation complete; no suspect identified
064a4e15ba19964fde20773e0463f3974a857902bc423d67aef071ff4740f59a,2021-05,Northumbria Police,Northumbria Police,-1.658267,54.981274,On or near LOTUS PLACE,E01008346,Newcastle upon Tyne 019D,Investigation complete; no suspect identified
964f7d2a3ad88309afa5adbb3004df5e511bd478334dc86b56c460da06415bf3,2021-05,Northumbria Police,Northumbria Police,-1.552867,54.982109,On or near KEEBLEDALE AVENUE,E01008432,Newcastle upon Tyne 026G,Investigation complete; no suspect identified
3e1a527ea4fb8af2b7d9eb175340b361fd33c6727e0d70b7e9198936fc1eb27c,2021-05,Northumbria Police,Northumbria Police,-1.380182,54.918600,On or near ASHBERRY GROVE,E01008787,Sunderland 006B,Investigation complete; no suspect identified
81bcc26bad4a60a3ea9137122f778b5bc37a77aec6cd0f42eee5c0bf493979f3,2021-05,Northumbria Police,Northumbria Police,-1.374750,54.896655,On or near BEAUMONT STREET,E01008735,Sunderland 016B,Investigation complete; no suspect identified
7b662117b123a3662797e6964756acf138570b3f4f102e7daf68f276dc827aac,2021-05,Northumbria Police,Northumbria Police,-1.612280,54.966893,On or near CLOSE,E01033545,Newcastle upon Tyne 024H,Investigation complete; no suspect identified
9d0f8a3770e1a0ab992e1d588daea1579a8f521b6f749fa4d16239cfcee2305e,2021-05,Northumbria Police,Northumbria Police,-1.434154,55.010282,On or near FISH QUAY,E01008561,North Tyneside 016C,Investigation complete; no suspect identified
4b0ee96ca6e7606727a6f32e6e5a36bf4fa20790f6e3df066cb5da611850bb6c,2021-05,Northumbria Police,Northumbria Police,-1.440731,54.808144,On or near BRICK GARTH,E01008744,Sunderland 036B,Investigation complete; no suspect identified
a01fea0133b3a60d1bbd06e604b7ccaaccc4209b8c92160ca20decf6b8d7f46f,2021-05,Northumbria Police,Northumbria Police,-1.464944,54.846671,On or near BAKER STREET,E01008720,Sunderland 032A,Investigation complete; no suspect identified
a725ebdcae4dd767a95f507d8263d122e8f64611c1d18c3be439568f5a2a8ca5,2021-05,Northumbria Police,Northumbria Police,-1.644599,54.948902,On or near Supermarket,E01008211,Gateshead 013D,Investigation complete; no suspect identified
6944945198f289a50c04473e549557815057355faa1e22579fb092aa9e9aa169,2021-05,Northumbria Police,Northumbria Police,-1.678572,55.019404,On or near Sports/Recreation Area,E01008458,Newcastle upon Tyne 004D,Investigation complete; no suspect identified
a8b348e5c394bdb4d97438c8d0803fa4505fe0d282a7bc813608f7419c969269,2021-05,Northumbria Police,Northumbria Police,-1.592723,55.084377,On or near Police Station,E01027409,Northumberland 029B,Investigation complete; no suspect identified
bf91a1c0cbd58ba77f75636eba190bdc0174d63686ee5c6e87f5b5eb072ad271,2021-05,Northumbria Police,Northumbria Police,-1.601153,54.937543,On or near MULBERRY PARK,E01008239,Gateshead 020D,Investigation complete; no suspect identified
8f89411f1cfa865aefb02e938f6be4b46823e928ffe24aaf7206a7d5f0a04827,2021-05,Northumbria Police,Northumbria Police,-1.696117,54.988770,On or near LINDISFARNE CLOSE,E01008330,Newcastle upon Tyne 015G,Investigation complete; no suspect identified
ad17e0509eea47b4460ebbcc7fb57322e6e8f9423a8be1e5b38b3ab2d92faba8,2021-05,Northumbria Police,Northumbria Police,-2.003591,55.756941,On or near SUNNYSIDE CRESCENT,E01027388,Northumberland 001E,Investigation complete; no suspect identified
ad17e0509eea47b4460ebbcc7fb57322e6e8f9423a8be1e5b38b3ab2d92faba8,2021-05,Northumbria Police,Northumbria Police,-2.003591,55.756941,On or near SUNNYSIDE CRESCENT,E01027388,Northumberland 001E,Investigation complete; no suspect identified
ad17e0509eea47b4460ebbcc7fb57322e6e8f9423a8be1e5b38b3ab2d92faba8,2021-05,Northumbria Police,Northumbria Police,-2.003591,55.756941,On or near SUNNYSIDE CRESCENT,E01027388,Northumberland 001E,Investigation complete; no suspect identified
ad17e0509eea47b4460ebbcc7fb57322e6e8f9423a8be1e5b38b3ab2d92faba8,2021-05,Northumbria Police,Northumbria Police,-2.003591,55.756941,On or near SUNNYSIDE CRESCENT,E01027388,Northumberland 001E,Investigation complete; no suspect identified
ad17e0509eea47b4460ebbcc7fb57322e6e8f9423a8be1e5b38b3ab2d92faba8,2021-05,Northumbria Police,Northumbria Police,-2.003591,55.756941,On or near SUNNYSIDE CRESCENT,E01027388,Northumberland 001E,Suspect charged
ad17e0509eea47b4460ebbcc7fb57322e6e8f9423a8be1e5b38b3ab2d92faba8,2021-05,Northumbria Police,Northumbria Police,-2.003591,55.756941,On or near SUNNYSIDE CRESCENT,E01027388,Northumberland 001E,Suspect charged
813f90e3f5601a4f36683b814f9bad6748ba9057bd87d8d2156c6863761bacdc,2021-05,Northumbria Police,Northumbria Police,-1.578935,55.324524,On or near Bus/Coach Station,E01027362,Northumberland 006B,Investigation complete; no suspect identified
ca3ae4746e63e4e0e833c9a1c436e930c7e1539ca635ad5bd71ccacc9e5d2656,2021-05,Northumbria Police,Northumbria Police,-1.554671,54.893762,On or near MALLARD CLOSE,E01008872,Sunderland 020F,Investigation complete; no suspect identified
426841c0ae36f05b4a1d6b1e55395c3f22a05696bf0be33574af8fbf4ef3309b,2021-05,Northumbria Police,Northumbria Police,-1.439106,54.975896,On or near VINE STREET,E01008590,South Tyneside 011A,Investigation complete; no suspect identified
84a7501c55695e1a341ac074cba5a116bcecd56625313f5a6438537fdf263c9b,2021-05,Northumbria Police,Northumbria Police,-1.420389,55.017136,On or near PIER ROAD,E01008558,North Tyneside 016A,Investigation complete; no suspect identified
08dceaa60b4c275c5b3ab643525648b87b028cd63351aff25c404a2896b7cb25,2021-05,Northumbria Police,Northumbria Police,-1.645038,55.014278,On or near Parking Area,E01008337,Newcastle upon Tyne 003B,Investigation complete; no suspect identified
d7b12db29e5dc84d772583ac50ca96ce59a5036b46ae522ce981e69c3ce600cf,2021-05,Northumbria Police,Northumbria Police,-1.617306,54.960726,On or near ST JAMES' BOULEVARD,E01008258,Gateshead 007C,Investigation complete; no suspect identified
d640ca4c560bb3805cde669e566f238d5dae32e587369e4d60fc42eb65565c29,2021-05,Northumbria Police,Northumbria Police,-1.566489,55.021527,On or near STATION ROAD NORTH,E01008470,North Tyneside 014A,Investigation complete; no suspect identified
29e3b389fb8e4b54313525f7c0ffda26a18945d5bf8cf36ec3b8d9518df36b1c,2021-05,Northumbria Police,Northumbria Police,-1.460268,54.814308,On or near GREENDALE GARDENS,E01008743,Sunderland 036A,Investigation complete; no suspect identified
df1b1b7593915b6cbb7fd3bc4baf89e74debb8eb997c6f1783a269d3164e9177,2021-05,Northumbria Police,Northumbria Police,-1.365214,54.869439,On or near THOMAS STREET,E01008769,Sunderland 028E,Suspect charged
c8a3c89a0cda0f97cc2f2852c200de78425afede59330b7274f631f706f70de8,2021-05,Northumbria Police,Northumbria Police,-1.660963,54.969087,On or near JOAN STREET,E01008291,Newcastle upon Tyne 027D,Investigation complete; no suspect identified
94ad73d8712a2dc19f0e04849700710867020ce0b6ebf7c1d095a7337f520352,2021-05,Northumbria Police,Northumbria Police,-1.442604,54.913942,On or near WESSINGTON WAY,E01008697,Sunderland 008E,Investigation complete; no suspect identified
2d9c6038e1cd895b9c845085feec7e061129b7a6f2c08e760c59659e82558bd6,2021-05,Northumbria Police,Northumbria Police,-1.538959,54.945330,On or near MERESYDE,E01008281,Gateshead 015E,Offender given a caution
e1e183e5666d488879cedac30d6fbceba670a1e519c3dc91f72a93aaa9e02345,2021-05,Northumbria Police,Northumbria Police,-1.506781,54.980089,On or near PAGE STREET,E01008652,South Tyneside 009B,Investigation complete; no suspect identified
e71b2a250900e19ccf55b159bf8e65bbb7ce17450c0b7f65b5bf469e9376fb7c,2021-05,Northumbria Police,Northumbria Police,-1.591640,55.015342,On or near STONELEIGH AVENUE,E01008513,North Tyneside 019C,Investigation complete; no suspect identified
2b29700338fb3d330160351405bc2ce6d9094bdf078ee30e3fb30d3b5ca0fe3d,2021-05,Northumbria Police,Northumbria Police,-1.426573,54.983782,On or near OXFORD AVENUE,E01008678,South Tyneside 003E,Investigation complete; no suspect identified
7184829d6542c1c28a61d350e2d80b4bf846f1e702120bd88be701a3ddd303ee,2021-05,Northumbria Police,Northumbria Police,-1.361309,54.867082,On or near ETHEL AVENUE,E01008768,Sunderland 028D,Investigation complete; no suspect identified
3c0237d84bbbc4652d2fdbea5a9e28bd8adb9cc9a02faa00a4bedd3969804af6,2021-05,Northumbria Police,Northumbria Police,-1.441389,54.927308,On or near RUTHERFORD SQUARE,E01008841,Sunderland 003F,Investigation complete; no suspect identified
95719a16f11bec3c5f83b2b9797db19a4ce6f4c821fea0e315121cfdf1d283b9,2021-05,Northumbria Police,Northumbria Police,-1.790075,54.967087,On or near DALE STREET,E01008199,Gateshead 002D,Investigation complete; no suspect identified
837b6af90466c46db998befeaaf754750c1bcfb1ad92525693bdf6970eb6b851,2021-05,Northumbria Police,Northumbria Police,-1.517939,55.012529,On or near CAMBO CLOSE,E01008467,North Tyneside 021C,Investigation complete; no suspect identified
212c766c26b65302b64cd1aa46ceba23cfbf88ab7563d5f0daa0bfb19aed93a0,2021-05,Northumbria Police,Northumbria Police,-1.419931,54.991415,On or near LORD STREET,E01008676,South Tyneside 003C,Investigation complete; no suspect identified
711907b7718eb94e1fa8606c241f90946f8b053b9605e0cb5adc5b8d638d93b8,2021-05,Northumbria Police,Northumbria Police,-1.643336,55.005224,On or near EASTWOOD GARDENS,E01008374,Newcastle upon Tyne 008B,Offender given a drugs possession warning
5c16546270c4e2c9d4a39369e6339e9f0b82b639bf8a528a85081aafb784153c,2021-05,Northumbria Police,Northumbria Police,-1.454047,54.920204,On or near CHEAM ROAD,E01008695,Sunderland 008C,Investigation complete; no suspect identified
20c644a6d99a8e818f6096f4cf7e9cf6fc35473befe14a9c60090effc3c13e36,2021-05,Northumbria Police,Northumbria Police,-1.441027,54.809206,On or near BRADLEY TERRACE,E01008744,Sunderland 036B,Investigation complete; no suspect identified
b5ea5582fb40b00434f414f61973a6f9cdfd76b53617bea04f22a28589776067,2021-05,Northumbria Police,Northumbria Police,-1.450198,55.012530,On or near WATERLOO PLACE,E01008529,North Tyneside 022D,Investigation complete; no suspect identified
f7eba315a6dbb8591d7040f52bd56dfb41b73a33a54d5bb588abb2fe98ea8210,2021-05,Northumbria Police,Northumbria Police,-1.413661,54.896139,On or near KITCHENER STREET,E01008760,Sunderland 018A,Investigation complete; no suspect identified
e86d47b7e41ee393ce8f9f1f31c4555efed93d1cbe5e3a9ae3f870f48f540bc4,2021-05,Northumbria Police,Northumbria Police,-1.499273,55.002039,On or near WINDSOR CLOSE,E01008508,North Tyneside 026A,Investigation complete; no suspect identified
11873c815ce1ba056b703ecee1bd59001602806c3965637790c7c1c9fa404769,2021-05,Northumbria Police,Northumbria Police,-1.619552,55.007291,On or near HIGH STREET,E01008355,Newcastle upon Tyne 006B,Investigation complete; no suspect identified
33b47d62a979c5114e6dc14290817bb2c47c4a1c3a9e990857afc23d8b2f9950,2021-05,Northumbria Police,Northumbria Police,-1.604744,54.989927,On or near OSBORNE ROAD,E01008367,Newcastle upon Tyne 017A,Investigation complete; no suspect identified
732b581f3a24bc2ea357342ab45e5509abeaacd3e27c38a4685587e4d53a9ba1,2021-05,Northumbria Police,Northumbria Police,-1.379961,54.906593,On or near ST THOMAS' STREET,E01008703,Sunderland 013B,Investigation complete; no suspect identified
8e2f68671e252946af64a3953a0bec00b299f7cb2d31fcffaf6303b132279db3,2021-05,Northumbria Police,Northumbria Police,-1.578352,54.973097,On or near RABY STREET,E01008305,Newcastle upon Tyne 026D,Suspect charged
41ee44f4a7de3c61d3bfba012df88cd21d5808a8f7ebb0564e645dd7fe484a75,2021-05,Northumbria Police,Northumbria Police,-1.613362,54.953417,On or near OSWALD TERRACE,E01008170,Gateshead 008C,Suspect charged
7758c613d14d1f722794264471e318feba307acc6ac6f24d6ca1fbd4896e7b79,2021-05,Northumbria Police,Northumbria Police,-1.436928,54.809762,On or near HARTSIDE GARDENS,E01008744,Sunderland 036B,Offender given a caution
1fa888849df267a824bf7cac4837cba8471a4e2b32419cda2dc8790af0d73291,2021-05,Northumbria Police,Northumbria Police,-2.107530,54.974939,On or near PRIOR TERRACE,E01027476,Northumberland 035A,Suspect charged
1fa888849df267a824bf7cac4837cba8471a4e2b32419cda2dc8790af0d73291,2021-05,Northumbria Police,Northumbria Police,-2.107530,54.974939,On or near PRIOR TERRACE,E01027476,Northumberland 035A,Suspect charged
7d8c80ee74eef149868e0a0c4456a30655bf96224ca41793fde0a41847833c4b,2021-05,Northumbria Police,Northumbria Police,-1.429698,54.969499,On or near BRYDEN COURT,E01008594,South Tyneside 011D,Suspect charged
2f5e52429e13a1fcfb8df7df0746caf99bf2758671056f9ba6df79d3d8545f42,2021-05,Northumbria Police,Northumbria Police,-1.453301,55.000538,On or near LOCOMOTION WAY,E01008545,North Tyneside 027E,Investigation complete; no suspect identified
f0197c2b4d3ae9cac8f7513b000e2c5ff8063b55306809ab2e66731178d30b3f,2021-05,Northumbria Police,Northumbria Police,-1.487803,54.990669,On or near Parking Area,E01008543,North Tyneside 028C,Investigation complete; no suspect identified
fe5737db5df5f6bdc4cd1efa01143ea1ba95cd43dd54aed19725117457d39067,2021-05,Northumbria Police,Northumbria Police,-1.455532,54.903774,On or near OFFERTON CLOSE,E01008814,Sunderland 014D,Investigation complete; no suspect identified
628269188ead2b59ba16d7a1b5a73daae3eb6cf046adc50693f2c5c47900adbf,2021-05,Northumbria Police,Northumbria Police,-1.453843,55.046964,On or near ILFRACOMBE GARDENS,E01008550,North Tyneside 003D,Investigation complete; no suspect identified
259cccaa6e241eb3ecacb27cbf6e3ee6e6e13ce78f6023ea0bcc882ea945ec58,2021-05,Northumbria Police,Northumbria Police,-1.558475,55.222652,On or near BREAMISH,E01027445,Northumberland 008C,Investigation complete; no suspect identified
1385ce9c5f8a599f8ff5c64d7c22ac956761303ff05eaa97f95ba675f2a57e4c,2021-05,Northumbria Police,Northumbria Police,-1.445007,54.927505,On or near KIDDERMINSTER ROAD,E01008841,Sunderland 003F,Investigation complete; no suspect identified
5c603a47389788cad8d1ab1bba76cda8d50c83d981baeba7539903b4417ddada,2021-05,Northumbria Police,Northumbria Police,-1.474779,54.998215,On or near ST JOHN'S WALK,E01008540,North Tyneside 027B,Investigation complete; no suspect identified
9ca8f9d67fc0139e58db47cc5a71eeec03fd792182cd5a1876aa73e371cac467,2021-05,Northumbria Police,Northumbria Police,-1.451315,55.046377,On or near MARINE AVENUE,E01008550,North Tyneside 003D,Investigation complete; no suspect identified
9ca8f9d67fc0139e58db47cc5a71eeec03fd792182cd5a1876aa73e371cac467,2021-05,Northumbria Police,Northumbria Police,-1.451315,55.046377,On or near MARINE AVENUE,E01008550,North Tyneside 003D,Investigation complete; no suspect identified
840d67095b104b8434603526d446bbbb4ead0c305a802b5538df65c44616688a,2021-05,Northumbria Police,Northumbria Police,-1.454767,55.005388,On or near VICTORIA CRESCENT,E01008483,North Tyneside 022A,Suspect charged
840d67095b104b8434603526d446bbbb4ead0c305a802b5538df65c44616688a,2021-05,Northumbria Police,Northumbria Police,-1.454767,55.005388,On or near VICTORIA CRESCENT,E01008483,North Tyneside 022A,Suspect charged
f84efc0133a102e48d7c2e984511216515dbb37bfed0085124878e34e01b3760,2021-05,Northumbria Police,Northumbria Police,-1.737442,54.992838,On or near WHITEHALL ROAD,E01008402,Newcastle upon Tyne 014C,Investigation complete; no suspect identified
2a0f55212b343eb20639b488b43fa520b758f18ad96988f5fb12f2fde6c8141f,2021-05,Northumbria Police,Northumbria Police,-1.379593,54.925490,On or near ALEXANDER TERRACE,E01008786,Sunderland 006A,Investigation complete; no suspect identified
6b88cea213f094a48de5be55ca197068711cf949696280bf146988c5134a15d3,2021-05,Northumbria Police,Northumbria Police,-1.452770,54.969488,On or near Supermarket,E01008669,South Tyneside 012B,Suspect charged
86e43de5039a66c891caaf5c84afc52c3a0927a7a51ae322c5cbee3fe83fcaea,2021-05,Northumbria Police,Northumbria Police,-1.524624,55.072628,On or near HARTLEY STREET NORTH,E01027432,Northumberland 032A,Investigation complete; no suspect identified
8d3ef1abe87846814de8057fdda94788b8c7e29ff0c5418a87052beff1f2dbb3,2021-05,Northumbria Police,Northumbria Police,-1.603407,55.005065,On or near MILL RISE,E01008424,Newcastle upon Tyne 005F,Investigation complete; no suspect identified
524193064f8bedf5936ea91e7818ca2a0f654e4c4624125b78cffdb02c21ece6,2021-05,Northumbria Police,Northumbria Police,-1.445101,54.931962,On or near KINGSWAY ROAD,E01008837,Sunderland 003B,Investigation complete; no suspect identified
5a90b02bbcef955c951da8eb497b96df1d3416fcbafc8bbcee925b1c43d22744,2021-05,Northumbria Police,Northumbria Police,-1.638511,54.976661,On or near TAMWORTH ROAD,E01008396,Newcastle upon Tyne 022B,Investigation complete; no suspect identified
e376023f56bb3b23aad3e08b6d2760a673b7260d21ac0c60d63493eeec3b05c2,2021-05,Northumbria Police,Northumbria Police,-1.455812,54.973240,On or near NEWCASTLE ROAD,E01008672,South Tyneside 012D,Investigation complete; no suspect identified
261f0877bb4c362fe1a64f5dfe129076a8a1678fefdc073451e36ae8eb0ffbb2,2021-05,Northumbria Police,Northumbria Police,-1.392125,54.921186,On or near BOUNDARY STREET,E01033075,Sunderland 005G,Investigation complete; no suspect identified
2d373f9f139ca1357f551eafddf8d5c169e17b59efb5d90b7b019467f144b3c8,2021-05,Northumbria Police,Northumbria Police,-1.447484,55.008618,On or near Supermarket,E01008524,North Tyneside 022B,Investigation complete; no suspect identified
756a83c14ab2e02492473e0a597ac0deb79307f002f68c622ecfb781fd8f331a,2021-05,Northumbria Police,Northumbria Police,-1.673349,54.946089,On or near SCHOOL LANE,E01008267,Gateshead 017A,Investigation complete; no suspect identified
696342e21b4fa6a5b76cb9df744f1cf81b1b3f9ed031c18ad81826357ad00cfb,2021-05,Northumbria Police,Northumbria Police,-1.406744,54.921168,On or near JAMES STREET,E01008820,Sunderland 005F,Investigation complete; no suspect identified
708a638633791215d7f056b83c54c38cbecb47b7035d4e1f5a3916cc39b1873d,2021-05,Northumbria Police,Northumbria Police,-1.677500,54.971747,On or near SANDOE GARDENS,E01033547,Newcastle upon Tyne 025E,Offender given a caution
6f496545929dbcc6d5cd1a0328c5fb66aeca40cc3cbd08727dfac7b9587be370,2021-05,Northumbria Police,Northumbria Police,-1.507556,55.007429,On or near COAST ROAD,E01008461,North Tyneside 021A,Investigation complete; no suspect identified
e536958a2060cbd9093dc33e78651cbfe4e88fd3f33ea62f03f400671dd82fc3,2021-05,Northumbria Police,Northumbria Police,-1.633055,54.968503,On or near CROSS PARADE,E01008439,Newcastle upon Tyne 024E,Suspect charged
8edee7eac8fbb87fad299caa1d17d721e0cc6f5b1bca28ca64089e0d3c37bdfe,2021-05,Northumbria Police,Northumbria Police,-1.419936,54.865273,On or near COLLEGE BURN ROAD,E01008770,Sunderland 031C,Investigation complete; no suspect identified
aada833413c2bf511b206a197fd459d1157b07a7d211ab2dd234378c13e22de2,2021-05,Northumbria Police,Northumbria Police,-1.574423,54.926552,On or near Supermarket,E01008218,Gateshead 021A,Investigation complete; no suspect identified
23912c337ab4afcf2272860bb88499568b75b9330248beb4175414c7af6221ed,2021-05,Northumbria Police,Northumbria Police,-1.386405,54.928975,On or near STATION ROAD,E01008713,Sunderland 001A,Investigation complete; no suspect identified
ed48b82a187b88ef4f46d1f5a6f73ca20bb71a95094134bbcd1dd9ed0c938c6f,2021-05,Northumbria Police,Northumbria Police,-1.547077,55.128536,On or near TEESDALE PLACE,E01027424,Northumberland 022D,Investigation complete; no suspect identified
bb0660de310f5a18e63dbef9f3fe9a19eb236960a3e6a6e99eea0f62c45bcaaa,2021-05,Northumbria Police,Northumbria Police,-1.568652,55.099768,On or near ALBION WAY,E01027398,Northumberland 029A,Offender given a caution
9ec0f2281066c584319ba07a477aaa66bdd069d7a9862bcf1046cf64d0130446,2021-05,Northumbria Police,Northumbria Police,-1.537277,54.913701,On or near DURHAM AVENUE,E01008878,Sunderland 009G,Investigation complete; no suspect identified
e0d80ae50dd8c07369375182826c0e48cd3613403c6a403962d125a8c285265a,2021-05,Northumbria Police,Northumbria Police,-1.587642,54.924828,On or near GREYSTOKE GARDENS,E01008192,Gateshead 023D,Investigation complete; no suspect identified
9cdfe02f055a6f62cf246cd86149e3fca1785dd287a552b80e124d65903b1a99,2021-05,Northumbria Police,Northumbria Police,-1.511335,55.012961,On or near ASHBURN ROAD,E01008461,North Tyneside 021A,Investigation complete; no suspect identified
628885b6b19ac2af35010dc50ebdba2f701bb62355166fa2324d15f2bbe75a64,2021-05,Northumbria Police,Northumbria Police,-1.647873,55.013765,On or near BRUNTON GROVE,E01008338,Newcastle upon Tyne 003C,Investigation complete; no suspect identified
3488549228bf2096535cdf642bcbc58e3750b7c7dbb10c6e2619e745f5e89a23,2021-05,Northumbria Police,Northumbria Police,-1.545604,54.997018,On or near CAMBRIDGE AVENUE,E01008533,North Tyneside 030A,Investigation complete; no suspect identified
2bbeabb01e60f1c1ebee94d178ec06a0e067c4ec7cd63b3d6d66203f477ca7a3,2021-05,Northumbria Police,Northumbria Police,-1.928229,54.932137,On or near Conference/Exhibition Centre,E01027507,Northumberland 039E,Investigation complete; no suspect identified
bfe41d80e102dfe6f700cda2b4e4620cdb3c24a610fe5fc2ab501735504c744b,2021-05,Northumbria Police,Northumbria Police,-1.480187,55.010334,On or near SIMONBURN AVENUE,E01008492,North Tyneside 023E,Investigation complete; no suspect identified
c0c0de0689baf4b3f8def9939715eb2a6507c34e0ac5166c7e8faba0b24a43f3,2021-05,Northumbria Police,Northumbria Police,-1.589874,54.941577,On or near SPRINGFIELD PLACE,E01008236,Gateshead 016C,Investigation complete; no suspect identified
1634bea166124eef18674cdce13905503b87227def7a1f5dc71f860e1cd86ee5,2021-05,Northumbria Police,Northumbria Police,-1.610767,55.000685,On or near ILFORD ROAD,E01008422,Newcastle upon Tyne 005E,Offender given a caution
4b5cebaf22e6536f67d989719dafa3ba55095e9e1a533b67b5f66b28660d2096,2021-05,Northumbria Police,Northumbria Police,-1.573622,55.173256,On or near ORPINE COURT,E01027536,Northumberland 012E,Investigation complete; no suspect identified
166bbf023d959e75ba40a597f847ca40309b0e00638bb4390a69844d367419f9,2021-05,Northumbria Police,Northumbria Police,-1.364500,54.880174,On or near IRENE AVENUE,E01008779,Sunderland 024C,Investigation complete; no suspect identified
58c386c3002bc4930989c298a749feb460bf1ec01fe92f5f2cec89039eceb5bc,2021-05,Northumbria Police,Northumbria Police,-1.589874,54.941577,On or near SPRINGFIELD PLACE,E01008236,Gateshead 016C,Investigation complete; no suspect identified
280155dfbe17b1f243f08669426cc6b92c3e7f00ae06576122a6a3ca9c0a23d8,2021-05,Northumbria Police,Northumbria Police,-1.612220,54.976400,On or near Shopping Area,E01008397,Newcastle upon Tyne 024C,Suspect charged
0e0d3ee830a61a292a276376bf2ab81c84cbe796535342ce87f357551826e6a7,2021-05,Northumbria Police,Northumbria Police,-1.498149,54.980638,On or near FIR STREET,E01008652,South Tyneside 009B,Suspect charged
bcbbecd821c68d1a1492e735a06cbab1a4ccd0712bf1caacee1d047048f8c71c,2021-05,Northumbria Police,Northumbria Police,-1.764819,55.036530,On or near Supermarket,E01033714,Northumberland 033F,Investigation complete; no suspect identified
aa1829de460c4c4f5202af25d70d463c586ea384731e2d0db961d575edf003e4,2021-05,Northumbria Police,Northumbria Police,-1.609455,54.971583,On or near Pedestrian Subway,E01033543,Newcastle upon Tyne 024G,Investigation complete; no suspect identified
cef82c4fbb82054263569e9fb7ce5e07196bc4f0523a09a128030b54560757c2,2021-05,Northumbria Police,Northumbria Police,-1.370427,54.896938,On or near TOWER PLACE,E01008736,Sunderland 016C,Investigation complete; no suspect identified
062c904ed9733bc6ab7cdf2b5f2960c1d2d56ac6ff695d16f351f7c754559284,2021-05,Northumbria Police,Northumbria Police,-1.764819,55.036530,On or near Supermarket,E01033714,Northumberland 033F,Investigation complete; no suspect identified
5b5be1a4ea1b9ba022283623bb4e21e5d130d70ea470b00a84b4e6a9bb10ad8f,2021-05,Northumbria Police,Northumbria Police,-1.580911,54.974957,On or near BRINKBURN CLOSE,E01008304,Newcastle upon Tyne 026C,Offender given a drugs possession warning
bb21198999c0599d9d7d83baada0dad3e3aa4087fff8fdf01bc063bdcf4e36cb,2021-05,Northumbria Police,Northumbria Police,-1.507215,55.124427,On or near OXFORD STREET,E01027414,Northumberland 023A,Investigation complete; no suspect identified
e97b39f6d2da6c1e98fb48c06b4da27f3ab16f74de597b3c4fb1271b323344b8,2021-05,Northumbria Police,Northumbria Police,-1.498149,54.980638,On or near FIR STREET,E01008652,South Tyneside 009B,Suspect charged
7641baffb702ce8b5496fb2b7917d702a94ba5e6d256d8139a6944e41dc0ee0b,2021-05,Northumbria Police,Northumbria Police,-1.379228,54.905592,On or near FREDERICK STREET,E01008703,Sunderland 013B,Investigation complete; no suspect identified
2cc6230992316eaf2f9db09ecf55513ed02db6216019e184c6a1a59ab348fdbe,2021-05,Northumbria Police,Northumbria Police,-1.687266,55.009559,On or near BLUEBELL DENE,E01008459,Newcastle upon Tyne 004E,Investigation complete; no suspect identified
b05bbe158a87468ef9407caec46514daa56ca280d20d3a392fa0589b5857d481,2021-05,Northumbria Police,Northumbria Police,-1.668555,54.957641,On or near Shopping Area,E01008262,Gateshead 009A,Investigation complete; no suspect identified
76726c9d36e84cf9a7bde33b45ca740370586ced689868eea9068bc75bed979b,2021-05,Northumbria Police,Northumbria Police,-1.558574,55.078606,On or near B1326,E01027395,Northumberland 028A,Investigation complete; no suspect identified
c7fc851d5fdee906445546febae14470727c9b97ecc8989d9e4256da7e6f1ef1,2021-05,Northumbria Police,Northumbria Police,-1.368611,54.949212,On or near FRONT STREET,E01008687,South Tyneside 018E,Investigation complete; no suspect identified
bace5d4c76ead560701da3835bc6188828c2b91171aed5324ffbb814f3b572e7,2021-05,Northumbria Police,Northumbria Police,-1.492996,54.972969,On or near BEDE BURN ROAD,E01008657,South Tyneside 009F,Investigation complete; no suspect identified
707633933d36432003136b050543888aefaf333a553606f143be9b0663100232,2021-05,Northumbria Police,Northumbria Police,-1.381156,54.883585,On or near HALIDON ROAD,E01008780,Sunderland 024D,Investigation complete; no suspect identified
775836316e9aec56228a3b37ac2bb982455d0a867f6873078becc89eaad3f570,2021-05,Northumbria Police,Northumbria Police,-1.661841,54.985516,On or near GENISTER PLACE,E01008451,Newcastle upon Tyne 016C,Investigation complete; no suspect identified
ca00f2b95862903a85e3f541e2bac141f6e811e59a539990dd108016400b90e5,2021-05,Northumbria Police,Northumbria Police,-1.536580,55.020537,On or near Supermarket,E01008501,North Tyneside 018D,Investigation complete; no suspect identified
0f68acb67ebf03a15080e3f82f7b6c835ee0ebd95556f9ab8ecff0ac6aeb46f6,2021-05,Northumbria Police,Northumbria Police,-1.670806,54.984211,On or near LANERCOST DRIVE,E01008343,Newcastle upon Tyne 019A,Investigation complete; no suspect identified
8fe94e6d8be880391ed3b02af2a5f3d7064af51e6478a5fc27a7b9cf2f60d20e,2021-05,Northumbria Police,Northumbria Police,-1.655752,54.970249,On or near Supermarket,E01008332,Newcastle upon Tyne 029B,Investigation complete; no suspect identified
ed12b7b7abfa8299e6ae864702af6921aca1479fa61c4f1f5b9953bce2c06173,2021-05,Northumbria Police,Northumbria Police,-1.526231,54.993547,On or near DURHAM STREET,E01008573,North Tyneside 029B,Investigation complete; no suspect identified
fcdbee1833094ed3491bb534b5c932460bb016c5f565f85e201bb7c0daf4c4b1,2021-05,Northumbria Police,Northumbria Police,-1.530128,55.113519,On or near BROCKWELL COURT,E01027427,Northumberland 025C,Suspect charged
fcdbee1833094ed3491bb534b5c932460bb016c5f565f85e201bb7c0daf4c4b1,2021-05,Northumbria Police,Northumbria Police,-1.530128,55.113519,On or near BROCKWELL COURT,E01027427,Northumberland 025C,Suspect charged
29067ad9fb2db894cec0291b4b5b8c0d8b735fd754d7e17046c1608c131c1bef,2021-05,Northumbria Police,Northumbria Police,-1.721416,54.991427,On or near BECKSIDE GARDENS,E01008328,Newcastle upon Tyne 015E,Investigation complete; no suspect identified
70472730f16b94a5c169bc033401637825091c442495056cc27417570d011cfd,2021-05,Northumbria Police,Northumbria Police,-1.455586,55.008447,On or near SPENCE TERRACE,E01008483,North Tyneside 022A,Investigation complete; no suspect identified
cb157b031b8069bfa2235df5c4a9e9b621fc22d40c6a2fba8b152b151032b61a,2021-05,Northumbria Police,Northumbria Police,-1.398397,54.907558,On or near RAVENSWORH STREET,E01008705,Sunderland 013C,Investigation complete; no suspect identified
372508c7b85acce3b37602f78a9748fe616e22471c244edbda4108f437b8de81,2021-05,Northumbria Police,Northumbria Police,-1.517078,54.963101,On or near BERESFORD AVENUE,E01008643,South Tyneside 015A,Investigation complete; no suspect identified
4f0a3e15d31a8752500bcec987739485efa70ae9c6dfe646804f95bc7fcc97af,2021-05,Northumbria Police,Northumbria Police,-1.460897,55.028645,On or near PURBECK CLOSE,E01008556,North Tyneside 013C,Investigation complete; no suspect identified
ac7a91c50b45dcecd4c3f386c0fb64eedaf2444e5a7e0733fff3d53da794082e,2021-05,Northumbria Police,Northumbria Police,-1.577144,55.091019,On or near Pedestrian Subway,E01027405,Northumberland 028F,Investigation complete; no suspect identified
79c05966f03ff5d8a91593abc58a470c6d40e5239dfdf72d6bd573ab935c0aaf,2021-05,Northumbria Police,Northumbria Police,-1.584193,55.079163,On or near DOXFORD PLACE,E01027411,Northumberland 029C,Investigation complete; no suspect identified
6d280c63d1ea3cd42ec9166d51bd711a90a4f4f5eecb513f6afc6ea9139d088f,2021-05,Northumbria Police,Northumbria Police,-1.577144,55.091019,On or near Pedestrian Subway,E01027405,Northumberland 028F,Investigation complete; no suspect identified
3bbe57e3cb7ebc46d7e8c08493cc2a8f90e9a6c4d5615d308b10616c0508918f,2021-05,Northumbria Police,Northumbria Police,-1.656820,54.989681,On or near Pedestrian Subway,E01008450,Newcastle upon Tyne 016B,Investigation complete; no suspect identified
907308bdc999c4db85e11e1e41a84cb4041d8b776bf0b52010f09cbcb53019a8,2021-05,Northumbria Police,Northumbria Police,-1.709917,55.414861,On or near POTTERGATE,E01027358,Northumberland 005A,Investigation complete; no suspect identified
ca4cb20bae6345fb0bd26b58d42797268069b351e48fd07bb0190e4fdc3095ab,2021-05,Northumbria Police,Northumbria Police,-1.497049,54.997366,On or near TYNEMOUTH ROAD,E01008542,North Tyneside 028B,Investigation complete; no suspect identified
e68662b0e0b1106e59bba85b2afb7d5c94f3d95a4b2c530580c77880f7ce55aa,2021-05,Northumbria Police,Northumbria Police,-1.462486,54.948395,On or near Parking Area,E01008613,South Tyneside 021D,Investigation complete; no suspect identified
18eea8a1f1ee18db402548676501b684b542390d0852f2201ed747d431f025e9,2021-05,Northumbria Police,Northumbria Police,-1.460897,55.028645,On or near PURBECK CLOSE,E01008556,North Tyneside 013C,Investigation complete; no suspect identified
18eea8a1f1ee18db402548676501b684b542390d0852f2201ed747d431f025e9,2021-05,Northumbria Police,Northumbria Police,-1.460897,55.028645,On or near PURBECK CLOSE,E01008556,North Tyneside 013C,Investigation complete; no suspect identified
75544d1d03e6d4b07e91e4da721972ac424eb44895226fc8fcd35140d44b5ec6,2021-05,Northumbria Police,Northumbria Police,-1.524424,54.991716,On or near MYRTLE GROVE,E01008572,North Tyneside 029A,Investigation complete; no suspect identified
73aade26443f5fb4ff620e734e3c9c37154539875ca41c09580b841ebcfabe5c,2021-05,Northumbria Police,Northumbria Police,-1.639485,54.965646,On or near CLUMBER STREET NORTH,E01008437,Newcastle upon Tyne 029F,Investigation complete; no suspect identified
fd1dec73d49cfb1947116bbc231c4b1f014fa73fbe9bf544a586e0c62b0774dd,2021-05,Northumbria Police,Northumbria Police,-1.526231,54.993547,On or near DURHAM STREET,E01008573,North Tyneside 029B,Investigation complete; no suspect identified
ef44bec9ddf4d582bf628a0b22ae7ffe351e472fd4d84aa1d172051c99aa69ea,2021-05,Northumbria Police,Northumbria Police,-1.381525,54.909351,On or near Parking Area,E01008703,Sunderland 013B,Investigation complete; no suspect identified
332d9c9f8a94a49cfa09a88b96d47ba93e2ff635a6eddd6204a892c2aeca43b1,2021-05,Northumbria Police,Northumbria Police,-1.612359,54.952227,On or near BALFOUR STREET,E01008171,Gateshead 008D,Investigation complete; no suspect identified
bcf8f48866241c06f102c2f6dfba9a1d3373c3c845d76c8501b569f01914c894,2021-05,Northumbria Police,Northumbria Police,-1.434584,54.989705,On or near ST MARK'S WAY,E01008666,South Tyneside 002C,Offender given a caution
f774fa20b74daa2c18e2a5abf90df72dbb8a8d2d7fec75d23e1759b5a08c3a1b,2021-05,Northumbria Police,Northumbria Police,-1.373826,54.908009,On or near DRURY LANE,E01008702,Sunderland 016A,Investigation complete; no suspect identified
5342831180f273b841f5607ce64d0e5a79702680b97475724d428f78876e5c2a,2021-05,Northumbria Police,Northumbria Police,-1.480980,54.958567,On or near WITHAM GREEN,E01008631,South Tyneside 017A,Investigation complete; no suspect identified
0c39be826d779c9329df0b70d6dca0ace0936de8cb9aaea739bb74d2b2ae7370,2021-05,Northumbria Police,Northumbria Police,-1.713711,55.184592,On or near Sports/Recreation Area,E01027448,Northumberland 015B,Investigation complete; no suspect identified
8b8682f661b606b0693411db75e62ec33d958b021a9e4069f3b041376958318c,2021-05,Northumbria Police,Northumbria Police,-1.552774,54.972134,On or near HORSLEY TERRACE,E01008426,Newcastle upon Tyne 028C,Suspect charged
0ff3a3a746e3fed5d6a2c00b7fe0feffcea088c77838f9c0b0749ecf62172225,2021-05,Northumbria Police,Northumbria Police,-1.661841,54.985516,On or near GENISTER PLACE,E01008451,Newcastle upon Tyne 016C,Investigation complete; no suspect identified
dbb0f8ee6d18a10a1b9263816eaec4c4871386e5e7888d4565914a4c394dc5f3,2021-05,Northumbria Police,Northumbria Police,-1.514937,54.974883,On or near JUTLAND AVENUE,E01008641,South Tyneside 010C,Investigation complete; no suspect identified
77854e7423e02ac14945fb8f1cb8273d30ea1c20cfd374262d93830f31ef2b12,2021-05,Northumbria Police,Northumbria Police,-1.551569,54.940121,On or near LEAMSIDE,E01008231,Gateshead 015A,Investigation complete; no suspect identified
bf395ef8b24998caa648c7bcb54f91ff3210aae8be58ea2a426e12a78d7c6444,2021-05,Northumbria Police,Northumbria Police,-1.529878,54.989140,On or near BUDDLE STREET,E01008575,North Tyneside 030E,Investigation complete; no suspect identified
ef721b27c5ca8277bd3c16e9848b9b91d0f082454290a2ab6c4500ccd6ab72a2,2021-05,Northumbria Police,Northumbria Police,-1.453728,54.820407,On or near PARK VIEW,E01008742,Sunderland 035C,Suspect charged
e85ca8655cbe302b5832d3c77a5fb67876859d1bf4be6d242e7ccc9eb664c4ac,2021-05,Northumbria Police,Northumbria Police,-1.601352,54.958464,On or near HIGH WEST STREET,E01008166,Gateshead 027C,Investigation complete; no suspect identified
6759e0e8d6aa9bafac5783e251f06d8f0c16b89a0d1d9ac413c73d356938ae28,2021-05,Northumbria Police,Northumbria Police,-1.536580,55.020537,On or near Supermarket,E01008501,North Tyneside 018D,Investigation complete; no suspect identified
a7243220c060309b94408d756f8c90173aa6e6ce38a6ebf4c8bdd9ecc843255a,2021-05,Northumbria Police,Northumbria Police,-1.453728,54.820407,On or near PARK VIEW,E01008742,Sunderland 035C,Suspect charged
a7243220c060309b94408d756f8c90173aa6e6ce38a6ebf4c8bdd9ecc843255a,2021-05,Northumbria Police,Northumbria Police,-1.453728,54.820407,On or near PARK VIEW,E01008742,Sunderland 035C,Suspect charged
3bdec846fbd56167766d05b7c2a635429ad6ea010877c87ab5ef181f935f9600,2021-05,Northumbria Police,Northumbria Police,-1.572927,55.138361,On or near Petrol Station,E01027517,Northumberland 020B,Investigation complete; no suspect identified
110867bee4786f9d50bd626cb43a6f864ed14947ea15e9d0d76c73373d27b847,2021-05,Northumbria Police,Northumbria Police,-1.400324,54.861853,On or near BURDON ROAD,E01008765,Sunderland 031A,Investigation complete; no suspect identified
a88b0aa86ac29b49b0ce2f47966392e4d957b96a93634ab797320a636ad01b56,2021-05,Northumbria Police,Northumbria Police,-1.690593,55.008040,On or near EAST THORP,E01008459,Newcastle upon Tyne 004E,Investigation complete; no suspect identified
21f38551bd3f646493f34b8f8217605ee8cc1fc170e068c3096f9b7f0cd88e70,2021-05,Northumbria Police,Northumbria Police,-1.593682,54.957109,On or near WORDSWORTH STREET,E01008162,Gateshead 027A,Investigation complete; no suspect identified
3cda19127697fb9f42489fdb9ce1a55b44ae2790822733c009517978b7ecd5b7,2021-05,Northumbria Police,Northumbria Police,-1.464360,54.995321,On or near Shopping Area,E01008541,North Tyneside 027C,Investigation complete; no suspect identified
a7819d6e43c382532481d453f46338c53cf4de9f5645a9673f98bd11c04cec2b,2021-05,Northumbria Police,Northumbria Police,-1.656873,54.976148,On or near WEST ROAD,E01008334,Newcastle upon Tyne 029D,Investigation complete; no suspect identified
70438329942494948c4552c672d15659e521af88fdcd3cec71668726bce21ed0,2021-05,Northumbria Police,Northumbria Police,-1.411068,54.928540,On or near WESTERHAM CLOSE,E01008821,Sunderland 004D,Investigation complete; no suspect identified
b7c2105b1b9016ae6b9d9c7963985e99c92aa8c06a5067f6af29e9766f36dd47,2021-05,Northumbria Police,Northumbria Police,-1.395604,54.902439,On or near THE ROYALTY,E01008831,Sunderland 013D,Investigation complete; no suspect identified
8200fc0cb56712e636ef911864a73413b390ecdd74d1d9e2c0f327b8b6de96d0,2021-05,Northumbria Police,Northumbria Police,-1.669856,54.955138,On or near ST MICHAEL'S WAY,E01008262,Gateshead 009A,Investigation complete; no suspect identified
74c417b17682af4f08c44efea14dd7ad80b9a23e642b48d5a048e95d713ebe74,2021-05,Northumbria Police,Northumbria Police,-1.843246,54.966457,On or near NORTH WYLAM VIEW,E01027497,Northumberland 038A,Investigation complete; no suspect identified
6f90f9cc1ceb79c5bb2b104502a33be3959d48ea0f1fb3036270116aa67e8d86,2021-05,Northumbria Police,Northumbria Police,-1.551259,54.970754,On or near SCROGG ROAD,E01008428,Newcastle upon Tyne 030D,Investigation complete; no suspect identified
f7b1d70d526e338a739947a7cfd6c0972b35de402078d156bc8b408c732cf5f9,2021-05,Northumbria Police,Northumbria Police,-1.472378,54.843846,On or near WHELER STREET,E01008754,Sunderland 034F,Investigation complete; no suspect identified
44e907031a88e7bb46a290fe045bd4fe8138a8265356e84ebbecaa9d134b0050,2021-05,Northumbria Police,Northumbria Police,-1.530969,55.112641,On or near ELLIOTT STREET,E01027427,Northumberland 025C,Suspect charged
2c01eb855564d1b3ac9542550be564c2eb657066dc22c64760ce17a6e1433198,2021-05,Northumbria Police,Northumbria Police,-1.412138,54.908622,On or near GARNET STREET,E01008701,Sunderland 011A,Offender given a drugs possession warning
26e976b8663e80bf80c0b637358e7a0091ba52fa68498b609d178e55ab3103a6,2021-05,Northumbria Police,Northumbria Police,-1.432868,54.870798,On or near CONWAY GARDENS,E01008774,Sunderland 029B,Offender given a caution
26e976b8663e80bf80c0b637358e7a0091ba52fa68498b609d178e55ab3103a6,2021-05,Northumbria Police,Northumbria Police,-1.432868,54.870798,On or near CONWAY GARDENS,E01008774,Sunderland 029B,Offender given a caution
a44f0126e048bb98dfe1baba7bfbe9ce54774907951f2d96bedea97fbf5e432e,2021-05,Northumbria Police,Northumbria Police,-1.582398,54.997239,On or near GOSWICK AVENUE,E01008314,Newcastle upon Tyne 012A,Investigation complete; no suspect identified
050e1c696e0ef207d4d63e80069834e9d7002e123575bf2cfc0b732f1465eed3,2021-05,Northumbria Police,Northumbria Police,-1.527440,55.124714,On or near CAMBO CLOSE,E01027423,Northumberland 024C,Suspect charged
3eb6a616aa4c2330bb0a8c31d2bf8b9647ad3bdfdcef9b729d7df4ea801fe826,2021-05,Northumbria Police,Northumbria Police,-1.642551,54.970445,On or near HULL STREET,E01008331,Newcastle upon Tyne 029A,Investigation complete; no suspect identified
26b17206d7cca2bfe19e40e4aa9f8b3944a188b0c8e2669585e3082483182fee,2021-05,Northumbria Police,Northumbria Police,-1.503419,55.124555,On or near HORTON STREET,E01027442,Northumberland 023E,Suspect charged
7d5ce1cd2f3f1cc440ccdafa930475869038e03fe86d1de79ddcb24b3781ee4d,2021-05,Northumbria Police,Northumbria Police,-1.643124,54.951594,On or near PARKSIDE,E01008211,Gateshead 013D,Investigation complete; no suspect identified
42d94df3acd9e73c03605cc883648de7993e076baab6e00fcde5ad8f1777a95e,2021-05,Northumbria Police,Northumbria Police,-1.438027,54.878550,On or near TENBY ROAD,E01008823,Sunderland 023A,Investigation complete; no suspect identified
f814fef1000fa42235a83f3a61f0285744adc8fc4f21cf78d2e4ff305178c559,2021-05,Northumbria Police,Northumbria Police,-1.671483,55.163341,On or near Theme/Adventure Park,E01027452,Northumberland 016A,Investigation complete; no suspect identified
8280178f9e94e20e582725b89457ec155b98e097d1b765df3a37ab63705b2cb8,2021-05,Northumbria Police,Northumbria Police,-1.430542,54.992643,On or near DERBY TERRACE,E01008667,South Tyneside 002D,Investigation complete; no suspect identified
dad48df3849b412c299acc50c3493b614e98e5f539afee0fed7d10256f664385,2021-05,Northumbria Police,Northumbria Police,-1.424451,54.898275,On or near HEATH SQUARE,E01008758,Sunderland 015B,Investigation complete; no suspect identified
25ef1201b017f97518a17edd997805152f04db6d4a3f324aa79019cf3924e55d,2021-05,Northumbria Police,Northumbria Police,-1.365214,54.869439,On or near THOMAS STREET,E01008769,Sunderland 028E,Investigation complete; no suspect identified
b771c607b154d3a3f98fb59c8f403935db00c6ef491ab528afae2f176df9db8a,2021-05,Northumbria Police,Northumbria Police,-1.698251,55.010486,On or near LOWBIGGIN,E01008460,Newcastle upon Tyne 004F,Investigation complete; no suspect identified
d14f10fb370cd1b42385ab577fcfb88e223fd72b8d764bf43b306c131b102916,2021-05,Northumbria Police,Northumbria Police,-1.559585,54.980759,On or near MOORLAND CRESCENT,E01008392,Newcastle upon Tyne 026F,Investigation complete; no suspect identified
f11795d19488161efdb549eb749cd05f3babce40be5477221197daa3f126d929,2021-05,Northumbria Police,Northumbria Police,-1.592506,55.131931,On or near Parking Area,E01027516,Northumberland 021B,Investigation complete; no suspect identified
6899aca95a4b0a6b8a4c19be9cb77196de8eafc83171dc57b6e4be22d2c66c98,2021-05,Northumbria Police,Northumbria Police,-1.646526,54.967815,On or near CHESTERFIELD ROAD,E01008437,Newcastle upon Tyne 029F,Investigation complete; no suspect identified
5244c542dbf7096d109ce653bea36667f34e8e871661da68e7b9ad4ccdc700b4,2021-05,Northumbria Police,Northumbria Police,-1.506495,54.997054,On or near SHAKESPEARE STREET,E01008511,North Tyneside 028A,Investigation complete; no suspect identified
50536d229ce30b7056cbda9e904f87aa45f91fb9ea4dd7e2cec86b637e18c0be,2021-05,Northumbria Police,Northumbria Police,-1.663694,54.997509,On or near PONTELAND ROAD,E01008377,Newcastle upon Tyne 008E,Investigation complete; no suspect identified
28eab8c1cbb11e9ff51bb1f3b8cfb44cbdab27b7cad3bd22ae6565b6a5be49c2,2021-05,Northumbria Police,Northumbria Police,-1.708522,55.413312,On or near Supermarket,E01027359,Northumberland 005B,Suspect charged
a4357244550325ae18843af04957aa16bf3a2817b85ded2ec2a6d25c180042ac,2021-05,Northumbria Police,Northumbria Police,-1.458077,55.041681,On or near KENSINGTON CLOSE,E01008553,North Tyneside 009B,Investigation complete; no suspect identified
e36f02897df76067da79e3c68124a487556d0e56f0edecadc7888b356a9d0a3b,2021-05,Northumbria Police,Northumbria Police,-1.551964,54.974764,On or near BYKER STREET,E01008429,Newcastle upon Tyne 028D,Suspect charged
fb0d1ec33d4b1277a241b37099926add9ba140277fcace95bc75206f181b64cb,2021-05,Northumbria Police,Northumbria Police,-1.417301,54.929109,On or near WENDOVER CLOSE,E01008821,Sunderland 004D,Investigation complete; no suspect identified
b7f4fdc44178c6e0e58854088a58159ab342df056eba8e13a7c1e5e5064942f8,2021-05,Northumbria Police,Northumbria Police,-1.435882,54.985236,On or near BERTRAM STREET,E01008664,South Tyneside 002A,Investigation complete; no suspect identified
19e5548aac84e0e63d8767948ef12b406e0b1c586d8196235b71877af1e0ab17,2021-05,Northumbria Police,Northumbria Police,-1.602375,54.978246,On or near NAPIER STREET,E01008407,Newcastle upon Tyne 023B,Investigation complete; no suspect identified
547a1cf36ac7ea10b9e27b407c7526b8a931cff4bbb8e113b638d874d5af21a4,2021-05,Northumbria Police,Northumbria Police,-1.665432,54.997091,On or near WILBURY PLACE,E01008297,Newcastle upon Tyne 011B,Investigation complete; no suspect identified
91d645390a0f444d39a483f53c220bef47c21bfb761d63872462029b96296378,2021-05,Northumbria Police,Northumbria Police,-1.634782,54.967573,On or near HAWTHORN TERRACE,E01008439,Newcastle upon Tyne 024E,Suspect charged
613e72a11d4247166dcea08683588a45219d9e2490c57a55f7061923c72f0e18,2021-05,Northumbria Police,Northumbria Police,-1.447484,55.008618,On or near Supermarket,E01008524,North Tyneside 022B,Investigation complete; no suspect identified
bd11b93ecd45b8fc75252b7a9bd950d8b4075cb76d231d2f8107c20833373275,2021-05,Northumbria Police,Northumbria Police,-1.424881,54.997253,On or near EASTBOURNE GROVE,E01008596,South Tyneside 001B,Investigation complete; no suspect identified
cdb88ffb3381e31727c6c6c9bf37639bb51f173e188d51afb9f089c91a90b991,2021-05,Northumbria Police,Northumbria Police,-1.383537,54.895100,On or near CORBY GATE,E01008740,Sunderland 022A,Investigation complete; no suspect identified
f118ace8f7956144130997adae88258869d9b2af8298a7e8fb2d7b700bca65a8,2021-05,Northumbria Police,Northumbria Police,-1.527440,55.124714,On or near CAMBO CLOSE,E01027423,Northumberland 024C,Suspect charged
aafe37ada741e366334a5955f4fff39203feb684dd32b963e721c5d3938acbe1,2021-05,Northumbria Police,Northumbria Police,-1.370327,54.916285,On or near Petrol Station,E01008791,Sunderland 006F,Investigation complete; no suspect identified
5c913320247850a0705e80f76b62c0c275305a7030245aeb172e30034f566e95,2021-05,Northumbria Police,Northumbria Police,-1.655752,54.970249,On or near Supermarket,E01008332,Newcastle upon Tyne 029B,Investigation complete; no suspect identified
076a073c80edb88458be18474409e8ac94d2bd1cdf15a441ae90b9346cd44864,2021-05,Northumbria Police,Northumbria Police,-1.601580,54.978019,On or near SHIELD STREET,E01008406,Newcastle upon Tyne 023A,Investigation complete; no suspect identified
2c86b030ad9fd16d52a25e19432abeeef009d764bd05c2c8fa2329d0d6a27e81,2021-05,Northumbria Police,Northumbria Police,-1.403723,54.880642,On or near THE CRESCENT,E01008809,Sunderland 026E,Investigation complete; no suspect identified
12b5ab441bec0ed945e40c55d3ec7a029b4516862e44f61876f25bf72c066e94,2021-05,Northumbria Police,Northumbria Police,-1.656806,54.967476,On or near KEITH CLOSE,E01008291,Newcastle upon Tyne 027D,Investigation complete; no suspect identified
da02fc84b67d05a02ceb36c38ae3ff47068124f66005f2cbe9282c34ea97600d,2021-05,Northumbria Police,Northumbria Police,-1.398063,54.970739,On or near QUARRY LANE,E01008625,South Tyneside 013C,Investigation complete; no suspect identified
66b3d4d420b952ebf51f0ec975c6d9f5147d556edadf378ef6f27cbb171be702,2021-05,Northumbria Police,Northumbria Police,-1.667248,54.998687,On or near Sports/Recreation Area,E01008296,Newcastle upon Tyne 011A,Investigation complete; no suspect identified
036f9faf2f2adb54669c3ce339f8d8bf85c2584d5d47befe25067ac27904ab05,2021-05,Northumbria Police,Northumbria Police,-1.667248,54.998687,On or near Sports/Recreation Area,E01008296,Newcastle upon Tyne 011A,Investigation complete; no suspect identified
74c3bebf1cf03e33534a46ff85b66f84e97ab05ad02fcb6826ecf64c9856088b,2021-05,Northumbria Police,Northumbria Police,-1.667248,54.998687,On or near Sports/Recreation Area,E01008296,Newcastle upon Tyne 011A,Investigation complete; no suspect identified
17ec922007b1d9c023771ca71d05a3321a11583ec81de229b207049b7571a77d,2021-05,Northumbria Police,Northumbria Police,-1.698251,55.010486,On or near LOWBIGGIN,E01008460,Newcastle upon Tyne 004F,Investigation complete; no suspect identified
e422463d4071e58c1b39c2bd90bcce6f1c8492dbee875665322a2a705bec9f2a,2021-05,Northumbria Police,Northumbria Police,-1.570759,55.185440,On or near LINTONVILLE TERRACE,E01027529,Northumberland 010B,Investigation complete; no suspect identified
a2b534458b176a2d04990c27e648f2b85bde444c04b6b1d3b06d4b4f90336722,2021-05,Northumbria Police,Northumbria Police,-1.429394,54.881727,On or near TYNEMOUTH SQUARE,E01008824,Sunderland 023B,Investigation complete; no suspect identified
b18c51f1a55c8a1e36b318056d55a7b4c90c1ec7acf6ef10ee02147e51705733,2021-05,Northumbria Police,Northumbria Police,-1.617020,54.997407,On or near GREAT NORTH ROAD,E01008423,Newcastle upon Tyne 006G,Investigation complete; no suspect identified
53ec832892394c08f55870146c120d2588caff932553a24d5ea2a2dc53bf1a24,2021-05,Northumbria Police,Northumbria Police,-1.510661,55.127370,On or near Supermarket,E01027415,Northumberland 023B,Investigation complete; no suspect identified
0e4180ae3503bc9f65c58d2daa0e61d297d289cfa5c94d0621f72991233d4d29,2021-05,Northumbria Police,Northumbria Police,-1.395452,54.904272,On or near WESTBOURNE ROAD,E01008705,Sunderland 013C,Investigation complete; no suspect identified
0267117c09175a4f6f4d5571329b77a442a22f708801173acd247e38485ddef3,2021-05,Northumbria Police,Northumbria Police,-1.673395,54.957798,On or near Parking Area,E01008262,Gateshead 009A,Investigation complete; no suspect identified
7f7a943d1cd912c8d545ea6bb098a6da4337b080a29af9f67a8ee3f9a21cf92c,2021-05,Northumbria Police,Northumbria Police,-1.603974,54.950682,On or near WESTFIELD TERRACE,E01008252,Gateshead 010B,Offender given a caution
90dffbf5792eaec83eca06bdf911296b40ec21505339fb2dc2ae103a8f409df1,2021-05,Northumbria Police,Northumbria Police,-1.613245,54.955861,On or near THE MILL,E01008170,Gateshead 008C,Investigation complete; no suspect identified
3b7d706912533b915dda5c5b6bcac4433e2bedf8e1d03e86ee6d27a29810121c,2021-05,Northumbria Police,Northumbria Police,-1.613245,54.955861,On or near THE MILL,E01008170,Gateshead 008C,Investigation complete; no suspect identified
0f61944013465ac4ac126e2f078e238fb4e6909bae1f83918d37c0d706b5f0e0,2021-05,Northumbria Police,Northumbria Police,-1.445077,54.889492,On or near GATWICK ROAD,E01008729,Sunderland 021A,Investigation complete; no suspect identified
13c9989064c01f3afb01726ad6d98fed44399cff3c5c2e91ec798d5c5e984a6d,2021-05,Northumbria Police,Northumbria Police,-1.576604,55.176250,On or near HOLMDALE,E01027536,Northumberland 012E,Investigation complete; no suspect identified
073fa65bcef8f3dcf30a2a293576f8eb38468c92131a582aab9b08680e2843e8,2021-05,Northumbria Police,Northumbria Police,-1.599859,54.987674,On or near OSBORNE AVENUE,E01008367,Newcastle upon Tyne 017A,Investigation complete; no suspect identified
60ff005115ad93a8edc1714209bf35bf30cb495b4acfb2bb087ef11d57af55f8,2021-05,Northumbria Police,Northumbria Police,-1.382451,54.906974,On or near STATION STREET,E01008703,Sunderland 013B,Investigation complete; no suspect identified
1f88da8edfcad8305ea98c2550032c5e489f3a49bfeaa894703579487a2c0dde,2021-05,Northumbria Police,Northumbria Police,-1.639477,55.015385,On or near ETAL PLACE,E01008336,Newcastle upon Tyne 003A,Investigation complete; no suspect identified
dbb00b3e44548623f06cc124104b9e5ff4d5c7f44de93da078d5b23012488b69,2021-05,Northumbria Police,Northumbria Police,-1.674973,55.172301,On or near Sports/Recreation Area,E01027457,Northumberland 011A,Investigation complete; no suspect identified
d7a71b2c296d98219cb2e0c66297ef5e08c8dbed08c81fe0b2018f39c7069cf5,2021-05,Northumbria Police,Northumbria Police,-1.640005,54.972127,On or near HARTINGTON STREET,E01008331,Newcastle upon Tyne 029A,Investigation complete; no suspect identified
5c07ab11fb2b0c241784efc9b976e427dede83c194cbaf33741e89385e714b37,2021-05,Northumbria Police,Northumbria Police,-1.425783,54.990967,On or near ROBERT STREET,E01008676,South Tyneside 003C,Investigation complete; no suspect identified
0617fd8d6cf368a07618aa3136fe7a0d5890e5217f0cd5db1696728ac60ea646,2021-05,Northumbria Police,Northumbria Police,-1.614543,54.981781,On or near KENSINGTON TERRACE,E01008397,Newcastle upon Tyne 024C,Investigation complete; no suspect identified
0e2879d277c31d4d3f0e22339563eb5c6e211b9752894bc42caa937b7b5cb342,2021-05,Northumbria Police,Northumbria Police,-1.470060,54.841283,On or near DURHAM ROAD,E01008754,Sunderland 034F,Investigation complete; no suspect identified
b8068ea0295d63ebcf86486a1c6f1064187607bddc281af4e2a1bfc4936d8a53,2021-05,Northumbria Police,Northumbria Police,-2.006239,55.773087,On or near BRUCEGATE,E01027377,Northumberland 001B,Investigation complete; no suspect identified
9754150e4949e96c173ca328e9bea512300ad19e20ed805cd200ef4978ba6107,2021-05,Northumbria Police,Northumbria Police,-1.657302,54.984452,On or near FENHAM CHASE,E01008450,Newcastle upon Tyne 016B,Investigation complete; no suspect identified
346198a27c09e59752c50b80e609ec366a1d9465242e34dc7174158149aef8ab,2021-05,Northumbria Police,Northumbria Police,-1.640005,54.972127,On or near HARTINGTON STREET,E01008331,Newcastle upon Tyne 029A,Investigation complete; no suspect identified
ec3ca6b10aa80228b34954894ab8687f969b4c669d6ae920b9bf64aba0133acd,2021-05,Northumbria Police,Northumbria Police,-1.639485,54.965646,On or near CLUMBER STREET NORTH,E01008437,Newcastle upon Tyne 029F,Offender given a caution
56aced1f954a264241309a2e0608504bb95a424cdddcc1d3a946937cd228dad0,2021-05,Northumbria Police,Northumbria Police,-1.504162,55.003676,On or near PURLEY CLOSE,E01008509,North Tyneside 026B,Investigation complete; no suspect identified
fb40db79d118dd9cf4215a945e60f9d721d21ad7d7d17215628109710aaeecbb,2021-05,Northumbria Police,Northumbria Police,-1.494873,54.868043,On or near Parking Area,E01008793,Sunderland 030A,Investigation complete; no suspect identified
640a16fb4c5b0e240372765ac7b8378c5540be36395693a048cbb6abda289001,2021-05,Northumbria Police,Northumbria Police,-1.494873,54.868043,On or near Parking Area,E01008793,Sunderland 030A,Investigation complete; no suspect identified
bcfd250c2ae375382257e9686c72b5e6bcbb8b4e34ca0af59095d2b9d24033a4,2021-05,Northumbria Police,Northumbria Police,-1.582531,54.972384,On or near ST MICHAEL'S ROAD,E01008304,Newcastle upon Tyne 026C,Investigation complete; no suspect identified
517910ecc2fe406504580aa715a375c0d8995f10f64eed2b9bddfed6f9e01a6e,2021-05,Northumbria Police,Northumbria Police,-1.766009,54.974627,On or near LIME GROVE,E01008250,Gateshead 001E,Investigation complete; no suspect identified
517910ecc2fe406504580aa715a375c0d8995f10f64eed2b9bddfed6f9e01a6e,2021-05,Northumbria Police,Northumbria Police,-1.766009,54.974627,On or near LIME GROVE,E01008250,Gateshead 001E,Offender given a caution
517910ecc2fe406504580aa715a375c0d8995f10f64eed2b9bddfed6f9e01a6e,2021-05,Northumbria Police,Northumbria Police,-1.766009,54.974627,On or near LIME GROVE,E01008250,Gateshead 001E,Offender given a caution
f06244deec69e0eaba8ee5efc4eeb5a1ca12a09c8a03c119fcc2735cc85efdd3,2021-05,Northumbria Police,Northumbria Police,-1.463628,54.835531,On or near MILTON AVENUE,E01008717,Sunderland 034D,Investigation complete; no suspect identified
78ea0a0be9b395e4660582db9eb9ceaa0f87f7e5e337ff94ff56935535ed3124,2021-05,Northumbria Police,Northumbria Police,-1.500887,54.869380,On or near WASHINGTON HIGHWAY,E01008795,Sunderland 030B,Investigation complete; no suspect identified
65bef0f72cc22c8a7aaf9c85909d7b3c858a24d5be1a45c6c78f7c89187a9ce7,2021-05,Northumbria Police,Northumbria Police,-1.500887,54.869380,On or near WASHINGTON HIGHWAY,E01008795,Sunderland 030B,Investigation complete; no suspect identified
4ee26381da81ae596a5bcd77a7aec49f5f8c0b16696202c38d935a7d1af3fdff,2021-05,Northumbria Police,Northumbria Police,-1.563916,54.970395,On or near NORBURY GROVE,E01008389,Newcastle upon Tyne 028B,Investigation complete; no suspect identified
e474f105aae41a729acd0e61f0bb2e5875563f309cde330de9d123da709a5a5c,2021-05,Northumbria Police,Northumbria Police,-1.574520,54.973533,On or near AVONDALE ROAD,E01008305,Newcastle upon Tyne 026D,Investigation complete; no suspect identified
81c6c3779d7876bf2bd1ea5b67de25b0b076b3cf493e57f104cc47595f3c490a,2021-05,Northumbria Police,Northumbria Police,-1.499441,54.976033,On or near COLLINGWOOD STREET,E01008654,South Tyneside 009D,Investigation complete; no suspect identified
4d72f4c2586d978bb853a88935c241f4d84d2e475665f5fd6ee3a067fd637765,2021-05,Northumbria Police,Northumbria Police,-1.633454,54.974444,On or near ST PHILIPS CLOSE,E01008399,Newcastle upon Tyne 024D,Investigation complete; no suspect identified
25ab9064972197f77acb8b81bdbf73e0fcd07b289b3a27e2fe16d82944b9d84e,2021-05,Northumbria Police,Northumbria Police,-1.442950,55.040202,On or near STATION SQUARE,E01008588,North Tyneside 006D,Investigation complete; no suspect identified
7c1647f8d75f971d86be55ae1da5b8b8a0f739a891ef88e28a47beea2486ed9d,2021-05,Northumbria Police,Northumbria Police,-1.545429,54.944753,On or near GRANGE CRESCENT,E01008242,Gateshead 015D,Investigation complete; no suspect identified
95468c19c825abb2f56162266c160601fcd267860a8485a876b77a62e482645f,2021-05,Northumbria Police,Northumbria Police,-1.482587,55.046226,On or near NORTH RIDGE,E01008548,North Tyneside 001B,Offender given a caution
31ec28625a0451d9964def4475d2246f89811566d6c1bb0f3dfc4ece9c082a38,2021-05,Northumbria Police,Northumbria Police,-1.441793,54.872169,On or near Petrol Station,E01008772,Sunderland 029A,Investigation complete; no suspect identified
6e12b8de93e417a021fc4fa21c1a6c7e4f715d6f38bc6200ebd4a77b14288338,2021-05,Northumbria Police,Northumbria Police,-1.750014,54.991768,On or near NEWBURN ROAD,E01008401,Newcastle upon Tyne 014B,Investigation complete; no suspect identified
1aed214f994cb2b0ff3919d6b51d4f217733eafd9146b822411886ebae09eae3,2021-05,Northumbria Police,Northumbria Police,-1.690825,54.977847,On or near SWINLEY GARDENS,E01008415,Newcastle upon Tyne 025B,Investigation complete; no suspect identified
ea79e3fc7adde535aea111d9c4a7c984ef1a037b3aee8ae9b7756b7687ddd9ca,2021-05,Northumbria Police,Northumbria Police,-1.381487,54.930173,On or near DENE LANE,E01008726,Sunderland 001D,Investigation complete; no suspect identified
f8cf1bf74e76c7c55b324cdb3f2d2bfd6d63dff25c6cbb6df4d424ad6ebb1d9f,2021-05,Northumbria Police,Northumbria Police,-1.581347,54.896903,On or near QUEEN STREET,E01008175,Gateshead 026D,Investigation complete; no suspect identified
1857d9efa29192c9561f722a26b3fa308c7436157c821ada39e8a3a08b244459,2021-05,Northumbria Police,Northumbria Police,-1.368762,54.886711,On or near Shopping Area,E01008741,Sunderland 024B,Investigation complete; no suspect identified
0eefdf96d60a3fa39abb2b672c4f22e69e9c71561d3055f8c0539772139255be,2021-05,Northumbria Police,Northumbria Police,-1.894782,54.873495,On or near HAMMERMILL LANE,E01027506,Northumberland 039D,Investigation complete; no suspect identified
f323573175e3e5d3d9cbe501bca462d57529d527723bb86432c6124a56ca9704,2021-05,Northumbria Police,Northumbria Police,-1.453545,54.969869,On or near WENLOCK ROAD,E01008672,South Tyneside 012D,Investigation complete; no suspect identified
d6a6031c72ab627e5f07f8ce25c4e1414440c5d755beb56f22c7f7aa9eef6d74,2021-05,Northumbria Police,Northumbria Police,-1.612134,54.977199,On or near RIDLEY PLACE,E01008397,Newcastle upon Tyne 024C,Investigation complete; no suspect identified
cc72ba6094b14ae0f7968d4b77c69dc6972d0f35a621115e68cb8fcc59094513,2021-05,Northumbria Police,Northumbria Police,-1.393416,54.972271,On or near WATSON PLACE,E01008624,South Tyneside 018A,Investigation complete; no suspect identified
871a9d6ad1d36b4932916b5afa3b75b5035e59e28becd831027c0a054a2f2144,2021-05,Northumbria Police,Northumbria Police,-1.510661,55.127370,On or near Supermarket,E01027415,Northumberland 023B,Investigation complete; no suspect identified
9aa0f9e4f64b1efa2c0d7f287dec84193f40df57504989a7e5239e388f10c898,2021-05,Northumbria Police,Northumbria Police,-1.615687,55.012581,On or near HOLLYWOOD CRESCENT,E01008351,Newcastle upon Tyne 005A,Investigation complete; no suspect identified
2df6365721837e3ccf5b15be502224bb9633c60d8634b8a4d1669823be29b62f,2021-05,Northumbria Police,Northumbria Police,-1.426124,55.001024,On or near HENRY NELSON STREET,E01008598,South Tyneside 001D,Investigation complete; no suspect identified
3d0bd07a7859b399dd60b2b1e93f7d9af2dd817a066a1b9e2a18d83a5f292998,2021-05,Northumbria Police,Northumbria Police,-1.685102,55.165965,On or near GOOSE HILL,E01027453,Northumberland 016B,Investigation complete; no suspect identified
335e82b2700a8854aa8ccdc8d563fc57f9d0ef3f7c1628d6adfe4ab927243c9f,2021-05,Northumbria Police,Northumbria Police,-1.496431,55.000562,On or near DENBIGH AVENUE,E01008510,North Tyneside 026C,Local resolution
e2eb943aebe17210f2379f798b7d08381ee1327be3ccb3f79a9b965bd4869758,2021-05,Northumbria Police,Northumbria Police,-1.695796,54.981517,On or near HEXTOL GARDENS,E01008416,Newcastle upon Tyne 025C,Investigation complete; no suspect identified
af5cfe57bd44aebddda955508d85763ef86a73847f7b81df6555240250c7752d,2021-05,Northumbria Police,Northumbria Police,-1.453521,55.006201,On or near STORMONT STREET,E01008483,North Tyneside 022A,Investigation complete; no suspect identified
c90b0fb79ea6b0aba39349e39f048fd19b378cc3da8394e9b6936930aa355b5d,2021-05,Northumbria Police,Northumbria Police,-1.687100,54.978673,On or near THORNTREE DRIVE,E01008415,Newcastle upon Tyne 025B,Investigation complete; no suspect identified
d51ce0d8f202f6b1bf1f80ffc46fa07793f0b8a73b2c4de7e33d7e30bb041f90,2021-05,Northumbria Police,Northumbria Police,-1.693167,54.982050,On or near WHARMLANDS ROAD,E01008416,Newcastle upon Tyne 025C,Investigation complete; no suspect identified
a0337340139c016631351d92cafcd5305e46fff8c3ebc6a3b45c09e03b13aec1,2021-05,Northumbria Police,Northumbria Police,-1.382615,54.902383,On or near Parking Area,E01008831,Sunderland 013D,Investigation complete; no suspect identified
a0337340139c016631351d92cafcd5305e46fff8c3ebc6a3b45c09e03b13aec1,2021-05,Northumbria Police,Northumbria Police,-1.382615,54.902383,On or near Parking Area,E01008831,Sunderland 013D,Offender given a caution
d552cc8f505a27df68fe246079f8d1d4118b957e4ed89adaa084c2233feae081,2021-05,Northumbria Police,Northumbria Police,-1.510661,55.127370,On or near Supermarket,E01027415,Northumberland 023B,Investigation complete; no suspect identified
6e788883377caab612ba65b1ca223902cb5b0b8d09b4193b2b1ba24fcbcfb83e,2021-05,Northumbria Police,Northumbria Police,-1.575475,54.977823,On or near GLENDALE TERRACE,E01008392,Newcastle upon Tyne 026F,Investigation complete; no suspect identified
cc05034a44bee6dd0d8a459a8a3094c29501f24a991c12245668e9cd88da2e04,2021-05,Northumbria Police,Northumbria Police,-1.505138,54.984045,On or near BLACKETT STREET,E01008639,South Tyneside 009A,Investigation complete; no suspect identified
256f769ee9f6b4f08723344f6e67de5c1f6797109221e6928080c85e193a48ff,2021-05,Northumbria Police,Northumbria Police,-1.629495,54.951400,On or near A1114,E01008259,Gateshead 007D,Investigation complete; no suspect identified
d1441b779781764102e7d0cacc0e52ff45e264055dcc8920049984c23e16f820,2021-05,Northumbria Police,Northumbria Police,-1.637091,54.941880,On or near SCAFELL GARDENS,E01008261,Gateshead 019C,Investigation complete; no suspect identified
c964a9c9ffabad933e9b2cdf8e021da99ce46cdf3b48ea9b7c183cb2452a43f9,2021-05,Northumbria Police,Northumbria Police,-1.436204,54.989030,On or near LAYGATE,E01008666,South Tyneside 002C,Investigation complete; no suspect identified
dd1f13b27ef9737a75611f44cb41d658e778da377ac5e0bacffb676f9a1bd194,2021-05,Northumbria Police,Northumbria Police,-1.532469,54.989366,On or near Bus/Coach Station,E01008575,North Tyneside 030E,Investigation complete; no suspect identified
90a76ced86b62444e50d9d7b2e54ada1e05529aee2355130e2f3dc199484a50a,2021-05,Northumbria Police,Northumbria Police,-1.572756,54.969043,On or near HARBOTTLE COURT,E01008301,Newcastle upon Tyne 026A,Investigation complete; no suspect identified
31fed96711f5a0db82311b84692bacc53359402af945a02f042f2d0aae8a935a,2021-05,Northumbria Police,Northumbria Police,-1.492335,54.867952,On or near THE COVE,E01008793,Sunderland 030A,Investigation complete; no suspect identified
f344413e069b05b96d8d3b8c0b87b3ddfc3ff342d1aadc1afcd0cf2d8876a53f,2021-05,Northumbria Police,Northumbria Police,-1.466071,55.004162,On or near AVON AVENUE,E01008482,North Tyneside 023B,Investigation complete; no suspect identified
cfe8e71f0b8a4b8e351cfcc050fdfb9de64fad4012b6fcb38ff9530e7c596e0b,2021-05,Northumbria Police,Northumbria Police,-1.373826,54.908009,On or near DRURY LANE,E01008702,Sunderland 016A,Investigation complete; no suspect identified
263292e11b9c021b3d7c39d111b6a2117672c3d4fc33378ab9850a1453cf6a48,2021-05,Northumbria Police,Northumbria Police,-1.442873,54.971249,On or near SCHOOL LOANING,E01008593,South Tyneside 016A,Investigation complete; no suspect identified
b8e7974af79ddf0067e100064debd844a221b6848b695887a58be75e3c27e6bd,2021-05,Northumbria Police,Northumbria Police,-1.562807,54.931508,On or near BLACKHILL CRESCENT,E01008227,Gateshead 021E,Investigation complete; no suspect identified
6d5edc67f3c53384d6ffa4f5b244d70191744559a51dde842a1567a079eec7ff,2021-05,Northumbria Police,Northumbria Police,-1.452930,55.025482,On or near HARTBURN ROAD,E01008494,North Tyneside 013B,Investigation complete; no suspect identified
4fa134720d2b9a3515bb6f3b1e00a1dfac6381873d4ade0aa3396a41173f4f7a,2021-05,Northumbria Police,Northumbria Police,-1.686878,54.954922,On or near SANDS ROAD,E01008262,Gateshead 009A,Suspect charged
25c016fbe7f9e7c61ac6658a60c5b5092a880f2858f6dd775d1e8568874a49c6,2021-05,Northumbria Police,Northumbria Police,-1.583509,55.065008,On or near BERRYMOOR COURT,E01027406,Northumberland 031B,Investigation complete; no suspect identified
0496a150e9299c6749620277f16564ba234656999be96fab5695f8920a068161,2021-05,Northumbria Police,Northumbria Police,-1.623454,54.957959,On or near ROSE STREET,E01008258,Gateshead 007C,Investigation complete; no suspect identified
d495a4f9e7bb8e2ab5217ec8d33b339d23c5d9227431d05fe36036d3c71e8689,2021-05,Northumbria Police,Northumbria Police,-1.506157,54.963399,On or near DEVON ROAD,E01008645,South Tyneside 015C,Investigation complete; no suspect identified
c22ed7b61dad5ec8691d64a19986f1f7ce72f06e5c86af404b52f6023caaf333,2021-05,Northumbria Police,Northumbria Police,-1.364733,54.870335,On or near RYHOPE STREET SOUTH,E01008769,Sunderland 028E,Investigation complete; no suspect identified
7071dbe4e8af21da4f93107068da9ead37501cca82699fbc0ed4a1c719101e94,2021-05,Northumbria Police,Northumbria Police,-1.580911,54.974957,On or near BRINKBURN CLOSE,E01008304,Newcastle upon Tyne 026C,Investigation complete; no suspect identified
e569fe5f4537cf0724219c2a60755e74aa27e4945eb22e188947c4726ebc159d,2021-05,Northumbria Police,Northumbria Police,-1.532418,54.991046,On or near SYCAMORE STREET,E01008573,North Tyneside 029B,Suspect charged
d0f5b78dbd8baaa288276130a3c4a9fc9b6de9414fa5b3f6cd4f621193625594,2021-05,Northumbria Police,Northumbria Police,-1.371123,54.903268,On or near RAINE GROVE,E01008836,Sunderland 016F,Investigation complete; no suspect identified
4fcb543e1560fe7f00f7a5b21416b5df58531de91b012c01b471e4d5e1e89052,2021-05,Northumbria Police,Northumbria Police,-1.463046,55.009424,On or near CHIRTON LANE,E01008482,North Tyneside 023B,Investigation complete; no suspect identified
0337cceddd6615f29d48f0a196be7073ab76df14515f8f8afe88d218f84a8a14,2021-05,Northumbria Police,Northumbria Police,-1.534379,54.990406,On or near FRANK STREET,E01008575,North Tyneside 030E,Investigation complete; no suspect identified
3a9257e5377822208fee1076169f2a570d0b0bf2d7f2f17a12bb752763c768a6,2021-05,Northumbria Police,Northumbria Police,-1.382451,54.906974,On or near STATION STREET,E01008703,Sunderland 013B,Investigation complete; no suspect identified
a5530397aa92507828c7ca75b2808f69d4b5cd27a1befef5b2e9ec23e45b5ef5,2021-05,Northumbria Police,Northumbria Police,-1.463046,55.009424,On or near CHIRTON LANE,E01008482,North Tyneside 023B,Offender given a caution
34ca18386857a1d95bcb7d85af6d036f27140cda127f099fd0c51ce345a0be4b,2021-05,Northumbria Police,Northumbria Police,-1.672890,54.996869,On or near COLWYNE PLACE,E01008298,Newcastle upon Tyne 011C,Investigation complete; no suspect identified
ca18f44f5563f04cf47509e1e7efee1a69ad1e5d12862f65a318f88ecc50c106,2021-05,Northumbria Police,Northumbria Police,-1.604910,54.987358,On or near Hospital,E01008370,Newcastle upon Tyne 017C,Investigation complete; no suspect identified
2699e144d18529847eca5035f41be5f6b7cb44d615e2422226347fb0f8432fa5,2021-05,Northumbria Police,Northumbria Police,-1.580911,54.974957,On or near BRINKBURN CLOSE,E01008304,Newcastle upon Tyne 026C,Investigation complete; no suspect identified
2699e144d18529847eca5035f41be5f6b7cb44d615e2422226347fb0f8432fa5,2021-05,Northumbria Police,Northumbria Police,-1.580911,54.974957,On or near BRINKBURN CLOSE,E01008304,Newcastle upon Tyne 026C,Investigation complete; no suspect identified
d5d9dc0a8998e5a3c2c8dff74deeac1cd9a557f40aef219474f36364cdebae5d,2021-05,Northumbria Police,Northumbria Police,-1.432176,54.990916,On or near Parking Area,E01008667,South Tyneside 002D,Investigation complete; no suspect identified
79310958df2741b46c1a6ed169986ce5af2a1608597b982041b224512230687c,2021-05,Northumbria Police,Northumbria Police,-1.460628,54.836317,On or near GILLAS LANE EAST,E01008717,Sunderland 034D,Investigation complete; no suspect identified
79310958df2741b46c1a6ed169986ce5af2a1608597b982041b224512230687c,2021-05,Northumbria Police,Northumbria Police,-1.460628,54.836317,On or near GILLAS LANE EAST,E01008717,Sunderland 034D,Offender given a caution
79310958df2741b46c1a6ed169986ce5af2a1608597b982041b224512230687c,2021-05,Northumbria Police,Northumbria Police,-1.460628,54.836317,On or near GILLAS LANE EAST,E01008717,Sunderland 034D,Investigation complete; no suspect identified
4b711e90925b3f1058aaf0049161fd8c10036fef794afff7f9c641b5583a3fed,2021-05,Northumbria Police,Northumbria Police,-1.429170,54.884377,On or near TAUNTON SQUARE,E01008829,Sunderland 023G,Investigation complete; no suspect identified
d5e40611815dc67204dba0e48b2639f883fae329d5e5bb3679f0956f27e17d89,2021-05,Northumbria Police,Northumbria Police,-1.637510,54.952547,On or near CASTLEGATE GARDENS,E01008210,Gateshead 007B,Investigation complete; no suspect identified
176643178df1eff7a9c050101c8bff2be23d7e8ab6d58a62be91967e6d277352,2021-05,Northumbria Police,Northumbria Police,-1.499012,54.995379,On or near MARTIN ROAD,E01008543,North Tyneside 028C,Suspect charged
92b82cb8f09f65c4fe68f8ea176f5169e78ed1829b81106eb32547ac8641adf5,2021-05,Northumbria Police,Northumbria Police,-1.594252,54.979621,On or near NEWINGTON ROAD,E01008410,Newcastle upon Tyne 023D,Investigation complete; no suspect identified
25d0dbd1951e61113aeb76b8c7c933064e8e2dd34cacb943113c4f4a16a5b434,2021-05,Northumbria Police,Northumbria Police,-1.440092,54.930843,On or near KENYA ROAD,E01008839,Sunderland 003D,Investigation complete; no suspect identified
2015654fd66277915f0bf1f8de131709f0cff73b1dc375a2c0c956c05a0c45be,2021-05,Northumbria Police,Northumbria Police,-1.602185,54.959455,On or near HIGH WEST STREET,E01008168,Gateshead 027D,Suspect charged
4c498e10e9cd52431bf886dc157bb1f56a46da1719c02a4a3e7e7293d1efc693,2021-05,Northumbria Police,Northumbria Police,-1.685369,55.008216,On or near EASTGARTH,E01008459,Newcastle upon Tyne 004E,Investigation complete; no suspect identified
40ea959a6526da92f2ef0b13f2416d0738a561623e5c9d87f803af6b5fbefa06,2021-05,Northumbria Police,Northumbria Police,-1.457114,54.948515,On or near SOUTH CRESCENT,E01008610,South Tyneside 021A,Investigation complete; no suspect identified
0705a52fc9e263c4d343e17ffe973cc5b48df3d5b6998590ff69abcc59ea404d,2021-05,Northumbria Police,Northumbria Police,-1.449572,54.903990,On or near UNION STREET,E01008811,Sunderland 014B,Investigation complete; no suspect identified
f6efd767aad509fa8c0d62beda44aeb962b3d6d31520b65b0e7b0229bc3ac3b2,2021-05,Northumbria Police,Northumbria Police,-1.586985,54.976757,On or near Petrol Station,E01008304,Newcastle upon Tyne 026C,Investigation complete; no suspect identified
ac2d4d3ad50f58470c278cdf3842083835a8de56d725d05adca32619ae473866,2021-05,Northumbria Police,Northumbria Police,-1.531298,55.072412,On or near WESTERN AVENUE,E01027433,Northumberland 032B,Investigation complete; no suspect identified
af5eea1df697d41bc90504745c8d87e4b6ead19af505d6a6e295f8366c566747,2021-05,Northumbria Police,Northumbria Police,-1.509624,54.903142,On or near BURNHOPE ROAD,E01008845,Sunderland 017A,Investigation complete; no suspect identified
14f6ddb4dabaec2adbff45162c8e49960d390b2dba024a15e7634b93329de67f,2021-05,Northumbria Police,Northumbria Police,-1.434635,54.986102,On or near EGLESFIELD ROAD,E01008664,South Tyneside 002A,Investigation complete; no suspect identified
9c71b00b6c58718e7b404fe57d0386dc1ff7b9f6233b13897ede2ef3ee77d15e,2021-05,Northumbria Police,Northumbria Police,-1.475518,55.003898,On or near ELSDON TERRACE,E01008484,North Tyneside 023C,Investigation complete; no suspect identified
921ea5d9c217d01f570b0295f781b776d98530b7cf61d5a1d9a50aeb031968c0,2021-05,Northumbria Police,Northumbria Police,-1.591674,54.958100,On or near SHELLEY DRIVE,E01008162,Gateshead 027A,Investigation complete; no suspect identified
af62c03b2ecd32826d1e25f874c83f2c42e8947b0150dbb6ac2e37bbaa28e1af,2021-05,Northumbria Police,Northumbria Police,-1.473810,54.998238,On or near COCKBURN TERRACE,E01008541,North Tyneside 027C,Investigation complete; no suspect identified
a039d06a7a0ee048f1913de33b957c79fdd95759dd8944f624a21e96224cfb90,2021-05,Northumbria Police,Northumbria Police,-1.369564,54.934173,On or near KINGS AVENUE,E01008723,Sunderland 002A,Suspect charged
35a5acab04cb169571a988a44667474ce80cd095558d14eabdbff0c631395162,2021-05,Northumbria Police,Northumbria Police,-1.634473,55.005027,On or near HALTERBURN CLOSE,E01008356,Newcastle upon Tyne 006C,Investigation complete; no suspect identified
3d55dcc173df48989dd6273d13ba59ab2265707b500b350751b557b4b1b38a8a,2021-05,Northumbria Police,Northumbria Police,-1.460001,54.946255,On or near LAWSON COURT,E01008613,South Tyneside 021D,Investigation complete; no suspect identified
17ef33426bdba019dcbfd4101a891d413cb3376a5936b356af89d1ee93b47309,2021-05,Northumbria Police,Northumbria Police,-1.469976,54.962959,On or near ARRAN DRIVE,E01008603,South Tyneside 014B,Investigation complete; no suspect identified
3de5819abbc79f39d620639767f8e481ac5a5a35e359e48b727d9c3439deded0,2021-05,Northumbria Police,Northumbria Police,-1.531236,55.111249,On or near Supermarket,E01027427,Northumberland 025C,Suspect charged
a8c1abf9a45249a179925e79d30a11888e0fcd72a7248c0299094b646cead4c9,2021-05,Northumbria Police,Northumbria Police,-1.689102,55.006679,On or near Pedestrian Subway,E01008457,Newcastle upon Tyne 004C,Investigation complete; no suspect identified
711ac5a220ba10c90f3ff032d78e352fd95d4bdbcebb9721ff8f0f8b6bec767a,2021-05,Northumbria Police,Northumbria Police,-1.480508,55.020607,On or near BURWOOD ROAD,E01008490,North Tyneside 015C,Investigation complete; no suspect identified
6f631695c7bdf6a5c002444966f5b1b031dd1b3146ef870e80ea86a0a0d1763c,2021-05,Northumbria Police,Northumbria Police,-1.505138,54.984045,On or near BLACKETT STREET,E01008639,South Tyneside 009A,Investigation complete; no suspect identified
228a110bca1b4f819eae8576769533acc150d5abcf12b539baa6aad81a6353ae,2021-05,Northumbria Police,Northumbria Police,-1.505138,54.984045,On or near BLACKETT STREET,E01008639,South Tyneside 009A,Investigation complete; no suspect identified
f0bee9e021a18ce8734878659de17fdd93219fd089300510139239b1f9d640b0,2021-05,Northumbria Police,Northumbria Police,-1.610226,54.959697,On or near VILLAGE HEIGHTS,E01008167,Gateshead 008A,Investigation complete; no suspect identified
0374e1bb2540e9a037afbd5a245551ec0752bba6a0652488f64eacfa2ca29291,2021-05,Northumbria Police,Northumbria Police,-1.638552,55.008670,On or near COXLODGE TERRACE,E01008353,Newcastle upon Tyne 006A,Investigation complete; no suspect identified
3610fe6ca5dfc534009ca1253d91e5f3dd6112a5446732434c62d9199a578cb6,2021-05,Northumbria Police,Northumbria Police,-1.610635,54.967427,On or near Parking Area,E01033545,Newcastle upon Tyne 024H,Offender given penalty notice
b5a101f5677d1ae7c583d995867befab03c68ad74aa99cfecb1dd2bde620318e,2021-05,Northumbria Police,Northumbria Police,-1.481469,55.012793,On or near COAST ROAD,E01008491,North Tyneside 015D,Offender given a drugs possession warning
e2be637c7f289ed0cf50384fdcbef5dafcf40548ea381c91b4a5ba6df40e7c9f,2021-05,Northumbria Police,Northumbria Police,-1.452560,55.003258,On or near PENMAN STREET,E01008544,North Tyneside 027D,Suspect charged
e2be637c7f289ed0cf50384fdcbef5dafcf40548ea381c91b4a5ba6df40e7c9f,2021-05,Northumbria Police,Northumbria Police,-1.452560,55.003258,On or near PENMAN STREET,E01008544,North Tyneside 027D,Suspect charged
e2be637c7f289ed0cf50384fdcbef5dafcf40548ea381c91b4a5ba6df40e7c9f,2021-05,Northumbria Police,Northumbria Police,-1.452560,55.003258,On or near PENMAN STREET,E01008544,North Tyneside 027D,Suspect charged
e2be637c7f289ed0cf50384fdcbef5dafcf40548ea381c91b4a5ba6df40e7c9f,2021-05,Northumbria Police,Northumbria Police,-1.452560,55.003258,On or near PENMAN STREET,E01008544,North Tyneside 027D,Suspect charged
670e24701ba0e1e049809cd641ab6254bc5b4c42865d3d2a33616b118c998363,2021-05,Northumbria Police,Northumbria Police,-1.422992,54.890189,On or near SPRINGWELL ROAD,E01008825,Sunderland 023C,Investigation complete; no suspect identified
e61a3d55de6c099a490801a9e3e2ca64230dc5a84b36039d95eb669091f115e1,2021-05,Northumbria Police,Northumbria Police,-1.442950,55.040202,On or near STATION SQUARE,E01008588,North Tyneside 006D,Investigation complete; no suspect identified
9a3e53052a1166fd048c1f54604de0c29124bec9739bedba7a7f2a630968398b,2021-05,Northumbria Police,Northumbria Police,-1.610635,54.967427,On or near Parking Area,E01033545,Newcastle upon Tyne 024H,Offender given a drugs possession warning
9fb36a41c69af2f5670436bd515896612a9ca22c30115676275fece3afa3cf19,2021-05,Northumbria Police,Northumbria Police,-1.576970,54.978322,On or near Parking Area,E01008303,Newcastle upon Tyne 018A,Investigation complete; no suspect identified
48b42281bfd5285c8cb54271aff7309e0d2db6e3ca5075e5066b5aa38525837f,2021-05,Northumbria Police,Northumbria Police,-1.580118,54.896594,On or near MORRIS STREET,E01008175,Gateshead 026D,Investigation complete; no suspect identified
e935fcca3db819f9aef91391bfd3598786b747f2d6ac350239f49878510968aa,2021-05,Northumbria Police,Northumbria Police,-1.687266,55.009559,On or near BLUEBELL DENE,E01008459,Newcastle upon Tyne 004E,Investigation complete; no suspect identified
e4085f2042691c583c405b3018c33b6d1daabd092dc43cb6de2052984665c36e,2021-05,Northumbria Police,Northumbria Police,-1.369564,54.934173,On or near KINGS AVENUE,E01008723,Sunderland 002A,Investigation complete; no suspect identified
9ef6447fc5ecb580062d0704ff25e399ce75548296b8062766aff2f233f9f32a,2021-05,Northumbria Police,Northumbria Police,-1.443773,54.970580,On or near ORCHID CLOSE,E01008593,South Tyneside 016A,Investigation complete; no suspect identified
294e6988fc4f0ce363b199012ae5baa0b5cf3bf902587e21dc28af246b38fe15,2021-05,Northumbria Police,Northumbria Police,-1.494740,54.958437,On or near COLWYN PARADE,E01008658,South Tyneside 015F,Investigation complete; no suspect identified
c36d3f9c8e7fb6211668305de5851ae9a8ef21d65220d036eb30372a95924f70,2021-05,Northumbria Police,Northumbria Police,-1.387324,54.905453,On or near Sports/Recreation Area,E01008703,Sunderland 013B,Investigation complete; no suspect identified
1c3ccec438c9c49afc130cc9733377d0f615343aa181fbd2f4a8cfcd3b1e6ad8,2021-05,Northumbria Police,Northumbria Police,-1.468955,54.964572,On or near BALMORAL AVENUE,E01008603,South Tyneside 014B,Investigation complete; no suspect identified
302959633b49c211239b51e8bc8b7a90c5c8d6f15079d6a72ea5f9aaea081cd7,2021-05,Northumbria Police,Northumbria Police,-1.622412,54.970816,On or near WESTGATE ROAD,E01033554,Newcastle upon Tyne 024I,Investigation complete; no suspect identified
e5434b1ff2d37fa2f79296a9310dd0dbc3d1cdb31e39a7fd6f1475368c950612,2021-05,Northumbria Police,Northumbria Police,-1.386217,54.900361,On or near ARGYLE SQUARE,E01008831,Sunderland 013D,Investigation complete; no suspect identified
37602fa3d46b52f6163e481600d0f9ba4ce46817b2a8f3f12ba4abd35bc4361a,2021-05,Northumbria Police,Northumbria Police,-1.622412,54.970816,On or near WESTGATE ROAD,E01033554,Newcastle upon Tyne 024I,Investigation complete; no suspect identified
205a8c6104346bd36a193de432cb4796cab52349887bd28e4dddab11966cb67b,2021-05,Northumbria Police,Northumbria Police,-1.513889,54.995655,On or near CHURCH BANK,E01008543,North Tyneside 028C,Investigation complete; no suspect identified
23471872ba126cea5e022cef912c23947fbf178850b4e5bea41351e2221cbdc7,2021-05,Northumbria Police,Northumbria Police,-1.451877,55.005250,On or near VICARAGE STREET,E01008544,North Tyneside 027D,Investigation complete; no suspect identified
32e5d05ac95cdb65203eae8d608d91c4c0cf91f379fc65913c8d9fa27fc3ad82,2021-05,Northumbria Police,Northumbria Police,-1.412271,54.906969,On or near DENE STREET,E01008701,Sunderland 011A,Investigation complete; no suspect identified
889ee6b80fa2c79960667d462d79a0d3d4e707b8a7374dcea4de9e25c6a9f122,2021-05,Northumbria Police,Northumbria Police,-1.436408,54.957668,On or near HEATON GARDENS,E01008606,South Tyneside 016C,Investigation complete; no suspect identified
da12cd0fb4b6bf13a3eaac6fb20c7c38d2f996354e2bec3de5dc3d62f3fd8c93,2021-05,Northumbria Police,Northumbria Police,-1.595546,55.085663,On or near Parking Area,E01027409,Northumberland 029B,Suspect charged
7cc8339b86ed982f4d6df296fb57d22cf2373caf875916669f85f05635582cfd,2021-05,Northumbria Police,Northumbria Police,-1.618661,54.969402,On or near THOMAS BEWICK SQUARE,E01033545,Newcastle upon Tyne 024H,Investigation complete; no suspect identified
e297aca6ea13eb9a292d98f2f4ddcb9bc586675a3819108670a6755980950e31,2021-05,Northumbria Police,Northumbria Police,-2.112052,54.966047,On or near ST PAULS ROAD,E01027489,Northumberland 035B,Investigation complete; no suspect identified
54203dc7a1bba3c9574b1b48dcab23ed4d1ee647ba04596df55ce098469121fc,2021-05,Northumbria Police,Northumbria Police,-1.677556,54.962779,On or near RIVERSIDE WAY,E01008262,Gateshead 009A,Investigation complete; no suspect identified
4e0387c236a57863a9b4d2943c2febae5b45357cd033cb43e7cbb0125faa68c5,2021-05,Northumbria Police,Northumbria Police,-1.603262,54.978573,On or near BYRON STREET,E01008407,Newcastle upon Tyne 023B,Offender given a caution
114bd148784d28698dbb6cfafb207952f2aee258c3dc344368c85a4f8c06963e,2021-05,Northumbria Police,Northumbria Police,-1.628475,55.014615,On or near PARK AVENUE,E01008352,Newcastle upon Tyne 002C,Investigation complete; no suspect identified
23b43c5064575c74ecbe4ad13fcff7efc68412d15c07901cd46edd401fdc94f5,2021-05,Northumbria Police,Northumbria Police,-1.604887,54.964272,On or near Parking Area,E01008168,Gateshead 027D,Investigation complete; no suspect identified
f9e834eb56d86161b5747e9fc981c37fa2ed3f132b3c394ac7f5fd753d4fb24e,2021-05,Northumbria Police,Northumbria Police,-1.655332,54.973681,On or near ELLESMERE ROAD,E01008332,Newcastle upon Tyne 029B,Investigation complete; no suspect identified
21fee165c0a2ee398e8a50641e717af29059d16176b07f360d65d6e87cbcb45c,2021-05,Northumbria Police,Northumbria Police,-2.101077,54.974279,On or near Supermarket,E01027476,Northumberland 035A,Offender given a drugs possession warning
21fee165c0a2ee398e8a50641e717af29059d16176b07f360d65d6e87cbcb45c,2021-05,Northumbria Police,Northumbria Police,-2.101077,54.974279,On or near Supermarket,E01027476,Northumberland 035A,Offender given a drugs possession warning
66ef8bb69384fcde9b236226025c6dfc63ba532eb8780351f3db7c616e0f9efd,2021-05,Northumbria Police,Northumbria Police,-1.667937,54.992875,On or near CARWARDING PLACE,E01008297,Newcastle upon Tyne 011B,Investigation complete; no suspect identified
2166e1261b1e82509e6d0b933cba11330e17ae2609714bb7e4eb0b010a53dfbf,2021-05,Northumbria Police,Northumbria Police,-1.492335,54.867952,On or near THE COVE,E01008793,Sunderland 030A,Investigation complete; no suspect identified
5cc5fdcc9a3f3a1435c64f7eef68e61982c58556eee428dc94a1fdcfbf17e783,2021-05,Northumbria Police,Northumbria Police,-1.684268,54.917353,On or near CUTHBERT STREET,E01008273,Gateshead 019F,Investigation complete; no suspect identified
9170aaa5b3bd1f10818da0f76d85ff94151477c5437f95c56f4cc77ac0e2cc7e,2021-05,Northumbria Police,Northumbria Police,-1.648737,54.982882,On or near MATFEN PLACE,E01008453,Newcastle upon Tyne 022E,Investigation complete; no suspect identified
194d5d42faf9b46a8aa5abdeb9609787dfd09fd9b2f6dd520ed0b71656b0789f,2021-05,Northumbria Police,Northumbria Police,-1.446335,54.822683,On or near VICTORY STREET EAST,E01008742,Sunderland 035C,Investigation complete; no suspect identified
895af19bfb3dddcb66de41f741b1ed8d228cea17afb0065b067c2f940e4f7e1c,2021-05,Northumbria Police,Northumbria Police,-1.598220,54.992197,On or near GROSVENOR AVENUE,E01008366,Newcastle upon Tyne 013A,Investigation complete; no suspect identified
b47a85d6bdba89629e7d6e44fd8938472175bc3620515f2028823c050527b514,2021-05,Northumbria Police,Northumbria Police,-1.572431,54.981946,On or near BACK CHAPMAN STREET,E01008392,Newcastle upon Tyne 026F,Investigation complete; no suspect identified
3334578a9b05a2c7e5c17c802b0c2c19754aeb5bfe7666524ed821c8577588b3,2021-05,Northumbria Police,Northumbria Police,-1.583941,54.953859,On or near LUMLEY GARDENS,E01008164,Gateshead 027B,Investigation complete; no suspect identified
97df38ca1cbc3a4287467fa9750bec5a0306fa510c89afdbaf69d769d0c24cd5,2021-05,Northumbria Police,Northumbria Police,-1.442950,55.040202,On or near STATION SQUARE,E01008588,North Tyneside 006D,Investigation complete; no suspect identified
f8db89dc03e51c04cd58834a8ab98c412c47795838d37ba27ad73bc47779b0b8,2021-05,Northumbria Police,Northumbria Police,-1.586727,54.975984,On or near B1312,E01008304,Newcastle upon Tyne 026C,Investigation complete; no suspect identified
7227a49119a5a3c1bf851354a047a2bce60050d50a4533a97b77419e3ec646a7,2021-05,Northumbria Police,Northumbria Police,-1.602201,55.163216,On or near SHEEPWASH BANK,E01027530,Northumberland 017A,Investigation complete; no suspect identified
0a1a1bd2cf82e4c21c1822555eac9c5972d7cd05db0e644bb237efdc55b2e087,2021-05,Northumbria Police,Northumbria Police,-1.993460,55.640943,On or near B6525,E01027381,Northumberland 003C,Offender given a drugs possession warning
dab4ca49e2e304b98b31d59ea4d3d39da713b532c31b771a8af8b496746bf4fa,2021-05,Northumbria Police,Northumbria Police,-1.595916,54.925862,On or near CROMER AVENUE,E01008194,Gateshead 020B,Investigation complete; no suspect identified
f4ce0d92ac628776f7b1a409a78b81955bb5ec9e3a07e5a60a70dcec3fc8302e,2021-05,Northumbria Police,Northumbria Police,-1.572210,54.973381,On or near WELBECK ROAD,E01008302,Newcastle upon Tyne 026B,Investigation complete; no suspect identified
bb90594fe91b44c2e125513e85bdf9dfcdab53019d993a144b13eb6231125a95,2021-05,Northumbria Police,Northumbria Police,-1.677556,54.962779,On or near RIVERSIDE WAY,E01008262,Gateshead 009A,Investigation complete; no suspect identified
bce85960ddf5502736db72c2377663804d797cbef1def40ef54378a9bbb5a055,2021-05,Northumbria Police,Northumbria Police,-1.566472,55.040533,On or near NEWBURY,E01008479,North Tyneside 008D,Investigation complete; no suspect identified
297e8aaba1c6f668335f39000a221519b5eb528c6673df015cb04a0cc2d99032,2021-05,Northumbria Police,Northumbria Police,-1.431183,54.959468,On or near WHITELEAS WAY,E01008689,South Tyneside 019B,Investigation complete; no suspect identified
e6322f5dd124955b0d54c94c3e54ed5bdce880b71bda4a15d5ca73a52819d55e,2021-05,Northumbria Police,Northumbria Police,-1.438182,54.967103,On or near Pedestrian Subway,E01008594,South Tyneside 011D,Investigation complete; no suspect identified
b71d2aed9c922953d3158706aaed01f48521639565287d8f078bd3f5a29bab14,2021-05,Northumbria Police,Northumbria Police,-1.383595,54.913747,On or near BACK NORTH BRIDGE STREET,E01008791,Sunderland 006F,Investigation complete; no suspect identified
bbf26664bc0623290dc48d59a163938d0fcb89bc5da064baec50880663301a38,2021-05,Northumbria Police,Northumbria Police,-1.487999,55.039060,On or near HAREWOOD CRESCENT,E01008518,North Tyneside 007A,Investigation complete; no suspect identified
41957071cd1797f770a649f927f8aade5b70297cb1c75ca0098d7ddb42139251,2021-05,Northumbria Police,Northumbria Police,-1.431131,54.988575,On or near CHICHESTER ROAD,E01008664,South Tyneside 002A,Investigation complete; no suspect identified
de3c2f76c8dd5709f9912db2e7c3fe0e8c0ff5254e2bb5cc643cb6968a7c7de2,2021-05,Northumbria Police,Northumbria Police,-1.665966,54.970431,On or near BENWELL GRANGE ROAD,E01008290,Newcastle upon Tyne 027C,Offender given a drugs possession warning
9b3e71fc158fd902d4e801ce03e413f87e08f6a926411660d1c7939005f23359,2021-05,Northumbria Police,Northumbria Police,-1.600626,54.948226,On or near SILVERDALE TERRACE,E01008251,Gateshead 010A,Investigation complete; no suspect identified
857f0f46c501bc2528be0e916c60ed9cb37899274b3f4ce6336af30eba6f7fbe,2021-05,Northumbria Police,Northumbria Police,-1.438182,54.967103,On or near Pedestrian Subway,E01008594,South Tyneside 011D,Investigation complete; no suspect identified
e89f639c48ef5152837c73177db44c1331706ea516f1ed59378db9f97b0b5a35,2021-05,Northumbria Police,Northumbria Police,-1.475398,55.020297,On or near ST AIDAN'S CLOSE,E01008489,North Tyneside 015B,Investigation complete; no suspect identified
ce85cb26f47c65856fcb150fa3561934112d6667cc02914aee8efa3c1077d808,2021-05,Northumbria Police,Northumbria Police,-1.548675,54.937809,On or near RENNINGTON,E01008282,Gateshead 015F,Investigation complete; no suspect identified
f21377cda916c4f3ef4bf0f162135a4d314bee8ff9d5bbd737be3c9e3707c444,2021-05,Northumbria Police,Northumbria Police,-1.570022,54.979296,On or near A193,E01008392,Newcastle upon Tyne 026F,Investigation complete; no suspect identified
36f4eebf23806a00ddcfeb09541c35971e042e79ad8af90cf27101d5a7ab6e9b,2021-05,Northumbria Police,Northumbria Police,-1.594571,54.971274,On or near QUAYSIDE,E01033548,Newcastle upon Tyne 023G,Investigation complete; no suspect identified
2d66b0ed0b368ad9f2a0638ccb36abd3ccaf82c8963d98afdf740a89b32959b5,2021-05,Northumbria Police,Northumbria Police,-1.373576,54.895966,On or near EDITH STREET,E01008737,Sunderland 016D,Offender given a caution
b3f29e41311e441df9d409b5ad6b665cc0de1fe8f9ef6339234532373db49567,2021-05,Northumbria Police,Northumbria Police,-1.570022,54.979296,On or near A193,E01008392,Newcastle upon Tyne 026F,Investigation complete; no suspect identified
ce4a28c09b4b97313d97bada3206075ce0d640e6bcfef94b77df551799881327,2021-05,Northumbria Police,Northumbria Police,-1.401416,54.903834,On or near HOUGHTON STREET,E01008707,Sunderland 011D,Investigation complete; no suspect identified
bd6d04c7f2e0982be99cc70d0d0919cdbaec2fffd7e57639d97dc01c06d3156f,2021-05,Northumbria Police,Northumbria Police,-1.624266,54.967919,On or near BLANDFORD STREET,E01033545,Newcastle upon Tyne 024H,Investigation complete; no suspect identified
c55584726d77dddb1b61ba556fe2870a88587ae6b3fe496fee29fe24077a9f39,2021-05,Northumbria Police,Northumbria Police,-1.614002,54.976262,On or near Shopping Area,E01008397,Newcastle upon Tyne 024C,Suspect charged
da84a6d3c0fb5c0274adaad570e553754e6798470812b3ae28fac432f9a31b37,2021-05,Northumbria Police,Northumbria Police,-1.560700,54.997415,On or near STANFIELD COURT,E01008319,Newcastle upon Tyne 007B,Investigation complete; no suspect identified
1f915194ee5887135b099119b550c3e0782ac0ef277682e46120fbae23b8082a,2021-05,Northumbria Police,Northumbria Police,-1.435879,55.041122,On or near ROCKCLIFFE STREET,E01008587,North Tyneside 006C,Investigation complete; no suspect identified
1f915194ee5887135b099119b550c3e0782ac0ef277682e46120fbae23b8082a,2021-05,Northumbria Police,Northumbria Police,-1.435879,55.041122,On or near ROCKCLIFFE STREET,E01008587,North Tyneside 006C,Suspect charged
67c1f9ee04cdeb88dd8e05357466df2da4acc5e4ccdc42186ca018911f1abdb5,2021-05,Northumbria Police,Northumbria Police,-1.489888,54.955613,On or near HEREFORD WAY,E01008627,South Tyneside 020A,Investigation complete; no suspect identified
a3e9ff147b4e65ef21a1d58d87453d68d3799df9db140db352b916bc03657a09,2021-05,Northumbria Police,Northumbria Police,-1.579013,54.977179,On or near Supermarket,E01008303,Newcastle upon Tyne 018A,Investigation complete; no suspect identified
e43d9b57b9407af12264282c4b4b4ff1df58ff6331f7d7d623a1555a9389a0da,2021-05,Northumbria Police,Northumbria Police,-1.521350,54.913765,On or near HOUSE TERRACE,E01008858,Sunderland 009D,Investigation complete; no suspect identified
7dfe0c9e436d8dd054a9c952afd3f27808feefc9d51d79006711c47df765fca4,2021-05,Northumbria Police,Northumbria Police,-1.460412,54.926037,On or near BALTIMORE AVENUE,E01008699,Sunderland 008F,Investigation complete; no suspect identified
f0cd83c62e8ce465a95f591d1f569decb8b6534856feb11d41afcf95fcb2588f,2021-05,Northumbria Police,Northumbria Police,-1.609536,54.948669,On or near BRIGHTON ROAD,E01008254,Gateshead 010D,Investigation complete; no suspect identified
7f1828360ce45dd016426052887db90f5dc6390903c096d2097ae85bef55fde8,2021-05,Northumbria Police,Northumbria Police,-1.508675,55.126886,On or near HAVELOCK STREET,E01027415,Northumberland 023B,Suspect charged
e1f3d4e62ecd4f3139f7a4f01db0052298b1ede92125f26b99e2f46c9b88a9b7,2021-05,Northumbria Police,Northumbria Police,-1.642293,54.973032,On or near LYNNWOOD TERRACE,E01008331,Newcastle upon Tyne 029A,Investigation complete; no suspect identified
78e399cc9cff420b549ff559ba6958a9a4a3b4fae788d5499476eff02cb9ae40,2021-05,Northumbria Police,Northumbria Police,-1.524585,54.918577,On or near HEWORTH ROAD,E01008856,Sunderland 007B,Investigation complete; no suspect identified
41d74f0534d4bf288f7b06c193c02471ab9a9005e34dd419daf38faa1201faa1,2021-05,Northumbria Police,Northumbria Police,-1.611628,54.951937,On or near GOSCHEN STREET,E01008171,Gateshead 008D,Investigation complete; no suspect identified
be966c8de3060a8bb3dcd6837682ffd2a0a9738de7297fd6ffc7c043db64ae64,2021-05,Northumbria Police,Northumbria Police,-1.658623,55.000074,On or near BOWFELL CLOSE,E01008377,Newcastle upon Tyne 008E,Investigation complete; no suspect identified
01ddb65d43ffe8583eac0246c9cafb65f6009f5c589be891f3e49a4ef78a6a18,2021-05,Northumbria Police,Northumbria Police,-1.388308,54.920843,On or near NETTLEHAM ROAD,E01008708,Sunderland 005A,Investigation complete; no suspect identified
dd50760960eeedecd30b9cc9957338bbde6caac0716fa8ad3fb023b995cee8e3,2021-05,Northumbria Police,Northumbria Police,-1.404431,54.902420,On or near ELDON STREET,E01008707,Sunderland 011D,Investigation complete; no suspect identified
508dbe7fc15dbfdc5f78103db4f6ffb69c0f0a2c408d27f0a2e77a6abfee6316,2021-05,Northumbria Police,Northumbria Police,-1.516807,54.912732,On or near HALL ROAD,E01008854,Sunderland 009B,Suspect charged
8d3a627369a16bf617376f14277c427f7e8ae6f4f5321422b2a3a434cf218e1f,2021-05,Northumbria Police,Northumbria Police,-1.613245,54.955861,On or near THE MILL,E01008170,Gateshead 008C,Investigation complete; no suspect identified
33e8bb64f1029511bcad49227e3b3f1fc9d7526a6370c7facac3873692e5cb44,2021-05,Northumbria Police,Northumbria Police,-1.403379,54.924000,On or near THISTLY CLOSE,E01033075,Sunderland 005G,Investigation complete; no suspect identified
a20460634f3b6a6e434b5f7905d0dcc06b74d74cec818e6b42377bbcc744bb62,2021-05,Northumbria Police,Northumbria Police,-1.517569,54.912951,On or near MANOR VIEW,E01008853,Sunderland 009A,Offender given a drugs possession warning
efde1cd23a16a56a8a9864bdcd430bd5b492e77d2effded1c16132c3acb5354d,2021-05,Northumbria Police,Northumbria Police,-1.402702,54.925444,On or near BEAUMONT STREET,E01008712,Sunderland 004A,Investigation complete; no suspect identified
6c1fb8d7738b3386e9c730b037e377fd1256a31c350406640736374491a1af9b,2021-05,Northumbria Police,Northumbria Police,-1.516118,54.913017,On or near MANOR VIEW EAST,E01008854,Sunderland 009B,Suspect charged
de48d85780b35dbe212e901ef85d5a52647d20ae453ea7e7ffaff1cde68ad046,2021-05,Northumbria Police,Northumbria Police,-1.402702,54.925444,On or near BEAUMONT STREET,E01008712,Sunderland 004A,Investigation complete; no suspect identified
e1106cd1ef915923a90d69979e5721e49e4bafd54c5070ed1a9ed76054fe124f,2021-05,Northumbria Police,Northumbria Police,-1.520355,54.914768,On or near VIOLA STREET,E01008858,Sunderland 009D,Investigation complete; no suspect identified
dc38ab5731c3aea0213584aacb25b733636be2f2bfdf40240ee5abb6eea5f47f,2021-05,Northumbria Police,Northumbria Police,-1.655416,55.009446,On or near COLUMBIA GRANGE,E01008339,Newcastle upon Tyne 003D,Suspect charged
dc38ab5731c3aea0213584aacb25b733636be2f2bfdf40240ee5abb6eea5f47f,2021-05,Northumbria Police,Northumbria Police,-1.655416,55.009446,On or near COLUMBIA GRANGE,E01008339,Newcastle upon Tyne 003D,Suspect charged
dc38ab5731c3aea0213584aacb25b733636be2f2bfdf40240ee5abb6eea5f47f,2021-05,Northumbria Police,Northumbria Police,-1.655416,55.009446,On or near COLUMBIA GRANGE,E01008339,Newcastle upon Tyne 003D,Suspect charged
7f9ded8f2b4d2e14ab73ca882bb58d72e40fc5cdb33b5e025647f0475bfd0855,2021-05,Northumbria Police,Northumbria Police,-1.425218,55.000984,On or near GEORGE SCOTT STREET,E01008598,South Tyneside 001D,Investigation complete; no suspect identified
ff9fbe72c7b63cb3d7c66871782c9d59dd7512b5e199efd0e9814147600d1f95,2021-05,Northumbria Police,Northumbria Police,-1.638511,54.976661,On or near TAMWORTH ROAD,E01008396,Newcastle upon Tyne 022B,Investigation complete; no suspect identified
2d015a90ad7735822d557e9463e1180382bb12ddaf9fe8ab1f7833cc4cec2f6f,2021-05,Northumbria Police,Northumbria Police,-1.632948,54.973427,On or near VALLUM WAY,E01008399,Newcastle upon Tyne 024D,Investigation complete; no suspect identified
0eec694d4d003654f12daf52ce18994767d95a71718517d253c427d5404baa4e,2021-05,Northumbria Police,Northumbria Police,-1.574571,54.971718,On or near COMMERCIAL ROAD,E01008302,Newcastle upon Tyne 026B,Offender given a caution
5ae0acd452f407cfcb0c5278f907daa72ff6ceaa5041496feda010b54c5154cf,2021-05,Northumbria Police,Northumbria Police,-1.755060,54.922755,On or near BARKWOOD ROAD,E01008185,Gateshead 022B,Investigation complete; no suspect identified
fa44dfb2a4f8be78abaf88005a6f494dd65025156e604fd1d1e8017d94397db4,2021-05,Northumbria Police,Northumbria Police,-1.743766,54.981475,On or near WATER ROW,E01008400,Newcastle upon Tyne 014A,Investigation complete; no suspect identified
a22debc111c9db5572e9e51cd39a39af94de043758cca8cb7c9ebc4590fc61d0,2021-05,Northumbria Police,Northumbria Police,-1.442528,55.043489,On or near SOUTH PARADE,E01008584,North Tyneside 006A,Investigation complete; no suspect identified
bd03f6f69e3f58d0303c26776cc0bb58eaeb47e5d358a2c1907fbd81adbb0c58,2021-05,Northumbria Police,Northumbria Police,-1.533556,55.074873,On or near WHEATRIDGE,E01027433,Northumberland 032B,Investigation complete; no suspect identified
370fa07eaea4417204822ddd75b30386c303c62ee95d44614e159b3ee0b4a0ad,2021-05,Northumbria Police,Northumbria Police,-1.500101,54.858593,On or near WOODHALL SPA,E01008797,Sunderland 030C,Investigation complete; no suspect identified
370fa07eaea4417204822ddd75b30386c303c62ee95d44614e159b3ee0b4a0ad,2021-05,Northumbria Police,Northumbria Police,-1.500101,54.858593,On or near WOODHALL SPA,E01008797,Sunderland 030C,Investigation complete; no suspect identified
54d3b5f293a74b9f410b2c78eda73f670e46deb8030cf9cf72b3af0c1c6cb4a1,2021-05,Northumbria Police,Northumbria Police,-1.504726,55.013716,On or near A19,E01008488,North Tyneside 015A,Investigation complete; no suspect identified
9b38c73cc849916e830bee665e7d56b0a305ed6892adaf371a9a249ef4ae84c7,2021-05,Northumbria Police,Northumbria Police,-1.578482,55.102382,On or near FULBROOK CLOSE,E01027400,Northumberland 027A,Investigation complete; no suspect identified
80eaa14bb836499fa19113ce8d93501d79b2e179acfc665de680ca56f85056cb,2021-05,Northumbria Police,Northumbria Police,-1.436000,54.983475,On or near WEST PARK ROAD,E01008666,South Tyneside 002C,Investigation complete; no suspect identified
9969abbf81db99a633c7b56b3c6170f1941f090b5dd10368cf58442f8960d76f,2021-05,Northumbria Police,Northumbria Police,-1.687682,54.992280,On or near ESHOTT CLOSE,E01008324,Newcastle upon Tyne 015A,Investigation complete; no suspect identified
b286ada8415304483b283f2c5fae1374fb44d57751f4344a0d7829362694fb35,2021-05,Northumbria Police,Northumbria Police,-1.574085,54.979211,On or near MILLERS ROAD,E01008392,Newcastle upon Tyne 026F,Investigation complete; no suspect identified
6e8d89e4393d00c61929ecea175189e215e6fc9e26276333a0dfda19a47140d8,2021-05,Northumbria Police,Northumbria Police,-1.482605,54.822223,On or near LLOYD AVENUE,E01008747,Sunderland 035D,Investigation complete; no suspect identified
dbc8ba4a24d44200a4c1f90a9e0731a01f18cd638d90d2f9b424918e6bd9854c,2021-05,Northumbria Police,Northumbria Police,-1.488555,54.980634,On or near Shopping Area,E01008600,South Tyneside 007A,Investigation complete; no suspect identified
929e408b1109129bef1c67e457292804399d2923da68f91d0e31aebcb8f98cb2,2021-05,Northumbria Police,Northumbria Police,-1.612740,54.974308,On or near Shopping Area,E01008397,Newcastle upon Tyne 024C,Investigation complete; no suspect identified
bbed8006a5556e40db25ab321e8dce93a880a436371fddefa2073ab5928b3278,2021-05,Northumbria Police,Northumbria Police,-1.688182,55.006318,On or near Parking Area,E01008457,Newcastle upon Tyne 004C,Investigation complete; no suspect identified
b152df8e1e3bfafb96ccb1010589254c3170660e18334d6592932f80694ea76a,2021-05,Northumbria Police,Northumbria Police,-2.100055,54.971809,On or near HALLSTILE BANK,E01027476,Northumberland 035A,Investigation complete; no suspect identified
b152df8e1e3bfafb96ccb1010589254c3170660e18334d6592932f80694ea76a,2021-05,Northumbria Police,Northumbria Police,-2.100055,54.971809,On or near HALLSTILE BANK,E01027476,Northumberland 035A,Investigation complete; no suspect identified
06cde95600783d108d10f987cd22b75fcf2d5ff5b6c4fdbaa92ab17180fe10e2,2021-05,Northumbria Police,Northumbria Police,-1.381905,54.917126,On or near Shopping Area,E01008787,Sunderland 006B,Suspect charged
f754348ab2394240d2201a003cbfbc0d8f11679ecef0d2df0a166c5de9f2047b,2021-05,Northumbria Police,Northumbria Police,-1.604887,54.964272,On or near Parking Area,E01008168,Gateshead 027D,Investigation complete; no suspect identified
fad83329c52d6bf33c70eb8b2c78107f7c169e44653cb76e4a61f35c9e686836,2021-05,Northumbria Police,Northumbria Police,-1.578251,54.973789,On or near MASON STREET,E01008305,Newcastle upon Tyne 026D,Investigation complete; no suspect identified
113bdea40ce4bcb664070ff060f35796ef72e5f2bc04874ff68061770ddc3ab5,2021-05,Northumbria Police,Northumbria Police,-1.380433,54.928711,On or near LEE STREET,E01008727,Sunderland 002C,Investigation complete; no suspect identified
b061927706711d7dc3891bf9a1e1c18dc587537bb02674428ca28cd0884b9706,2021-05,Northumbria Police,Northumbria Police,-1.671460,54.959500,On or near Parking Area,E01008262,Gateshead 009A,Investigation complete; no suspect identified
c8f49f2ad1e2735cc85f1dbde401e1adcf85fc86720b2a7b6d131828ff685534,2021-05,Northumbria Police,Northumbria Police,-1.700434,55.401009,On or near Sports/Recreation Area,E01027358,Northumberland 005A,Investigation complete; no suspect identified
49989c76747efbc132c3fb55fc307d9c5698d7a68342b9dccc756a08363ac0fc,2021-05,Northumbria Police,Northumbria Police,-1.519168,55.121491,On or near CHERRY TREES,E01027429,Northumberland 024D,Investigation complete; no suspect identified
ecccb8f207098482bc901fc81263cc5f5df989ba30925da520c9099f3300151d,2021-05,Northumbria Police,Northumbria Police,-1.408584,54.922309,On or near THE POPLARS,E01008820,Sunderland 005F,Investigation complete; no suspect identified
ca7188f374fcd594e16f0089bf2f84da33d12ddd3663ba5624a202e0f87a84b8,2021-05,Northumbria Police,Northumbria Police,-1.435537,54.806844,On or near THAMES STREET,E01008746,Sunderland 036D,Investigation complete; no suspect identified
4d275ad51a4998fc701785f4f731532d40879ddf03ced7606b90b68d4fc791c9,2021-05,Northumbria Police,Northumbria Police,-1.526615,54.991446,On or near LAWSON STREET,E01008573,North Tyneside 029B,Investigation complete; no suspect identified
f92437dbea3d12c7861b7236bf8ddde1cbb53705a8d0e8a2c92398149f29b805,2021-05,Northumbria Police,Northumbria Police,-1.579624,54.981477,On or near CHELTENHAM TERRACE,E01008362,Newcastle upon Tyne 018E,Investigation complete; no suspect identified
8c4f85a4c624afd075fc1ec86315a987dbb792b22a729d30ef3cdd7250d05ca8,2021-05,Northumbria Police,Northumbria Police,-1.655340,54.974562,On or near Parking Area,E01008334,Newcastle upon Tyne 029D,Investigation complete; no suspect identified
85bcccb62a60ff2eceed69c969b0070196b4321b93f2e54eaa3441a7e85b7b4b,2021-05,Northumbria Police,Northumbria Police,-1.587642,54.924828,On or near GREYSTOKE GARDENS,E01008192,Gateshead 023D,Suspect charged
daf0ae2c3c6a8040e7d58b672617bb6b85e4455e34ea76b4e2d6a27c109d904d,2021-05,Northumbria Police,Northumbria Police,-1.557740,54.969466,On or near ST ANTHONY'S ROAD,E01008389,Newcastle upon Tyne 028B,Investigation complete; no suspect identified
47c0d6178b85a9c135bdb58b1db76fa0e2ccd95381843b3b54bfb22b718bc2b6,2021-05,Northumbria Police,Northumbria Police,-1.396134,54.872212,On or near REDWOOD GROVE,E01008804,Sunderland 027B,Investigation complete; no suspect identified
3e44ab86d8d828c212542fa42f71c8e021f5bd4b9b4816cba636e023b39b5d7a,2021-05,Northumbria Police,Northumbria Police,-1.587642,54.924828,On or near GREYSTOKE GARDENS,E01008192,Gateshead 023D,Investigation complete; no suspect identified
3e44ab86d8d828c212542fa42f71c8e021f5bd4b9b4816cba636e023b39b5d7a,2021-05,Northumbria Police,Northumbria Police,-1.587642,54.924828,On or near GREYSTOKE GARDENS,E01008192,Gateshead 023D,Investigation complete; no suspect identified
3e44ab86d8d828c212542fa42f71c8e021f5bd4b9b4816cba636e023b39b5d7a,2021-05,Northumbria Police,Northumbria Police,-1.587642,54.924828,On or near GREYSTOKE GARDENS,E01008192,Gateshead 023D,Investigation complete; no suspect identified
4bf0b8e36bfe2e83b9e81dbf4aac207f0fee4f0b8ee458e7f18aaaed2d4021ea,2021-05,Northumbria Police,Northumbria Police,-1.563452,55.036209,On or near STRATFORD CLOSE,E01008505,North Tyneside 012B,Investigation complete; no suspect identified
0eec389eb68d77a18368520763cb1e57ef1370b3d2bff334cab42395e0ae19bb,2021-05,Northumbria Police,Northumbria Police,-1.591407,55.012079,On or near WEST FARM AVENUE,E01032649,North Tyneside 019F,Investigation complete; no suspect identified
1c08d26d9e5136bbe2dbb3ded7a4f6d7d2426f998d1f6bb280153afcf4a16af1,2021-05,Northumbria Police,Northumbria Police,-1.864255,54.961512,On or near MASTER'S CRESCENT,E01027497,Northumberland 038A,Investigation complete; no suspect identified
30108851f9ece3ec5b1091e10c3c679151a89d7e0c7bc1b0e13f323826b516a2,2021-05,Northumbria Police,Northumbria Police,-1.655693,54.969800,On or near ADELAIDE TERRACE,E01008291,Newcastle upon Tyne 027D,Investigation complete; no suspect identified
6981a4d5688565963cdc5fe261e279eac4bc140e6c0048e54ab3854e05e77cc6,2021-05,Northumbria Police,Northumbria Police,-1.408385,54.919900,On or near PARK TERRACE,E01008820,Sunderland 005F,Investigation complete; no suspect identified
ea990b997efc3c01abdd29621074abd2b1f25c8a3c7f2dcaca165220409247ea,2021-05,Northumbria Police,Northumbria Police,-1.659097,54.995771,On or near EASTERN WAY,E01008380,Newcastle upon Tyne 008G,Investigation complete; no suspect identified
ae8bf3e7d23d2e4681839ff73e99bf49ed80a0960f8c6789544c2216b88ff136,2021-05,Northumbria Police,Northumbria Police,-1.707601,54.982579,On or near KIRKSTON AVENUE,E01008382,Newcastle upon Tyne 021B,Investigation complete; no suspect identified
4413dacc40412350e2600b91972d22d2a971c9bd258dfe2c80625559d61f2ada,2021-05,Northumbria Police,Northumbria Police,-1.603407,55.005065,On or near MILL RISE,E01008424,Newcastle upon Tyne 005F,Investigation complete; no suspect identified
d6d2aed249ef5b044252dc85aaf10313e2e1fa6150f09222e871a2af8ed87040,2021-05,Northumbria Police,Northumbria Police,-1.603407,55.005065,On or near MILL RISE,E01008424,Newcastle upon Tyne 005F,Investigation complete; no suspect identified
97502f5f5324d6a104bb5435f648d5392a0ec2b63d0ae7405e6096efb25b178e,2021-05,Northumbria Police,Northumbria Police,-1.368061,54.864781,On or near Hospital,E01008768,Sunderland 028D,Suspect charged
369a0c4575beb328b06f1c44ed9590cb85debd0415e4e3ec10e4484d81d0624b,2021-05,Northumbria Police,Northumbria Police,-1.837955,54.961786,On or near WEST WYLAM DRIVE,E01027498,Northumberland 038B,Offender given a caution
3c3a2d62e3a46c7fc0c9d840d1c7fa2485ff8cc06f28c92dfdf70d0de7cac1e0,2021-05,Northumbria Police,Northumbria Police,-1.546817,54.974017,On or near DUNCAN STREET,E01008429,Newcastle upon Tyne 028D,Investigation complete; no suspect identified
42707c7381f45f6dd1b802a20a4173e3facf3f540668f8ab42307ee3bf5c47be,2021-05,Northumbria Police,Northumbria Police,-1.546817,54.974017,On or near DUNCAN STREET,E01008429,Newcastle upon Tyne 028D,Investigation complete; no suspect identified
89bc2ec4ad802828c9eacbf532d1cc988fd7885f05d90e263faa2968a7a0bbde,2021-05,Northumbria Police,Northumbria Police,-1.383537,54.978817,On or near REDWELL LANE,E01008684,South Tyneside 018B,Offender given a caution
c104f6bfc3253aa65ba9ec7aff94a26d654aebd45093d31708070f7bebb2a852,2021-05,Northumbria Police,Northumbria Police,-1.604153,54.962643,On or near Shopping Area,E01008168,Gateshead 027D,Investigation complete; no suspect identified
2f619d4d15074f749793523d0970f1fe143a5a0b8b6d705110b8be8f75a0ad81,2021-05,Northumbria Police,Northumbria Police,-1.540063,54.990913,On or near THAMES GARDENS,E01008537,North Tyneside 030D,Investigation complete; no suspect identified
d38cc58576ce27e24b6804659e6f33251ce8bb37e22b09f4f6ee02cb0d8ce396,2021-05,Northumbria Police,Northumbria Police,-1.383537,54.978817,On or near REDWELL LANE,E01008684,South Tyneside 018B,Investigation complete; no suspect identified
409174fcb529647402b2e6c2c3a87d4931c63299ee8ee275b2fbeadbbc4326c7,2021-05,Northumbria Police,Northumbria Police,-1.432151,55.000450,On or near COSTON DRIVE,E01008596,South Tyneside 001B,Investigation complete; no suspect identified
ba6df74a57e89fe806a5251620b8be7e2f831729b10f1a4c1638f645817fb07b,2021-05,Northumbria Police,Northumbria Police,-1.677556,54.962779,On or near RIVERSIDE WAY,E01008262,Gateshead 009A,Investigation complete; no suspect identified
f9f4a09c0d9c03bbccf031dba34248ab162e3c4e3d3603e9a4e7d6d8e791c3c3,2021-05,Northumbria Police,Northumbria Police,-1.500767,55.003878,On or near SANDOWN GARDENS,E01008509,North Tyneside 026B,Suspect charged
2cbb20c2a4ddc5477e33693c2a36500147ef7df10e9c5fc5d24f74f73439ec27,2021-05,Northumbria Police,Northumbria Police,-1.412479,54.888422,On or near PORTLAND ROAD,E01008826,Sunderland 023D,Investigation complete; no suspect identified
1634c18051782a25101cb74c1d90ba49f9cb130167a2ac0ddba66edf0c976863,2021-05,Northumbria Police,Northumbria Police,-1.575244,54.983457,On or near HARTFORD STREET,E01008360,Newcastle upon Tyne 018C,Investigation complete; no suspect identified
70ada3c6340a86e12019f4fa89d279e22cdf6db59156f5b823462fca7956ce93,2021-05,Northumbria Police,Northumbria Police,-1.606039,54.985393,On or near ESLINGTON TERRACE,E01008370,Newcastle upon Tyne 017C,Investigation complete; no suspect identified
9f2161bca1e7fb02074d6c2920089a047013a492d0f4155e1532ae7f2d305570,2021-05,Northumbria Police,Northumbria Police,-1.433228,54.893976,On or near THE BROADWAY,E01008732,Sunderland 021D,Investigation complete; no suspect identified
d7a29e6b2c62e108751c224e47fe0fed43981c648c7cd6c1fcb88747a0708310,2021-05,Northumbria Police,Northumbria Police,-1.574423,54.926552,On or near Supermarket,E01008218,Gateshead 021A,Investigation complete; no suspect identified
76e10867e0a6fbd7c21f85256d62a3012165ce81695957f26b0078fd7a0959bd,2021-05,Northumbria Police,Northumbria Police,-1.557718,54.943055,On or near HIGH HEWORTH LANE,E01008229,Gateshead 018A,Investigation complete; no suspect identified
30bc6f89f5451ff176aebf746bfcb95848eb06aa3cc44c59f0018cc58131fceb,2021-05,Northumbria Police,Northumbria Police,-1.557718,54.943055,On or near HIGH HEWORTH LANE,E01008229,Gateshead 018A,Investigation complete; no suspect identified
24cd5c4d40e9155a94da723cf4c5941ce553476b3598d249edcb781d68b14752,2021-05,Northumbria Police,Northumbria Police,-1.377902,54.917789,On or near GLADSTONE STREET,E01008787,Sunderland 006B,Investigation complete; no suspect identified
32dd83be84c59d3331ffcbd405add975273d4e07552e7b0b4cfc0f1e25d56157,2021-05,Northumbria Police,Northumbria Police,-1.549739,54.953018,On or near DURHAM STREET,E01008241,Gateshead 015C,Investigation complete; no suspect identified
4b20660c7c088939088f8b859b402ccd15cf3d571509e294da0470d9f1084831,2021-05,Northumbria Police,Northumbria Police,-1.432366,54.896515,On or near HAMPSTEAD ROAD,E01008813,Sunderland 014C,Investigation complete; no suspect identified
5d6728c36cc7bbd5bcc0782664cf2f0356fede037455188ecb96d9915d7bd1f5,2021-05,Northumbria Police,Northumbria Police,-1.527798,54.933273,On or near NORTHUMBERLAND WAY,E01008283,Gateshead 014A,Investigation complete; no suspect identified
98b1d762755a67ce6f6e380c99b9e55a5b5f51aaf879fb26ead06e3dad56a28b,2021-05,Northumbria Police,Northumbria Police,-1.447208,54.918339,On or near CARTWRIGHT ROAD,E01008693,Sunderland 008A,Investigation complete; no suspect identified
6b68f313d0c413580bca05e4f3896273a3bc4296157b3fa4cce70a9962621853,2021-05,Northumbria Police,Northumbria Police,-1.619903,55.013187,On or near Supermarket,E01008358,Newcastle upon Tyne 002E,Suspect charged
76291c3e039c52f8dfb3e6361750988608b5e752a3a2ed8065d3fbe3bc85b173,2021-05,Northumbria Police,Northumbria Police,-1.639880,54.975640,On or near STANHOPE STREET,E01033556,Newcastle upon Tyne 022H,Investigation complete; no suspect identified
76291c3e039c52f8dfb3e6361750988608b5e752a3a2ed8065d3fbe3bc85b173,2021-05,Northumbria Police,Northumbria Police,-1.639880,54.975640,On or near STANHOPE STREET,E01033556,Newcastle upon Tyne 022H,Investigation complete; no suspect identified
a55780517780e5a21479acc52baf07402f79d08c6d2e6a186c881212c2eaefbd,2021-05,Northumbria Police,Northumbria Police,-1.366152,54.923911,On or near ROKER TERRACE,E01008789,Sunderland 006D,Investigation complete; no suspect identified
03e91a8034fc84697d5dad6a0cee441d385c9a2c23da19deb858f558b922f33e,2021-05,Northumbria Police,Northumbria Police,-1.633313,55.130461,On or near SOUTH FARM,E01027521,Northumberland 021D,Investigation complete; no suspect identified
6ad7059160e4eb1c8baaa44f1ba8db89c770d72cb11139f29bd33cc914afa79c,2021-05,Northumbria Police,Northumbria Police,-1.874871,54.927727,On or near CLARE LEA,E01027506,Northumberland 039D,Investigation complete; no suspect identified
9a81e8b25af3737127873c07464b53586523c4360d30024ee96d36528622a5cd,2021-05,Northumbria Police,Northumbria Police,-1.518557,55.037954,On or near HARTSIDE CRESCENT,E01032648,North Tyneside 011F,Offender given a caution
e25cda2ef2658d7644849ee491b2386f4966f4b11b7d4f1dd2dcc907941e021b,2021-05,Northumbria Police,Northumbria Police,-1.518557,55.037954,On or near HARTSIDE CRESCENT,E01032648,North Tyneside 011F,Offender given a caution
20154b25a00452ca4503db3952d190b9f945af32b42b4b2bda3eb1d8ab985d85,2021-05,Northumbria Police,Northumbria Police,-1.894782,54.873495,On or near HAMMERMILL LANE,E01027506,Northumberland 039D,Investigation complete; no suspect identified
388dc909a1d8a278e50c36417020d7443db9e3631b586cce3962d4fd8f1f47d6,2021-05,Northumbria Police,Northumbria Police,-1.422882,54.925164,On or near REDMOND SQUARE,E01008819,Sunderland 004C,Investigation complete; no suspect identified
c7d32db5644d2914f9e11f38c388a235aa33cfde5e3e54d54dd501ef5668fdf5,2021-05,Northumbria Police,Northumbria Police,-1.566822,54.968869,On or near BIRDS NEST ROAD,E01008301,Newcastle upon Tyne 026A,Investigation complete; no suspect identified
316123030a925dabf98f2f66a56341ec369148a07686502536dab2c1bba3c427,2021-05,Northumbria Police,Northumbria Police,-1.370188,54.919250,On or near HORATIO STREET,E01008789,Sunderland 006D,Suspect charged
9e9313fcc74029b55a1706a0d0e91d86baa9bfd1b702e041dafba0a426d8cbc1,2021-05,Northumbria Police,Northumbria Police,-1.424588,55.022099,On or near WARKWORTH TERRACE,E01008560,North Tyneside 016B,Offender given a caution
4f7a37661e0eb36368cd49b0f5bb126ccfad0ba2602a918761948f68d3047d71,2021-05,Northumbria Police,Northumbria Police,-1.690080,54.987263,On or near TEBAY DRIVE,E01008327,Newcastle upon Tyne 015D,Investigation complete; no suspect identified
75015986c2a46dc4c061b364ab3a65acbcd5da689b00c3a1c7c128429b85807c,2021-05,Northumbria Police,Northumbria Police,-1.367666,54.890983,On or near ASHBY STREET,E01008738,Sunderland 016E,Investigation complete; no suspect identified
b13216054f3535381add0ec11098530931f631f3515f78018c59185aad31856d,2021-05,Northumbria Police,Northumbria Police,-2.456102,54.972261,On or near FAIRFIELD PARK,E01027487,Northumberland 037D,Investigation complete; no suspect identified
034e408aba770dba60e96e4c7f3b693cc26b5b76631fb5132fca83426d4266c2,2021-05,Northumbria Police,Northumbria Police,-1.658434,54.992839,On or near BRIERYSIDE,E01008300,Newcastle upon Tyne 016A,Suspect charged
1ff12b4979a52b08b260f4982fe982c8ca5687c50cbadda43ce62aa44d5aa944,2021-05,Northumbria Police,Northumbria Police,-1.648828,54.981489,On or near CURTIS ROAD,E01008453,Newcastle upon Tyne 022E,Investigation complete; no suspect identified
0b202f31d73bfd16c7c8c69c7714e6e872592013192772fdebcda5e51d6b82e5,2021-05,Northumbria Police,Northumbria Police,-1.669604,54.995404,On or near Parking Area,E01008297,Newcastle upon Tyne 011B,Investigation complete; no suspect identified
52e106db8a9764e04b2954e54df28c2db437ab15ad876fa2a09bffc339ea45c1,2021-05,Northumbria Police,Northumbria Police,-1.405191,54.954527,On or near HIGH SANDGROVE,E01008619,South Tyneside 022C,Investigation complete; no suspect identified
aca3841f74944d4255aa631662d17960a131ab1766f887b34e20dae9da656c74,2021-05,Northumbria Police,Northumbria Police,-1.580255,54.983896,On or near KING JOHN TERRACE,E01008362,Newcastle upon Tyne 018E,Investigation complete; no suspect identified
ecd1887027b26983d0744b3e35dda8c7885f5d28b8677fe4e036f8f534632640,2021-05,Northumbria Police,Northumbria Police,-1.505865,54.954124,On or near MERCHANT COURT,E01008629,South Tyneside 020C,Investigation complete; no suspect identified
cef0ddad786a06faf66d39d7a7a4d1438b1737a0d1214e995dad2a249a44dc4a,2021-05,Northumbria Police,Northumbria Police,-1.525490,54.970216,On or near LONGDEAN CLOSE,E01008642,South Tyneside 010D,Investigation complete; no suspect identified
d8dd1a2799ec1bf61f52262b2e6bd2f348283e63d8d1a0edf88abfb8025a8ffa,2021-05,Northumbria Police,Northumbria Police,-1.385956,54.903119,On or near OLIVE STREET,E01008831,Sunderland 013D,Investigation complete; no suspect identified
62906f09332205214963862c7a6a49c03a5f3a1256fa598d9905172ec0eb862e,2021-05,Northumbria Police,Northumbria Police,-1.385956,54.903119,On or near OLIVE STREET,E01008831,Sunderland 013D,Investigation complete; no suspect identified
7b7e24d0213cb6adb9a054fbd9c57f59f3b53e32d98b872f419afdf04b20df5e,2021-05,Northumbria Police,Northumbria Police,-1.451877,55.005250,On or near VICARAGE STREET,E01008544,North Tyneside 027D,Investigation complete; no suspect identified
414152533703110d44de66027905932cb7ad65f79347ec518b285dad23cf862e,2021-05,Northumbria Police,Northumbria Police,-1.548902,54.920386,On or near ALDSWORTH CLOSE,E01008877,Sunderland 007D,Investigation complete; no suspect identified
96e4c308a80ad34794d058da1efff0fcc74633aa24f85caec1d3d2641862cedd,2021-05,Northumbria Police,Northumbria Police,-1.668509,54.940495,On or near THE DRIVE,E01008268,Gateshead 019D,Investigation complete; no suspect identified
dc290c406f9dbdb8e73afac56bbdd45c64a82489c0323324f3a03c601cab3e28,2021-05,Northumbria Police,Northumbria Police,-1.402115,54.986126,On or near CLAREWOOD AVENUE,E01008647,South Tyneside 004A,Investigation complete; no suspect identified
ff8ccbb52dc53c1e5257cbe6d095590a07d0404b8fc175765d6c9d0df9075253,2021-05,Northumbria Police,Northumbria Police,-1.541728,54.946204,On or near STILEFORD,E01008242,Gateshead 015D,Investigation complete; no suspect identified
ff8ccbb52dc53c1e5257cbe6d095590a07d0404b8fc175765d6c9d0df9075253,2021-05,Northumbria Police,Northumbria Police,-1.541728,54.946204,On or near STILEFORD,E01008242,Gateshead 015D,Investigation complete; no suspect identified
405864fe51dc8a934fe55b8da1084f153f114859265a6b93412cea40493a67c7,2021-05,Northumbria Police,Northumbria Police,-1.579989,54.898489,On or near PINE STREET,E01008175,Gateshead 026D,Investigation complete; no suspect identified
d82f9018057e7e2280e2d143e87f80da52e72bd9e9e6ad9c3f3d64ce37862a13,2021-05,Northumbria Police,Northumbria Police,-1.523019,55.182585,On or near WELFARE CRESCENT,E01027543,Northumberland 009C,Investigation complete; no suspect identified
d82f9018057e7e2280e2d143e87f80da52e72bd9e9e6ad9c3f3d64ce37862a13,2021-05,Northumbria Police,Northumbria Police,-1.523019,55.182585,On or near WELFARE CRESCENT,E01027543,Northumberland 009C,Investigation complete; no suspect identified
d82f9018057e7e2280e2d143e87f80da52e72bd9e9e6ad9c3f3d64ce37862a13,2021-05,Northumbria Police,Northumbria Police,-1.523019,55.182585,On or near WELFARE CRESCENT,E01027543,Northumberland 009C,Investigation complete; no suspect identified
4fbaabe2bd79d2df68779aa003729e34d66a17a0b7312c27ba2b9fa9d6cc861c,2021-05,Northumbria Police,Northumbria Police,-1.567951,54.949499,On or near STAINTON DRIVE,E01008216,Gateshead 012C,Investigation complete; no suspect identified
51dd2846bff1896e87d857388232ab2b7d0a0c9f3adbfbb3b1cdba8262847302,2021-05,Northumbria Police,Northumbria Police,-1.397537,54.887846,On or near FROSTERLEY GARDENS,E01008785,Sunderland 022F,Investigation complete; no suspect identified
8f0000e4fa7a246a6dc430ef0f0d946d9c3cc88c715084569a46370999650969,2021-05,Northumbria Police,Northumbria Police,-1.416672,54.890590,On or near SHREWSBURY CRESCENT,E01008826,Sunderland 023D,Suspect charged
0f69289f9c8bde31c1d90ff949097c8dce21b47d5743c0b4510d8c61cc4f48aa,2021-05,Northumbria Police,Northumbria Police,-1.416672,54.890590,On or near SHREWSBURY CRESCENT,E01008826,Sunderland 023D,Suspect charged
dec485d0e56937989f73923bca1f530def52d244d73bc798154b923f610c4c8b,2021-05,Northumbria Police,Northumbria Police,-1.400357,54.908969,On or near DRYBOROUGH STREET,E01008700,Sunderland 013A,Suspect charged
76f030573d05621df24632d385529bbcc840a9d278314e3777d029bad45b1d37,2021-05,Northumbria Police,Northumbria Police,-1.694711,55.005157,On or near WESTGARTH,E01008457,Newcastle upon Tyne 004C,Suspect charged
4ab4dfb42c68e11f6c174bbd766031da4e50a114725a5282823d39c7a5cf7c4a,2021-05,Northumbria Police,Northumbria Police,-1.406701,54.983516,On or near LEAFIELD CRESCENT,E01008650,South Tyneside 006B,Investigation complete; no suspect identified
6085f23e1046f254362c73f84afb0d24de7df5027144e1a444fa21bbab009a88,2021-05,Northumbria Police,Northumbria Police,-1.614259,54.936453,On or near DERWENT AVENUE,E01008259,Gateshead 007D,Investigation complete; no suspect identified
4e660fc9fd3a28c6d037222d591738204a207b070f3f2d826e96c161bca82567,2021-05,Northumbria Police,Northumbria Police,-1.643336,55.005224,On or near EASTWOOD GARDENS,E01008374,Newcastle upon Tyne 008B,Investigation complete; no suspect identified
1a9452e2ad4853171c03b0ae60b08154b1c20573faaeb603d36452577d7a276f,2021-05,Northumbria Police,Northumbria Police,-1.694711,55.005157,On or near WESTGARTH,E01008457,Newcastle upon Tyne 004C,Suspect charged
1f7c3e957b4163b6011532c8f995daf19fcb14962f4b790235d7dd85000b30f8,2021-05,Northumbria Police,Northumbria Police,-1.387982,54.901179,On or near PRINCESS STREET,E01008831,Sunderland 013D,Suspect charged
de44e83477564d249ee6f0ccabffb402389b92a45f1a02a93d609098573306f2,2021-05,Northumbria Police,Northumbria Police,-1.590424,55.131528,On or near BROOK COURT,E01027515,Northumberland 020A,Investigation complete; no suspect identified
8a3b3c955fc94303b2f1ff28dbf2cab30ea91c04a981a1f6317cef55642d586e,2021-05,Northumbria Police,Northumbria Police,-1.644316,54.998757,On or near ARLINGTON AVENUE,E01008379,Newcastle upon Tyne 008F,Investigation complete; no suspect identified
32a885b62f531979dc4607e8ea3d21cb7e242f2e682636a68f01751284d80f6c,2021-05,Northumbria Police,Northumbria Police,-1.523019,55.182585,On or near WELFARE CRESCENT,E01027543,Northumberland 009C,Investigation complete; no suspect identified
6931199254cc5fe3c6f3f02b355a706d13ac9673db9a2cd56656f0a66074ae8a,2021-05,Northumbria Police,Northumbria Police,-1.587755,54.939718,On or near EGREMONT DRIVE,E01008236,Gateshead 016C,Investigation complete; no suspect identified
b3d51d9addbd0d1fa09c76b3383fc43a7176e0fd82561d5ad057d0e340e654ee,2021-05,Northumbria Police,Northumbria Police,-1.615322,54.972222,On or near NUN STREET,E01033543,Newcastle upon Tyne 024G,Suspect charged
946f05346b32c9677afc275d9988dd988006c42417d3b1c534f1bd323901af7b,2021-05,Northumbria Police,Northumbria Police,-1.573729,55.082201,On or near BRINKBURN AVENUE,E01027397,Northumberland 028C,Investigation complete; no suspect identified
cdef885187bed3c2886d9b1ad591724830d247ab3ca329a9386d9593a8808b17,2021-05,Northumbria Police,Northumbria Police,-1.398162,54.898255,On or near DURHAM ROAD,E01008830,Sunderland 018B,Investigation complete; no suspect identified
199c0863bda2c4e6b3758bb005283cbd0ddf54933b078d41610975c6f25788ea,2021-05,Northumbria Police,Northumbria Police,-1.642833,55.016069,On or near PINE AVENUE,E01008337,Newcastle upon Tyne 003B,Investigation complete; no suspect identified
a5adf5d2f35e4da059e4593abbccb4e69ed3c48a02719b22b41a428806b57e15,2021-05,Northumbria Police,Northumbria Police,-1.615322,54.972222,On or near NUN STREET,E01033543,Newcastle upon Tyne 024G,Suspect charged
296940c5769b2e4d6bedfb694677eef906dbb7040d4ad08a8e25af6e91abc38e,2021-05,Northumbria Police,Northumbria Police,-1.547824,54.898248,On or near RABY ROAD,E01008869,Sunderland 020C,Investigation complete; no suspect identified
5c7005229d59219938085e567c5127e9cb05b11d1c5300a0beb24ee412daae0b,2021-05,Northumbria Police,Northumbria Police,-1.935513,54.983372,On or near Sports/Recreation Area,E01027483,Northumberland 036A,Investigation complete; no suspect identified
fcb70096981a9808174b27f3fd6106a57f4fe72b3f6c7bac8a1e4c23dadcc38c,2021-05,Northumbria Police,Northumbria Police,-1.427304,54.956583,On or near LANDSEER GARDENS,E01008690,South Tyneside 019C,Investigation complete; no suspect identified
e3527a7666b602efc976d09f9b0cb1cb18247e9636cf7075801d3f7b86bd887b,2021-05,Northumbria Police,Northumbria Police,-1.576294,55.029092,On or near COMET ROW,E01008477,North Tyneside 008C,Investigation complete; no suspect identified
5b196fe5561a4c19d4291967832dcd71821a43336b6e151d47c95d77289b072f,2021-05,Northumbria Police,Northumbria Police,-1.582634,55.333981,On or near BRIDGE STREET,E01027361,Northumberland 006A,Investigation complete; no suspect identified
31b7a695078410cde62b7a4ea959fcde23b674e727faf646d439e3340f1e4011,2021-05,Northumbria Police,Northumbria Police,-1.672722,54.992546,On or near AINSLIE PLACE,E01008299,Newcastle upon Tyne 011D,Investigation complete; no suspect identified
b73fa5a4eeff35fa1bf1f59db0778d03ac208488e7882f9ffcd1c463284b0cb3,2021-05,Northumbria Police,Northumbria Police,-1.546817,54.974017,On or near DUNCAN STREET,E01008429,Newcastle upon Tyne 028D,Investigation complete; no suspect identified
6b05ecb3761eea3c4cbcc103a7c674ec8918d2c8945771bba81fc3a322f125fa,2021-05,Northumbria Police,Northumbria Police,-1.369899,54.896755,On or near MAINSFORTH TERRACE WEST,E01008738,Sunderland 016E,Investigation complete; no suspect identified
38db36382629fae305a41bb2a55878e68afdcb4814928eaecfdcd31c83708a6f,2021-05,Northumbria Police,Northumbria Police,-1.638709,54.954618,On or near RAVENSWORTH COURT,E01008210,Gateshead 007B,Investigation complete; no suspect identified
318620527137061cf8409a8f24abfa0cb32b558d7dd6ffa6a2ee4432075d393d,2021-05,Northumbria Police,Northumbria Police,-1.385145,54.904139,On or near Nightclub,E01008836,Sunderland 016F,Investigation complete; no suspect identified
26106a988192220de668d83df20bc05fe5c461536c29c877c4600b587183eac2,2021-05,Northumbria Police,Northumbria Police,-1.697571,54.992880,On or near Parking Area,E01008325,Newcastle upon Tyne 015B,Investigation complete; no suspect identified
ad30c5f98264b501f3b81794937a6e77095550594d0fe6cf19bd45e132720a50,2021-05,Northumbria Police,Northumbria Police,-1.561745,55.126630,On or near FRONT STREET,E01027425,Northumberland 025A,Investigation complete; no suspect identified
c0ef9006b383a8be29939ad25bed39b83a3ac21ce2e4250d32dcf75e9406b685,2021-05,Northumbria Police,Northumbria Police,-1.376805,54.905939,On or near Parking Area,E01008703,Sunderland 013B,Suspect charged
c249d4e8d68f79131c7f7e471fc1e55ac3493648a999b0dbceabe60abf599af4,2021-05,Northumbria Police,Northumbria Police,-1.459607,54.947700,On or near ARNOLD STREET,E01008613,South Tyneside 021D,Investigation complete; no suspect identified
c249d4e8d68f79131c7f7e471fc1e55ac3493648a999b0dbceabe60abf599af4,2021-05,Northumbria Police,Northumbria Police,-1.459607,54.947700,On or near ARNOLD STREET,E01008613,South Tyneside 021D,Investigation complete; no suspect identified
8972dee4d26a4015a1bd30c6d9302e2b6dfa9c3af339b825aaa65f1855f42907,2021-05,Northumbria Police,Northumbria Police,-1.367169,54.901827,On or near ADDISON STREET,E01008736,Sunderland 016C,Investigation complete; no suspect identified
0a8a27bf08ce7eafa17f32cae0dc02f3f282bd11573c2a74fd9a4e8d9176d19d,2021-05,Northumbria Police,Northumbria Police,-1.439548,54.999119,On or near BROAD LANDING,E01008667,South Tyneside 002D,Investigation complete; no suspect identified
4a45b3c7c55442d71d904b5249a1dcfc9362fec5d67154dac0927f726c3d480e,2021-05,Northumbria Police,Northumbria Police,-1.439548,54.999119,On or near BROAD LANDING,E01008667,South Tyneside 002D,Investigation complete; no suspect identified
449d57cd9e33d89ec970c5d33a3ebed8a800152e268cd9bc4457acb9374f0225,2021-05,Northumbria Police,Northumbria Police,-1.540386,54.917388,On or near DONVALE ROAD,E01008878,Sunderland 009G,Investigation complete; no suspect identified
290ff26789da121dbc9b4940952cae3e5d68d7452a5fa97de0c6ae17ebcfa23d,2021-05,Northumbria Police,Northumbria Police,-1.595916,54.925862,On or near CROMER AVENUE,E01008194,Gateshead 020B,Investigation complete; no suspect identified
dcdd7a0df5ae3b19bef626365d166e1755c118a6ac4ca90dc51c9ff37766b8ed,2021-05,Northumbria Police,Northumbria Police,-1.615800,54.976160,On or near PERCY STREET,E01008397,Newcastle upon Tyne 024C,Investigation complete; no suspect identified
2d7e1160df2f7202d2e78d48f1a624e34b36c7bdfe4057115dcc3f30af35231a,2021-05,Northumbria Police,Northumbria Police,-1.390130,54.898314,On or near THORNHILL PARK,E01008834,Sunderland 013E,Investigation complete; no suspect identified
caa81e0e783e0aa557cafd37d469cb6f8adf9875a12cb55a254a370b94481713,2021-05,Northumbria Police,Northumbria Police,-1.510311,54.877344,On or near CHANDLERS FORD,E01008799,Sunderland 025A,Investigation complete; no suspect identified
036109b72fe17d675b7734e9511e9e279efd334454c5c1ed9dea50c10dca7be0,2021-05,Northumbria Police,Northumbria Police,-1.426180,55.016804,On or near NEWCASTLE TERRACE,E01008558,North Tyneside 016A,Local resolution
4e31dfa30d71812f589975a0857f19639b018f8595c2911cc07fd89a9d7a59ae,2021-05,Northumbria Police,Northumbria Police,-1.386730,54.901487,On or near ALICE STREET,E01008831,Sunderland 013D,Investigation complete; no suspect identified
5297bdc3845674abb9b30ca33fd77803b9313071fe59078d2b0c9f35c2b0acee,2021-05,Northumbria Police,Northumbria Police,-1.591845,55.086010,On or near Supermarket,E01027409,Northumberland 029B,Suspect charged
237d5fd849caaa3ad75d86812b3c50fd81909a3d0b193a7ae778ba2fcd251f76,2021-05,Northumbria Police,Northumbria Police,-1.609455,54.971583,On or near Pedestrian Subway,E01033543,Newcastle upon Tyne 024G,Investigation complete; no suspect identified
fca100d09d9d627fa30e2986029257fcc55fa7d41161a845c7d3051478f6f03b,2021-05,Northumbria Police,Northumbria Police,-1.455180,54.948309,On or near SIDNEY STREET,E01008610,South Tyneside 021A,Investigation complete; no suspect identified
95995c33654a5bfb459f13caf99078f95492476442b4999071897c986574d09e,2021-05,Northumbria Police,Northumbria Police,-1.508463,55.127532,On or near Shopping Area,E01027415,Northumberland 023B,Suspect charged
b9fb72b6f65608d224595cb73961892dca75b5aa536b7cb6f90e417c8ee77984,2021-05,Northumbria Police,Northumbria Police,-1.531236,55.111249,On or near Supermarket,E01027427,Northumberland 025C,Suspect charged
b9fb72b6f65608d224595cb73961892dca75b5aa536b7cb6f90e417c8ee77984,2021-05,Northumbria Police,Northumbria Police,-1.531236,55.111249,On or near Supermarket,E01027427,Northumberland 025C,Suspect charged
63270e30d7ecfe0830afe40ee53b6b61908af44d932f57a0cc2ce1296ce5294a,2021-05,Northumbria Police,Northumbria Police,-1.495156,54.982603,On or near WESTERN ROAD,E01008604,South Tyneside 007B,Investigation complete; no suspect identified
adb9253765cabd87028c969b983420ded732a5e44d4a243c3235c633af23cf8d,2021-05,Northumbria Police,Northumbria Police,-1.587416,54.978862,On or near MALCOLM STREET,E01008413,Newcastle upon Tyne 023F,Investigation complete; no suspect identified
00c61edd89d91ff873cfbeb049150a46396021befbf62bde53f6dbac5fe2f40d,2021-05,Northumbria Police,Northumbria Police,-1.432302,54.986423,On or near BEAUFRONT TERRACE,E01008664,South Tyneside 002A,Investigation complete; no suspect identified
c36baf1cf1a003dbeb1bec8892eb22fe8ebd8fce46a9b4b8eef83c2fa3633407,2021-05,Northumbria Police,Northumbria Police,-1.471200,55.001758,On or near BRAHMAN AVENUE,E01008541,North Tyneside 027C,Offender given a caution
479bb99f8e67a82d1733fa3b2ddc7900b59cd223a4c435206b5f2aea50bb8189,2021-05,Northumbria Police,Northumbria Police,-1.470217,54.834086,On or near WINDSOR DRIVE,E01008716,Sunderland 034C,Investigation complete; no suspect identified
005b14cbeef1cabe8edf88ec76c8b4640c0c61a73400e3637ac2428e85287449,2021-05,Northumbria Police,Northumbria Police,-1.475766,55.002884,On or near MINDRUM TERRACE,E01008484,North Tyneside 023C,Investigation complete; no suspect identified
9a546286d40487dfaf1130c96a50edd28f15546fca75b0964421c63e7ad450f1,2021-05,Northumbria Police,Northumbria Police,-1.398586,54.921038,On or near COLLINGWOOD STREET,E01008709,Sunderland 005B,Investigation complete; no suspect identified
168bae32b701fb48acf855c571e4119f3873bf35ef358cebb6098943cd505eee,2021-05,Northumbria Police,Northumbria Police,-1.367043,54.870051,On or near THE GROVE,E01008769,Sunderland 028E,Investigation complete; no suspect identified
dcab8db2716002f6e630e3695a7cbada4113aa8e0343aa4b5603de9caeb6f026,2021-05,Northumbria Police,Northumbria Police,-1.568190,54.976755,On or near TUNSTALL AVENUE,E01008392,Newcastle upon Tyne 026F,Investigation complete; no suspect identified
45380d4a541f2f4bf0b8e5b8bd787c53024058b930550eedf3a9c1353d6342d3,2021-05,Northumbria Police,Northumbria Police,-1.638802,54.972177,On or near KINGSLEY TERRACE,E01008331,Newcastle upon Tyne 029A,Investigation complete; no suspect identified
134343c5f3a3ef03c28672a71d2060d417f39bb5f03e4f602a61d4016dd252a2,2021-05,Northumbria Police,Northumbria Police,-1.448092,55.007605,On or near WILLIAM STREET,E01008524,North Tyneside 022B,Investigation complete; no suspect identified
06dbc782dcd7c19c57e9662fac64d67dc3036f9f963579c0a870d15fe17cad00,2021-05,Northumbria Police,Northumbria Police,-1.670132,54.982448,On or near ROTHLEY AVENUE,E01008343,Newcastle upon Tyne 019A,Investigation complete; no suspect identified
f3d267c81f6c488d92ec5a20c6009c3d54ebe1ec41e56d03e334e8d65b402988,2021-05,Northumbria Police,Northumbria Police,-1.448080,54.887601,On or near SANDALWOOD SQUARE,E01008733,Sunderland 021E,Investigation complete; no suspect identified
efc3e49ccda66b3b86718ba9bba1b53029db612de65d7688496441d7e36cba37,2021-05,Northumbria Police,Northumbria Police,-1.526469,55.129985,On or near TEMPLE AVENUE,E01027391,Northumberland 024A,Investigation complete; no suspect identified
5ba628c572417d0721c56df4ef18975d7dfa71cb44c52ec7a35b8b7615a39a9d,2021-05,Northumbria Police,Northumbria Police,-1.536375,55.111494,On or near BEATRICE AVENUE,E01027427,Northumberland 025C,Investigation complete; no suspect identified
4aaf63012dc7832392f127dec658a4c0f17bb03e4472dcf6a553e4a25ed2494f,2021-05,Northumbria Police,Northumbria Police,-1.503366,54.845100,On or near A1052,E01008755,Sunderland 033E,Investigation complete; no suspect identified
b35356aba642bef36d4b2da23a0dbef6bef64492d47313e485152b95d397336a,2021-05,Northumbria Police,Northumbria Police,-1.639315,54.979368,On or near STUDLEY TERRACE,E01008396,Newcastle upon Tyne 022B,Investigation complete; no suspect identified
0bb868cdd42e735f23844588ccddd7b0eb1703f50680452852311db752acaed6,2021-05,Northumbria Police,Northumbria Police,-1.445442,55.008150,On or near Shopping Area,E01008524,North Tyneside 022B,Investigation complete; no suspect identified
7b7d5f925c696f1f8c2918484681c11ec8de8e227f6ed8880d0f17bd6baf49e6,2021-05,Northumbria Police,Northumbria Police,-1.651692,54.970049,On or near COVENTRY GARDENS,E01008335,Newcastle upon Tyne 029E,Investigation complete; no suspect identified
f895477790503d3b422533db00ac04cb3fa2bd33d394e3f57d6ff8ce053979d0,2021-05,Northumbria Police,Northumbria Police,-1.403189,54.901003,On or near WOLSELEY TERRACE,E01008832,Sunderland 018C,Investigation complete; no suspect identified
54608c5ac1e0d0943c4968e3cdcdff174d5216a82bc221bbc618759a391a7f8b,2021-05,Northumbria Police,Northumbria Police,-1.378080,54.905209,On or near FOYLE STREET,E01008703,Sunderland 013B,Investigation complete; no suspect identified
8b67801f8e103c70777148e0a0a9d80ee02271b914dc8af2a31d9593ef741537,2021-05,Northumbria Police,Northumbria Police,-1.609215,55.133010,On or near THE CHASE,E01027522,Northumberland 021E,Investigation complete; no suspect identified
8d9358f4af1568ebeedeb47397a90f170626b38d71b2d4fded39ff0d279999ec,2021-05,Northumbria Police,Northumbria Police,-1.572637,54.927247,On or near EASINGTON AVENUE,E01008218,Gateshead 021A,Suspect charged
8981f3b072dd06121db004824755aa6219e634ee4371d482901a2d5bdb14f3a7,2021-05,Northumbria Police,Northumbria Police,-1.525580,55.111021,On or near CEDAR GROVE,E01027439,Northumberland 026C,Investigation complete; no suspect identified
7f44f47a21d1f6fe88a6f69eb780ce976ee906200458ac8aa6dad0cc9ef1fe83,2021-05,Northumbria Police,Northumbria Police,-1.658134,54.969367,On or near CLARA STREET,E01008291,Newcastle upon Tyne 027D,Investigation complete; no suspect identified
b5a0a849dedb388e087648f5f58fa5c14e0daf956bcceb44d3404bcaa02ace68,2021-05,Northumbria Police,Northumbria Police,-1.670132,54.982448,On or near ROTHLEY AVENUE,E01008343,Newcastle upon Tyne 019A,Investigation complete; no suspect identified
795a65bfd4f582a028e7037ea45eb848b58ced3c1e8e634784e25f23895a9fe8,2021-05,Northumbria Police,Northumbria Police,-1.750490,54.973042,On or near HOLBURN CRESCENT,E01008249,Gateshead 001D,Investigation complete; no suspect identified
b565f0d2f7f2e7b56fcb0058b7764caded7d68f796ff40873ac294b12bfe227e,2021-05,Northumbria Police,Northumbria Police,-1.574111,54.966487,On or near ST PETER'S WHARF,E01008301,Newcastle upon Tyne 026A,Investigation complete; no suspect identified
477a5605cf05e32cd785a23aee060340e9d652b709bc86b9effaa020eb7f05cb,2021-05,Northumbria Police,Northumbria Police,-1.491834,54.874348,On or near WEARDALE CRESCENT,E01008800,Sunderland 030D,Investigation complete; no suspect identified
802c748ea36a951db5562abec850df9b3433941c28320a5283f92f69260d4bbe,2021-05,Northumbria Police,Northumbria Police,-1.381905,54.917126,On or near Shopping Area,E01008787,Sunderland 006B,Investigation complete; no suspect identified
37f3b1ab2c76550c7801b5d88fe566287b13092102fcd27fa998b9dee122b11a,2021-05,Northumbria Police,Northumbria Police,-1.565755,55.181998,On or near FIRST AVENUE,E01027528,Northumberland 010A,Investigation complete; no suspect identified
a23c3f8914fbc9aef6eefb73f2729d7a6f4878917408fa64897d465187e3ebcf,2021-05,Northumbria Police,Northumbria Police,-1.723935,54.954553,On or near COMMERCIAL STREET,E01008280,Gateshead 004E,Investigation complete; no suspect identified
635b9cbbdac16399af26e21d90683749695899fb12bb40ca10d89dd2694d29a9,2021-05,Northumbria Police,Northumbria Police,-1.659676,54.971689,On or near NICHOL STREET,E01008334,Newcastle upon Tyne 029D,Investigation complete; no suspect identified
2ec58bbf95b6ce22a9b64d56937a41df58c099439e28db11686cc227e73a15de,2021-05,Northumbria Police,Northumbria Police,-1.567078,55.013370,On or near STATION APPROACH,E01008473,North Tyneside 018C,Investigation complete; no suspect identified
4ef434df7a303b98dad16bb9e87c74e832222bc572555336673aa154d2f42723,2021-05,Northumbria Police,Northumbria Police,-1.533672,54.958403,On or near DAVIDSON ROAD,E01008243,Gateshead 003C,Investigation complete; no suspect identified
fbf20106e6c5e32c5b237ff3aa84da83dabc21945fb1e114550987f901a28990,2021-05,Northumbria Police,Northumbria Police,-1.484586,55.008717,On or near BARMOUTH ROAD,E01008481,North Tyneside 023A,Investigation complete; no suspect identified
b8ea59a1faa4bcc28d9065827c2f3345bacb07a842590c47525e0a0de4a50e9e,2021-05,Northumbria Police,Northumbria Police,-1.599709,54.936775,On or near DURHAM ROAD,E01008239,Gateshead 020D,Investigation complete; no suspect identified
6fc67889063d74f1a39bb79833293eed8845907b78fd432f7532c3dfbdffb169,2021-05,Northumbria Police,Northumbria Police,-1.696117,54.988770,On or near LINDISFARNE CLOSE,E01008330,Newcastle upon Tyne 015G,Investigation complete; no suspect identified
bd9027a227d5e58e501ce309a5da7e57490dc67bdaafd7e9c91f3da3f85da688,2021-05,Northumbria Police,Northumbria Police,-1.516005,55.182108,On or near WINDSOR ROAD,E01027541,Northumberland 009A,Investigation complete; no suspect identified
ff51cef5a26297d85f50cae629d64e1f8f353f51486eb43637ff195fe9195913,2021-05,Northumbria Police,Northumbria Police,-1.481152,54.840900,On or near WILLOW ROAD,E01008749,Sunderland 034E,Investigation complete; no suspect identified
d35b20d84a031586e69b52e691e6efceecf1bb413387246df546d2ec150baf59,2021-05,Northumbria Police,Northumbria Police,-1.533024,55.108480,On or near THE OVAL,E01027426,Northumberland 025B,Investigation complete; no suspect identified
75e471b5c7839716506162f32bbe39fefe43d3b1af04175cdc3f2ddbc215f5b4,2021-05,Northumbria Police,Northumbria Police,-1.408121,54.907066,On or near PAXTON TERRACE,E01008704,Sunderland 011B,Investigation complete; no suspect identified
86aa8470adcc56ce985084b4a881babc7202b843fdda40f32544b6376837fd17,2021-05,Northumbria Police,Northumbria Police,-1.563189,55.182618,On or near HAWTHORN ROAD,E01027539,Northumberland 010C,Investigation complete; no suspect identified
12db1a3eb94aabe269f1d91a9b90230c73156566d5bb10e139927982d8616e50,2021-05,Northumbria Police,Northumbria Police,-1.426407,54.901124,On or near HAYDON SQUARE,E01008812,Sunderland 012C,Investigation complete; no suspect identified
135085a66e8a31aae2d848c0ca7246eae32f57e3a945700a7a5db65000f46a17,2021-05,Northumbria Police,Northumbria Police,-1.582001,54.902990,On or near ELISABETH AVENUE,E01008223,Gateshead 025B,Suspect charged
042ddb71446898589509bf0cc166632664f67362a36789c0571ab9e574220028,2021-05,Northumbria Police,Northumbria Police,-1.454767,55.005388,On or near VICTORIA CRESCENT,E01008483,North Tyneside 022A,Investigation complete; no suspect identified
c7c4a9052fe7107cd83ae4ba1b28d961937df04ab3f9019ac791a94fc1f24d96,2021-05,Northumbria Police,Northumbria Police,-1.377875,54.906367,On or near NORFOLK STREET,E01008703,Sunderland 013B,Suspect charged
f8ae03c796e148fcb17b945f19f880d8da9e1c48b8c0b860089b5cd99054c279,2021-05,Northumbria Police,Northumbria Police,-1.837955,54.961786,On or near WEST WYLAM DRIVE,E01027498,Northumberland 038B,Offender given a caution
f45fef37f1e346147630d488716c3b70676b9e67a6088739a5305cfd7f695401,2021-05,Northumbria Police,Northumbria Police,-1.406744,54.921168,On or near JAMES STREET,E01008820,Sunderland 005F,Investigation complete; no suspect identified
17733dbe87958f1771d6abb9f67b2d307068fda965446d4ccc1947407e2e5a93,2021-05,Northumbria Police,Northumbria Police,-1.597282,54.931312,On or near KELLS LANE,E01008193,Gateshead 020A,Investigation complete; no suspect identified
3b1c1c54e2e67d47294e6bfa5653a30dde08de1924df1c9ea49c0b818bde70d5,2021-05,Northumbria Police,Northumbria Police,-1.534474,54.911938,On or near BURNWAY,E01008879,Sunderland 010D,Investigation complete; no suspect identified
0219b9f361b91d7ffa3193e57e6b9a09c2b93f101cb537b917a0015789c11880,2021-05,Northumbria Police,Northumbria Police,-1.568617,54.977736,On or near TUNSTALL AVENUE,E01008392,Newcastle upon Tyne 026F,Investigation complete; no suspect identified
fcd94549f8236d281f701c177131212de86626521b6effde97c19c48b44ce0f5,2021-05,Northumbria Police,Northumbria Police,-1.689167,54.969971,On or near WHITFIELD ROAD,E01033547,Newcastle upon Tyne 025E,Investigation complete; no suspect identified
e6a63840ba928b887a333707db478609fe77316a28de459bb5fd3d02f667dfb1,2021-05,Northumbria Police,Northumbria Police,-1.497489,54.962177,On or near HASTINGS PARADE,E01008658,South Tyneside 015F,Investigation complete; no suspect identified
8fdf60299ceeb04f10a7fc82ceaaa53ce7b912454299fca20b5d59ac8aa5488e,2021-05,Northumbria Police,Northumbria Police,-1.433405,54.989080,On or near BEDFORD AVENUE,E01008666,South Tyneside 002C,Investigation complete; no suspect identified
0a0ef94816c0bb214cafcecebaebf0b59a35bbc987404cacfbdc2a31d8118a25,2021-05,Northumbria Police,Northumbria Police,-1.653518,54.970252,On or near AXBRIDGE GARDENS,E01008335,Newcastle upon Tyne 029E,Offender given a caution
e50c635fe1f21fbddb8f1ef63cf96f4916d29839eca4db9ac041fc5dba382112,2021-05,Northumbria Police,Northumbria Police,-1.539080,54.990766,On or near HEDLEY PLACE,E01008537,North Tyneside 030D,Local resolution
aa45162f24747c31190e2b1b2fb4e2afb5dcb6fc01aff5344a63544cbd72043e,2021-05,Northumbria Police,Northumbria Police,-1.570759,55.185440,On or near LINTONVILLE TERRACE,E01027529,Northumberland 010B,Investigation complete; no suspect identified
876fd8e437b25b3e18d33bb4deb252f9e1a21226050928fedc905405ba370df8,2021-05,Northumbria Police,Northumbria Police,-1.580218,55.134190,On or near WOOD LANE,E01027519,Northumberland 020D,Investigation complete; no suspect identified
c6615df2af6a6be760d796a6c14c10fea3ea6f243e3ad286510bdc0fe8298301,2021-05,Northumbria Police,Northumbria Police,-1.658623,55.000074,On or near BOWFELL CLOSE,E01008377,Newcastle upon Tyne 008E,Investigation complete; no suspect identified
07b866e910504a6fa03f77bf00819b2fc211cc159810776392e57e4705f4666d,2021-05,Northumbria Police,Northumbria Police,-1.640005,54.972127,On or near HARTINGTON STREET,E01008331,Newcastle upon Tyne 029A,Investigation complete; no suspect identified
1f25c845fc872f85a05f51ebb47a8f7b3a9d9f4042def497e03299c0e853f756,2021-05,Northumbria Police,Northumbria Police,-1.518859,55.108056,On or near EARLSWOOD GROVE,E01027439,Northumberland 026C,Investigation complete; no suspect identified
5d703a5a9741c1eedf45a6746c675d7f8acf7dde741a045436d23c213c023e8a,2021-05,Northumbria Police,Northumbria Police,-1.640005,54.972127,On or near HARTINGTON STREET,E01008331,Newcastle upon Tyne 029A,Investigation complete; no suspect identified
604c62ff27a907b531cb4e0c5194d8f4b34eb128cd5e2d9825628045c6755964,2021-05,Northumbria Police,Northumbria Police,-1.377875,54.906367,On or near NORFOLK STREET,E01008703,Sunderland 013B,Suspect charged
c68bcbf2cd244f98e2fef7f48c7b7344baf93f42499bc1467a9c0a0654994e36,2021-05,Northumbria Police,Northumbria Police,-1.656820,54.989681,On or near Pedestrian Subway,E01008450,Newcastle upon Tyne 016B,Investigation complete; no suspect identified
143e31cebc4c25e69c017ba3ba9aa8c32659be75d13cb0edad10d0dad5111db6,2021-05,Northumbria Police,Northumbria Police,-1.585749,55.131674,On or near ROSALIND AVENUE,E01027515,Northumberland 020A,Investigation complete; no suspect identified
d0e6aee450b65fc15f897d6dcca8619a09708d151ee4c89f2c133ed495e75c10,2021-05,Northumbria Police,Northumbria Police,-1.586985,54.976757,On or near Petrol Station,E01008304,Newcastle upon Tyne 026C,Investigation complete; no suspect identified
c5942113be209cb953a162a11b5be4d0d8f897d71fbe1511fc0f084984540daf,2021-05,Northumbria Police,Northumbria Police,-1.518306,55.181452,On or near SEATON AVENUE,E01027544,Northumberland 009D,Investigation complete; no suspect identified
5284124b1134b975cac8eb04e71f3fa7639558af91ce2b2413d501900b86efa7,2021-05,Northumbria Police,Northumbria Police,-1.518125,55.124785,On or near CLAREMONT TERRACE,E01027431,Northumberland 023C,Investigation complete; no suspect identified
6133a16452954d53060237800748c42bfb3c3766046c7fa61ba19c721d9fec5a,2021-05,Northumbria Police,Northumbria Police,-1.568353,55.182852,On or near Supermarket,E01027528,Northumberland 010A,Investigation complete; no suspect identified
6133a16452954d53060237800748c42bfb3c3766046c7fa61ba19c721d9fec5a,2021-05,Northumbria Police,Northumbria Police,-1.568353,55.182852,On or near Supermarket,E01027528,Northumberland 010A,Investigation complete; no suspect identified
6133a16452954d53060237800748c42bfb3c3766046c7fa61ba19c721d9fec5a,2021-05,Northumbria Police,Northumbria Police,-1.568353,55.182852,On or near Supermarket,E01027528,Northumberland 010A,Investigation complete; no suspect identified
b87684c456372e005268f760b80fbfe9f3dd4b6cb509d39110c4a5421faa4b2f,2021-05,Northumbria Police,Northumbria Police,-1.399534,54.972643,On or near SHILTON CLOSE,E01008625,South Tyneside 013C,Investigation complete; no suspect identified
fada18ad1e08e64b4b55842dc3b0c656373af3a23193ea545ee92026f59ed464,2021-05,Northumbria Police,Northumbria Police,-1.382615,54.902383,On or near Parking Area,E01008831,Sunderland 013D,Investigation complete; no suspect identified
5691c5744f606ec2213c313eb0c91bf0bdd1942f547e36d593713f033f7714c2,2021-05,Northumbria Police,Northumbria Police,-1.543947,54.944675,On or near THORNE BRAKE,E01008242,Gateshead 015D,Suspect charged
742f3f09ab746653a27dd280b76494acce916899a93119039cf9c5a6d2bd477f,2021-05,Northumbria Police,Northumbria Police,-1.443773,54.970580,On or near ORCHID CLOSE,E01008593,South Tyneside 016A,Suspect charged
15dc72656e56f47fd596e3a19ed8426ef343c66c3f038a4d841c7e1186f57dac,2021-05,Northumbria Police,Northumbria Police,-1.443773,54.970580,On or near ORCHID CLOSE,E01008593,South Tyneside 016A,Investigation complete; no suspect identified
c20e1853e567d07da8042018f000dddb25caa58f50b64c442b6ad44d16534154,2021-05,Northumbria Police,Northumbria Police,-1.439796,54.897071,On or near Supermarket,E01008810,Sunderland 014A,Offender given a caution
0c43dad3c2f542010e7cc20fefb7768441019b338d6e08b2bec52964d15364df,2021-05,Northumbria Police,Northumbria Police,-1.465427,54.963263,On or near Supermarket,E01008603,South Tyneside 014B,Investigation complete; no suspect identified
17b6047d6dadf90f03050042fd0f93792e93e61a695f1198e3c17c1d9998223a,2021-05,Northumbria Police,Northumbria Police,-1.452953,55.045630,On or near MARINE AVENUE,E01008586,North Tyneside 009E,Investigation complete; no suspect identified
4e687e9aa86673d8034ba48a0aed820902539e40d3b5e9083e6d671ec9c8dfea,2021-05,Northumbria Police,Northumbria Police,-1.455275,54.929771,On or near BARROW STREET,E01008838,Sunderland 003C,Suspect charged
5d786e3e28a41a4ad6522f25e7f25abb33ca3df31300eb2c7bd72687c47955c9,2021-05,Northumbria Police,Northumbria Police,-1.596957,54.976314,On or near BERMONDSEY STREET,E01008406,Newcastle upon Tyne 023A,Investigation complete; no suspect identified
ed185c58292d8987584adb0dbdfb7f60972d1b630d0c5d24841be6c06cdc0043,2021-05,Northumbria Police,Northumbria Police,-1.448708,55.045898,On or near PARK ROAD,E01008584,North Tyneside 006A,Local resolution
0b35190fad630147362844c3b0ab211d758c44d02c34571ea3aa5339b8b74cd8,2021-05,Northumbria Police,Northumbria Police,-1.638290,54.942216,On or near MALVERN GARDENS,E01008261,Gateshead 019C,Local resolution
5aa98fa6d113820e7db5c823f9f98a4f2b5cf429b50fb187ad23cdf946f3662e,2021-05,Northumbria Police,Northumbria Police,-1.373260,54.881118,On or near Supermarket,E01008780,Sunderland 024D,Suspect charged
c5855d871edd8e9012445e71f1242dd87880b6ee556f14f812586cd07f90f7f1,2021-05,Northumbria Police,Northumbria Police,-1.442950,55.040202,On or near STATION SQUARE,E01008588,North Tyneside 006D,Investigation complete; no suspect identified
c399a047a09fce46c8ee29f47a9f1272110c7d8a1261d54e1aec5419dd3609c6,2021-05,Northumbria Police,Northumbria Police,-1.606972,54.985900,On or near CLAYTON ROAD,E01008370,Newcastle upon Tyne 017C,Investigation complete; no suspect identified
f55a867fff427b332e4aa17d8fc747ce7bce7c94a6c5637ffb5a29763d249898,2021-05,Northumbria Police,Northumbria Police,-1.476398,55.039586,On or near GREEN WAY,E01008522,North Tyneside 005D,Investigation complete; no suspect identified
753a142448bc81ff532e584604c421b10908142b01a53fb6c609b14ee0715c50,2021-05,Northumbria Police,Northumbria Police,-1.450176,54.899697,On or near ROSEMOUNT,E01008811,Sunderland 014B,Investigation complete; no suspect identified
85ff75f37153d2e78d8fe0e7ce9b3726c01b96860d06207d9a3ee7615d8a9aa3,2021-05,Northumbria Police,Northumbria Police,-1.581038,55.106794,On or near SCOTT STREET,E01027398,Northumberland 029A,Investigation complete; no suspect identified
49353964dd2d6376a614c82190a285b31239404aa223cef4a31a08f9bfa01be9,2021-05,Northumbria Police,Northumbria Police,-1.617120,54.978617,On or near EDWARD'S WALK,E01008397,Newcastle upon Tyne 024C,Investigation complete; no suspect identified
49353964dd2d6376a614c82190a285b31239404aa223cef4a31a08f9bfa01be9,2021-05,Northumbria Police,Northumbria Police,-1.617120,54.978617,On or near EDWARD'S WALK,E01008397,Newcastle upon Tyne 024C,Investigation complete; no suspect identified
49353964dd2d6376a614c82190a285b31239404aa223cef4a31a08f9bfa01be9,2021-05,Northumbria Police,Northumbria Police,-1.617120,54.978617,On or near EDWARD'S WALK,E01008397,Newcastle upon Tyne 024C,Investigation complete; no suspect identified
49353964dd2d6376a614c82190a285b31239404aa223cef4a31a08f9bfa01be9,2021-05,Northumbria Police,Northumbria Police,-1.617120,54.978617,On or near EDWARD'S WALK,E01008397,Newcastle upon Tyne 024C,Investigation complete; no suspect identified
3a932abee49ada29f6bced8d39fde7536733e8436348c1ac8ab4626afb04955a,2021-05,Northumbria Police,Northumbria Police,-1.379858,54.880820,On or near Hospital,E01008780,Sunderland 024D,Investigation complete; no suspect identified
7dbe6d6713d9746484308465eaa1804ffac5f84b61e4170fb74f24269fc2a4c6,2021-05,Northumbria Police,Northumbria Police,-1.377479,54.899679,On or near TOWARD ROAD,E01008834,Sunderland 013E,Investigation complete; no suspect identified
361922d60c24d1ea1bc9aafe167db1a1f593e2957bafb43378e8a59f941f87e2,2021-05,Northumbria Police,Northumbria Police,-1.431829,54.918098,On or near Supermarket,E01008693,Sunderland 008A,Suspect charged as part of another case
361922d60c24d1ea1bc9aafe167db1a1f593e2957bafb43378e8a59f941f87e2,2021-05,Northumbria Police,Northumbria Police,-1.431829,54.918098,On or near Supermarket,E01008693,Sunderland 008A,Suspect charged as part of another case
04f673ce0f0afde28259255a224c0c25e1654613baac7f95bfd0fa5fd71484c6,2021-05,Northumbria Police,Northumbria Police,-1.553437,54.999752,On or near WORTHING CLOSE,E01008534,North Tyneside 025C,Investigation complete; no suspect identified
4a54a592181efde11ee5e90e808fa86976816186e019c0af992f473ad00731c5,2021-05,Northumbria Police,Northumbria Police,-1.449131,54.888297,On or near ROSEWOOD SQUARE,E01008733,Sunderland 021E,Investigation complete; no suspect identified
91a9c65ab5bb12c4be4d3579d092db1c91e3bf812d618cac7c6031b96e0c777f,2021-05,Northumbria Police,Northumbria Police,-1.437173,54.975564,On or near FARNHAM ROAD,E01008591,South Tyneside 011B,Investigation complete; no suspect identified
16c6aaad0bb7b8c2f545a215e521821ad52ab1d572cd5fe42c0ef5c1832d9bde,2021-05,Northumbria Police,Northumbria Police,-1.566005,54.947524,On or near WERHALE GREEN,E01008216,Gateshead 012C,Investigation complete; no suspect identified
f52fae7f9a2e8f91093a2ae8a1d286b95894d79e61b0fa5656c15ddc2242d701,2021-05,Northumbria Police,Northumbria Police,-1.617468,54.978232,On or near Further/Higher Educational Building,E01008397,Newcastle upon Tyne 024C,Investigation complete; no suspect identified
c7f1c396ef9af77eb9d79dca07c036a15985a973bba260261557f0e77cab25f9,2021-05,Northumbria Police,Northumbria Police,-1.451904,55.047952,On or near EASTBOURNE GARDENS,E01008550,North Tyneside 003D,Suspect charged
9f2990b652cc5169e0c1b9b273563b2688ce3a4b454ff01d74065a6fefac4d3c,2021-05,Northumbria Police,Northumbria Police,-1.647231,54.976515,On or near AGRICOLA ROAD,E01008449,Newcastle upon Tyne 022D,Investigation complete; no suspect identified
8680cd6ab5e21e806056e591670ad3db9c674c6e0d77c9f836026fe9eb999dbb,2021-05,Northumbria Police,Northumbria Police,-1.686196,54.998378,On or near BRIARSIDE,E01008445,Newcastle upon Tyne 031D,Investigation complete; no suspect identified
dc1941c98c12303a910df78b92024c0d9ae9f53219340d44efcaa85d575f4450,2021-05,Northumbria Police,Northumbria Police,-1.726693,54.948503,On or near STEPHENSON WAY,E01008276,Gateshead 005D,Offender given a caution
e3d60e8053c9588628eda7507613a2fd48a91aa9def00e6f691df3a57bf110ad,2021-05,Northumbria Police,Northumbria Police,-1.452117,55.019701,On or near POPPLEWELL TERRACE,E01008525,North Tyneside 017A,Investigation complete; no suspect identified
08299c674e7f788cb33141c5891457ff3eac67571553c1340cc251f4fa39acb6,2021-05,Northumbria Police,Northumbria Police,-1.508675,55.126886,On or near HAVELOCK STREET,E01027415,Northumberland 023B,Suspect charged
2e71439b19d3fe580ebc680867da827a7dc9b0ee24202fbbae30cf668ffadd96,2021-05,Northumbria Police,Northumbria Police,-1.604153,54.962643,On or near Shopping Area,E01008168,Gateshead 027D,Investigation complete; no suspect identified
c5f2aef159341626aac13e8e49d47327cbd4b4c604e46b09b2bd0e4f886a193e,2021-05,Northumbria Police,Northumbria Police,-1.516044,54.893093,On or near BIDDICK VILLAS,E01008843,Sunderland 019A,Investigation complete; no suspect identified
58e9a87227e5a265c37d9e6c6407bf8ec328f8a413457d87627b07231d9c8225,2021-05,Northumbria Police,Northumbria Police,-1.381278,54.900058,On or near PARK ROAD,E01008834,Sunderland 013E,Investigation complete; no suspect identified
023911e09baf55e293c9a8e3c30a384eb07a2f399352eab412efbd353c34616e,2021-05,Northumbria Police,Northumbria Police,-1.626998,54.974838,On or near SPRING GARDEN LANE,E01033554,Newcastle upon Tyne 024I,Investigation complete; no suspect identified
023911e09baf55e293c9a8e3c30a384eb07a2f399352eab412efbd353c34616e,2021-05,Northumbria Police,Northumbria Police,-1.626998,54.974838,On or near SPRING GARDEN LANE,E01033554,Newcastle upon Tyne 024I,Investigation complete; no suspect identified
023911e09baf55e293c9a8e3c30a384eb07a2f399352eab412efbd353c34616e,2021-05,Northumbria Police,Northumbria Police,-1.626998,54.974838,On or near SPRING GARDEN LANE,E01033554,Newcastle upon Tyne 024I,Investigation complete; no suspect identified
023911e09baf55e293c9a8e3c30a384eb07a2f399352eab412efbd353c34616e,2021-05,Northumbria Police,Northumbria Police,-1.626998,54.974838,On or near SPRING GARDEN LANE,E01033554,Newcastle upon Tyne 024I,Investigation complete; no suspect identified
9abcff85b9a2188f6e93246144dde5ea05b47f8f09887b4039f5be339e6e1d0d,2021-05,Northumbria Police,Northumbria Police,-1.380861,54.904881,On or near Further/Higher Educational Building,E01008703,Sunderland 013B,Investigation complete; no suspect identified
e398def580ffcc902f4ec06c072eb633482238dde01c78bc2a51552f7de8ed0a,2021-05,Northumbria Police,Northumbria Police,-2.579934,55.230805,On or near SOUTH END,E01027503,Northumberland 019C,Investigation complete; no suspect identified
fcb6a9fff87735573594e7962a68c4dde98ab59668dab06c0305272b8f27101c,2021-05,Northumbria Police,Northumbria Police,-1.482482,54.844051,On or near Sports/Recreation Area,E01008754,Sunderland 034F,Investigation complete; no suspect identified
4eca026d8c92176d58dcb87be80134d5b23615bff5fdea28eb635d2f82dac7f9,2021-05,Northumbria Police,Northumbria Police,-1.431398,54.990706,On or near VICTORIA ROAD,E01008667,South Tyneside 002D,Investigation complete; no suspect identified
2a09625fe1c541888ceb609af42599909cc249583fe6158ed0f642d4794f5bba,2021-05,Northumbria Police,Northumbria Police,-1.551627,55.003627,On or near LITTONDALE,E01008532,North Tyneside 025B,Investigation complete; no suspect identified
ac250d2d27134b2bf2693bcbc2fcd1e93a82db939c11f5276b8ac06ae8a25366,2021-05,Northumbria Police,Northumbria Police,-2.579934,55.230805,On or near SOUTH END,E01027503,Northumberland 019C,Investigation complete; no suspect identified
7803f67934c86c110a98bddb241c54dfa5b0d31e2d4336156c881836d6444190,2021-05,Northumbria Police,Northumbria Police,-1.756257,55.060381,On or near Police Station,E01033714,Northumberland 033F,Investigation complete; no suspect identified
0322b7fc65efb95bb3b1ca4769b3136a2bca748f3738d12ab943f6c3c648a077,2021-05,Northumbria Police,Northumbria Police,-1.656873,54.976148,On or near WEST ROAD,E01008334,Newcastle upon Tyne 029D,Investigation complete; no suspect identified
a5f09d3c7767a0d75b2d22558670d24589c24237bd20a9f411256088e48db90e,2021-05,Northumbria Police,Northumbria Police,-1.617297,54.971528,On or near CLAYTON STREET,E01033543,Newcastle upon Tyne 024G,Suspect charged
a9af7cff18fef651405d4bb9b8da82e73d9e1f5a91bc87265f66bf9d37364b31,2021-05,Northumbria Police,Northumbria Police,-1.410342,54.875669,On or near NORFOLK AVENUE,E01008809,Sunderland 026E,Investigation complete; no suspect identified
b546550892b2a54553753c3d7e1b97dd7526b28c060d8c1cc975dd3f0080e087,2021-05,Northumbria Police,Northumbria Police,-1.422937,54.998727,On or near WOULDHAVE COURT,E01008597,South Tyneside 001C,Investigation complete; no suspect identified
38c6e408afad80838959f3cf6d0724ecd07cbf4cc03a835d279b239fbcaa8403,2021-05,Northumbria Police,Northumbria Police,-1.521079,54.979904,On or near LYON STREET,E01008640,South Tyneside 010B,Investigation complete; no suspect identified
c92aac2b3efbe36bd3caae47961e2bdea24e6dd6d3efd3e01dd31111ec47dd23,2021-05,Northumbria Police,Northumbria Police,-1.521079,54.979904,On or near LYON STREET,E01008640,South Tyneside 010B,Investigation complete; no suspect identified
ebe2e9edba6bbbc9b3fa3714134854174b96b4eb9ae51b30e16303e2c458fa56,2021-05,Northumbria Police,Northumbria Police,-1.520125,55.105743,On or near Sports/Recreation Area,E01027439,Northumberland 026C,Investigation complete; no suspect identified
e888306cc2001330f6724bf249978488e5e49c0fe96df616e6c0c36522da31c9,2021-05,Northumbria Police,Northumbria Police,-1.713811,54.981660,On or near HARTSIDE,E01008383,Newcastle upon Tyne 021C,Investigation complete; no suspect identified
5e6e3dc42256a0a77370747ae045196b1dfbdfaa11369e616fe1ae47bc72ca51,2021-05,Northumbria Police,Northumbria Police,-1.534937,54.910987,On or near BRACKENWAY,E01008879,Sunderland 010D,Suspect charged
fb198d5f2ce9daca37ead88bd672d208b26b1c84485e07114f61276ba59323fa,2021-05,Northumbria Police,Northumbria Police,-1.661608,54.979782,On or near MAGNOLIA CLOSE,E01008348,Newcastle upon Tyne 019F,Investigation complete; no suspect identified
5c1c34120e0488aab7e6e906010a8f51a2e3c5bc06bb83d0880c12c1a096488a,2021-05,Northumbria Police,Northumbria Police,-1.372113,54.895796,On or near CAPULET TERRACE,E01008737,Sunderland 016D,Investigation complete; no suspect identified
d43c6512a833d5dc5e373b19265e3318d37acde95fc03b5dc271f3c4f6de0c99,2021-05,Northumbria Police,Northumbria Police,-1.447484,55.008618,On or near Supermarket,E01008524,North Tyneside 022B,Suspect charged
37da9fa0959c67652cd7100e9c50b7edea8f5f7c5697ae89241848f18245f0aa,2021-05,Northumbria Police,Northumbria Police,-1.731623,54.955973,On or near RIDING LEA,E01008279,Gateshead 005E,Investigation complete; no suspect identified
3faf55233d0a573a75987d5d0a3d33d2ba36fff0a3f68273b596745d5a6f21fb,2021-05,Northumbria Police,Northumbria Police,-1.571742,55.183098,On or near Shopping Area,E01027529,Northumberland 010B,Investigation complete; no suspect identified
8dfcc2b8ce4e9f4cc413825f951064ae5a4df6a27a6cc628cd4b6cc30e101748,2021-05,Northumbria Police,Northumbria Police,-1.434584,54.989705,On or near ST MARK'S WAY,E01008666,South Tyneside 002C,Investigation complete; no suspect identified
5121e1d79b1e4cea25cbdea0e60efd2ad9b238ae0cb733506307afd2ff4cf476,2021-05,Northumbria Police,Northumbria Police,-1.503253,54.996259,On or near CHURCHILL STREET,E01008543,North Tyneside 028C,Investigation complete; no suspect identified
9c5a324a878a98c6c4d1e0cd252c428fddd91ff52656890900d4cee08ea74562,2021-05,Northumbria Police,Northumbria Police,-1.579245,54.992331,On or near A188,E01008364,Newcastle upon Tyne 018F,Investigation complete; no suspect identified
33dae9cfc7a7e9b05dc0d05a440ddcad66ba970cc6d856f63d30fb2c5ab6c241,2021-05,Northumbria Police,Northumbria Police,-1.429169,54.998001,On or near Pedestrian Subway,E01008596,South Tyneside 001B,Investigation complete; no suspect identified
064974c3beff0da97d858e2cb9f42f731abb29b7f3aea6ee7e73ee6b0077f7a7,2021-05,Northumbria Police,Northumbria Police,-1.431183,54.959468,On or near WHITELEAS WAY,E01008689,South Tyneside 019B,Investigation complete; no suspect identified
9a4fb2f18b2b383c9ea8b0659f9501def4173f5d3d2bacaf255941c8c45af9d6,2021-05,Northumbria Police,Northumbria Police,-1.601834,54.963372,On or near ELLISON STREET,E01008166,Gateshead 027C,Offender given a caution
c5aebda161516037f9c9636c27b45b5f4170d8a6014ef70f05a9c70248bbc065,2021-05,Northumbria Police,Northumbria Police,-1.511641,55.189666,On or near EAST LEA,E01027542,Northumberland 009B,Investigation complete; no suspect identified
108d3230754f5569fce9320329a671472e31f4db61bd930b4f707f3243d9c9bb,2021-05,Northumbria Police,Northumbria Police,-1.511641,55.189666,On or near EAST LEA,E01027542,Northumberland 009B,Investigation complete; no suspect identified
f5a88a540f7b05dfc0db04cb5cad663e8a4984dd33b5bd90118b39a33990e3f1,2021-05,Northumbria Police,Northumbria Police,-1.584056,55.086262,On or near CHURCH STREET,E01027409,Northumberland 029B,Investigation complete; no suspect identified
2f526490dc12e17d26f97bc16d301368ed4727099bfba7ec202303f0817cbe4f,2021-05,Northumbria Police,Northumbria Police,-1.448967,54.931144,On or near KENTUCKY ROAD,E01008837,Sunderland 003B,Investigation complete; no suspect identified
a34b8f01b4936276e09ddee06e6f9e8c18a53286e06d3dd0ee5f875d1ee8eea5,2021-05,Northumbria Police,Northumbria Police,-1.864257,54.956274,On or near LINNHEADS,E01027502,Northumberland 038F,Investigation complete; no suspect identified
5e463eb206a87f31c677494f82a471809b089bc8b9835afd063c581a087486b4,2021-05,Northumbria Police,Northumbria Police,-1.433618,54.899522,On or near Sports/Recreation Area,E01008810,Sunderland 014A,Investigation complete; no suspect identified
475c5f2e216df713118d731060e0c425c6e9b2ae13f45dc2c45f941896a5317f,2021-05,Northumbria Police,Northumbria Police,-1.549995,54.934256,On or near RICKGARTH,E01008285,Gateshead 018E,Investigation complete; no suspect identified
0bb44841cd5bf70a661d1802fcac0880ddc43fd025e46f48589b5063bc045e38,2021-05,Northumbria Police,Northumbria Police,-1.445349,55.003593,On or near DUKE STREET,E01008544,North Tyneside 027D,Offender given a caution
94728d88660339f6cb2ced8f74d0d6d0da062a55310e7948a494bc28e13364ba,2021-05,Northumbria Police,Northumbria Police,-1.643857,54.997551,On or near WALNUT PLACE,E01008379,Newcastle upon Tyne 008F,Investigation complete; no suspect identified
dc2aa804de5b042d67cf863f533782b8cdfc05d79737578c7de9a561f9f7dfa7,2021-05,Northumbria Police,Northumbria Police,-1.433290,54.982833,On or near CLIFTON TERRACE,E01008683,South Tyneside 005D,Offender given a caution
03a9615a12ccc723ad39f3f21df6e42e1c22c330d0f793ea94a08fee29a0538c,2021-05,Northumbria Police,Northumbria Police,-1.658134,54.969367,On or near CLARA STREET,E01008291,Newcastle upon Tyne 027D,Investigation complete; no suspect identified
3506574d1ac53781cd69924a08dddf55aec244df2e80ec43abb69ce34e946931,2021-05,Northumbria Police,Northumbria Police,-1.586985,54.976757,On or near Petrol Station,E01008304,Newcastle upon Tyne 026C,Investigation complete; no suspect identified
942c6802d0b554c7db489ece756acf6676442c43f1312aa1775da4261d3381b8,2021-05,Northumbria Police,Northumbria Police,-1.442849,54.979768,On or near GREATHEAD STREET,E01008671,South Tyneside 012C,Investigation complete; no suspect identified
2a688d082bbbea78211a8d022231345b00bb224c4335c2183e5b23ffd6f73d52,2021-05,Northumbria Police,Northumbria Police,-1.674849,54.996335,On or near CHANDRA PLACE,E01008298,Newcastle upon Tyne 011C,Investigation complete; no suspect identified
2a688d082bbbea78211a8d022231345b00bb224c4335c2183e5b23ffd6f73d52,2021-05,Northumbria Police,Northumbria Police,-1.674849,54.996335,On or near CHANDRA PLACE,E01008298,Newcastle upon Tyne 011C,Investigation complete; no suspect identified
2a688d082bbbea78211a8d022231345b00bb224c4335c2183e5b23ffd6f73d52,2021-05,Northumbria Police,Northumbria Police,-1.674849,54.996335,On or near CHANDRA PLACE,E01008298,Newcastle upon Tyne 011C,Suspect charged
5f7c3ecfd119633910ca45018278afae591cc16916178e9343611020ff99e88c,2021-05,Northumbria Police,Northumbria Police,-1.610635,54.967427,On or near Parking Area,E01033545,Newcastle upon Tyne 024H,Investigation complete; no suspect identified
5f7c3ecfd119633910ca45018278afae591cc16916178e9343611020ff99e88c,2021-05,Northumbria Police,Northumbria Police,-1.610635,54.967427,On or near Parking Area,E01033545,Newcastle upon Tyne 024H,Investigation complete; no suspect identified
294eaf17979fa9759070ce9e1bac3688b38ee6586f447e36ac8fa4f4aac1759e,2021-05,Northumbria Police,Northumbria Police,-1.601921,54.972026,On or near JUBILEE ROAD,E01033553,Newcastle upon Tyne 023H,Investigation complete; no suspect identified
ced78628542efa9bcedbddca09353eb118962876b4ed3e7a14f3e5687f03cb90,2021-05,Northumbria Police,Northumbria Police,-1.605345,54.995626,On or near NORTH JESMOND AVENUE,E01008371,Newcastle upon Tyne 013C,Investigation complete; no suspect identified
1f1e549e1903746a000eb69e577cc8b3255e4adba8128e0bba07497ab797a70d,2021-05,Northumbria Police,Northumbria Police,-1.380059,54.976364,On or near GROTTO ROAD,E01008684,South Tyneside 018B,Investigation complete; no suspect identified
196b910a1650ffa6707677b5987f0ea6237f63d6a44b8bf56a8b5181fce7b5a8,2021-05,Northumbria Police,Northumbria Police,-1.656873,54.976148,On or near WEST ROAD,E01008334,Newcastle upon Tyne 029D,Investigation complete; no suspect identified
c07f8a7df917d0b1b7da953642b0c46480998883b2221141d5c874c293df7ce3,2021-05,Northumbria Police,Northumbria Police,-1.656873,54.976148,On or near WEST ROAD,E01008334,Newcastle upon Tyne 029D,Investigation complete; no suspect identified
7c3691ddb99f098616a7232e52c63c672d3f77860addb2d6e28f29938b3fd0c7,2021-05,Northumbria Police,Northumbria Police,-1.612425,54.968088,On or near CLAVERING PLACE,E01033543,Newcastle upon Tyne 024G,Investigation complete; no suspect identified
924fcfab1b0a650e1cca53f5cc0973bdbcdc72185425edfa2fcac40eb63ff9d9,2021-05,Northumbria Police,Northumbria Police,-1.656873,54.976148,On or near WEST ROAD,E01008334,Newcastle upon Tyne 029D,Investigation complete; no suspect identified
924fcfab1b0a650e1cca53f5cc0973bdbcdc72185425edfa2fcac40eb63ff9d9,2021-05,Northumbria Police,Northumbria Police,-1.656873,54.976148,On or near WEST ROAD,E01008334,Newcastle upon Tyne 029D,Investigation complete; no suspect identified
8127000e94264d610594a9c47a63a03d1d404b523de679f25b548f56812f4f95,2021-05,Northumbria Police,Northumbria Police,-1.656873,54.976148,On or near WEST ROAD,E01008334,Newcastle upon Tyne 029D,Investigation complete; no suspect identified
017dce67375961f518368500d286ae5aa1e9b04a48f0b5898769feb4562ed4d1,2021-05,Northumbria Police,Northumbria Police,-1.526615,54.991446,On or near LAWSON STREET,E01008573,North Tyneside 029B,Investigation complete; no suspect identified
017dce67375961f518368500d286ae5aa1e9b04a48f0b5898769feb4562ed4d1,2021-05,Northumbria Police,Northumbria Police,-1.526615,54.991446,On or near LAWSON STREET,E01008573,North Tyneside 029B,Investigation complete; no suspect identified
017dce67375961f518368500d286ae5aa1e9b04a48f0b5898769feb4562ed4d1,2021-05,Northumbria Police,Northumbria Police,-1.526615,54.991446,On or near LAWSON STREET,E01008573,North Tyneside 029B,Investigation complete; no suspect identified
fe8fdd804da9bb2e28de169a117876af1478b9794f36bcb51ecb5f4b35e22132,2021-05,Northumbria Police,Northumbria Police,-1.462350,55.003068,On or near WATERVILLE ROAD,E01008545,North Tyneside 027E,Investigation complete; no suspect identified
f5a96bf9cb76dc3cda7bd8fb0fb351f1e1112f4c05ffe630b1b813d2c861ada6,2021-05,Northumbria Police,Northumbria Police,-1.407881,54.970168,On or near FIR GROVE,E01033074,South Tyneside 013E,Investigation complete; no suspect identified
8b201d3972e27436f27b04121781e507d7413c5c62f68a0cd54ec5ee6480f51f,2021-05,Northumbria Police,Northumbria Police,-1.441613,54.928055,On or near RUTHERFORD ROAD,E01008841,Sunderland 003F,Investigation complete; no suspect identified
5d1dc611dab1d1fc0ae9f9a9c4587bbb119a76fd826494214be50b86ae174616,2021-05,Northumbria Police,Northumbria Police,-1.609886,55.006011,On or near CHURCH AVENUE,E01008354,Newcastle upon Tyne 005B,Investigation complete; no suspect identified
a8f253191c84c03059200e2099ef303dcd172f2cb8dfb97008bcdd8212c3363f,2021-05,Northumbria Police,Northumbria Police,-1.739237,54.983451,On or near MANOR GROVE,E01008404,Newcastle upon Tyne 014E,Investigation complete; no suspect identified
b46ea356911520f9dda93d51a3376a744e1fc30df9c2df88faacc957afffde7e,2021-05,Northumbria Police,Northumbria Police,-1.465214,55.041613,On or near THE FOLD,E01008520,North Tyneside 003A,Local resolution
45bebd6fbaef4b93cc25512bc58749d35e9f8bb8b6f16e7ae7450a5b3bc58fcc,2021-05,Northumbria Police,Northumbria Police,-1.568727,55.088437,On or near OTLEY CLOSE,E01027396,Northumberland 028B,Local resolution
8a36a406f3c91c8a9fc34cdcc2a1eb54a1261a01b21c49586485c217a852b0b7,2021-05,Northumbria Police,Northumbria Police,-1.585892,54.941752,On or near TRIBUNE PLACE,E01008201,Gateshead 011B,Investigation complete; no suspect identified
1024ef904733ecb133362931edd1aca6e765d679a88f539aafa04a5b5bd9db13,2021-05,Northumbria Police,Northumbria Police,-1.613970,55.026845,On or near SUMMERHILL AVENUE,E01033551,Newcastle upon Tyne 002G,Investigation complete; no suspect identified
42c9631b88b8de7a6186b39368b2e3c002c295338a95b1220535f442f46d50ce,2021-05,Northumbria Police,Northumbria Police,-1.442604,54.913942,On or near WESSINGTON WAY,E01008697,Sunderland 008E,Investigation complete; no suspect identified
b69aa9241e4809f4228db192998a5c6b062e14f8ed59e37029997eafa71f6d5d,2021-05,Northumbria Police,Northumbria Police,-1.619408,54.966322,On or near Pedestrian Subway,E01033545,Newcastle upon Tyne 024H,Investigation complete; no suspect identified
d21dc595733978d29ab34099a7582ef5c72beecc7d5f2df491de18b3aab67816,2021-05,Northumbria Police,Northumbria Police,-1.597361,54.990568,On or near VALLEY VIEW,E01008366,Newcastle upon Tyne 013A,Investigation complete; no suspect identified
596134da457d121e85d85053399d21d184f0df8db6fba4f7d7a82e971ae74636,2021-05,Northumbria Police,Northumbria Police,-1.568727,55.088437,On or near OTLEY CLOSE,E01027396,Northumberland 028B,Local resolution
189af1983d9541177a28c2131a40a3b5bd835a0442e283ccc240c74b1089a9ee,2021-05,Northumbria Police,Northumbria Police,-1.634176,54.941430,On or near MENDIP GARDENS,E01008261,Gateshead 019C,Investigation complete; no suspect identified
04f78bd1e7c140e7abacbb81475c8f5fd2bff63d3bebfb91551a5e799e4cd751,2021-05,Northumbria Police,Northumbria Police,-1.668240,55.013032,On or near KINGSTON PARK AVENUE,E01008294,Newcastle upon Tyne 001A,Suspect charged
04a339a60664fb1fed9f79a639793c9884c09f47029dcc6f28e870ff26e9f67c,2021-05,Northumbria Police,Northumbria Police,-1.431183,54.959468,On or near WHITELEAS WAY,E01008689,South Tyneside 019B,Investigation complete; no suspect identified
bd2cb1e0f9c38f0384aa60bf88c51acbbb93b426ea402f27fa9e34ba64ee0b06,2021-05,Northumbria Police,Northumbria Police,-1.500992,54.966865,On or near MONKTON LANE,E01008656,South Tyneside 015E,Investigation complete; no suspect identified
bd2cb1e0f9c38f0384aa60bf88c51acbbb93b426ea402f27fa9e34ba64ee0b06,2021-05,Northumbria Police,Northumbria Police,-1.500992,54.966865,On or near MONKTON LANE,E01008656,South Tyneside 015E,Investigation complete; no suspect identified
bd2cb1e0f9c38f0384aa60bf88c51acbbb93b426ea402f27fa9e34ba64ee0b06,2021-05,Northumbria Police,Northumbria Police,-1.500992,54.966865,On or near MONKTON LANE,E01008656,South Tyneside 015E,Investigation complete; no suspect identified
34a01df6edd4c440de6f9afe72e8216f8dfd3989c928f4e255a241f9817461cf,2021-05,Northumbria Police,Northumbria Police,-1.656873,54.976148,On or near WEST ROAD,E01008334,Newcastle upon Tyne 029D,Suspect charged
205bc09704d0172aaa68997912b7881067987d5b29103da88e98ffd40f0eafb9,2021-05,Northumbria Police,Northumbria Police,-1.394941,54.909239,On or near TRIMDON STREET,E01008700,Sunderland 013A,Investigation complete; no suspect identified
07faff3527fe35cadb1610f8887ce8a3ea6ef85a781d14db96580d48a0bd39c8,2021-05,Northumbria Police,Northumbria Police,-1.684617,54.974551,On or near SANDMERE PLACE,E01008415,Newcastle upon Tyne 025B,Investigation complete; no suspect identified
3738a8702e12b40c3b7793487f127be199ffa2902683ca04f139cf10a63dc062,2021-05,Northumbria Police,Northumbria Police,-1.565755,55.181998,On or near FIRST AVENUE,E01027528,Northumberland 010A,Investigation complete; no suspect identified
3738a8702e12b40c3b7793487f127be199ffa2902683ca04f139cf10a63dc062,2021-05,Northumbria Police,Northumbria Police,-1.565755,55.181998,On or near FIRST AVENUE,E01027528,Northumberland 010A,Investigation complete; no suspect identified
d9cbdca5294f524d1bf10fa147895150761b3d3ea2864817f7c8df516b05ef64,2021-05,Northumbria Police,Northumbria Police,-1.558171,55.127992,On or near Petrol Station,E01027425,Northumberland 025A,Investigation complete; no suspect identified
5084fd66c478d91ce4b3d57ea065764789e66a828e3ef4d30eb77264b08e53b2,2021-05,Northumbria Police,Northumbria Police,-1.381279,54.881672,On or near LEECHMERE ROAD,E01008780,Sunderland 024D,Offender given a caution
dbe860822880a26b60bf2794bb5e9058bc3d509620b18c2ca0f737e9fa8f4371,2021-05,Northumbria Police,Northumbria Police,-1.709917,55.414861,On or near POTTERGATE,E01027358,Northumberland 005A,Investigation complete; no suspect identified
688b1e2f971722f73e8e33f5bdcb403d0ea761e4090ff4ad51e1c264e8aece36,2021-05,Northumbria Police,Northumbria Police,-1.636189,54.977768,On or near PHILIP PLACE,E01008399,Newcastle upon Tyne 024D,Investigation complete; no suspect identified
4c1a942ca289d7f1445bd3c5e0c6628df638fa0b5973f7dea2886b993d1850e0,2021-05,Northumbria Police,Northumbria Police,-1.582221,54.905794,On or near ELISABETH AVENUE,E01008224,Gateshead 025C,Investigation complete; no suspect identified
2efdcbbc2343cfe99987302896292058e69e2c4b292eafba4ff97f1d29e2e203,2021-05,Northumbria Police,Northumbria Police,-1.436302,54.974203,On or near TEES COURT,E01008592,South Tyneside 011C,Investigation complete; no suspect identified
6851a516f2502c420add595f349e555f2cc11a3d76480362f96c8c50e718c91d,2021-05,Northumbria Police,Northumbria Police,-1.687296,54.999648,On or near AMBERGATE CLOSE,E01008457,Newcastle upon Tyne 004C,Investigation complete; no suspect identified
0b5a25a54166347d7954e098da4c0be4fe93486f8b3c9c4e99bd896cf5f0aa7d,2021-05,Northumbria Police,Northumbria Police,-1.658434,54.992839,On or near BRIERYSIDE,E01008300,Newcastle upon Tyne 016A,Suspect charged
e4fe727e40b8a383a81bf2bf8b082f97ca9b9226045378cb04c0576c0a285aec,2021-05,Northumbria Police,Northumbria Police,-1.582169,54.922931,On or near WAVERLEY ROAD,E01008217,Gateshead 023E,Investigation complete; no suspect identified
e4fe727e40b8a383a81bf2bf8b082f97ca9b9226045378cb04c0576c0a285aec,2021-05,Northumbria Police,Northumbria Police,-1.582169,54.922931,On or near WAVERLEY ROAD,E01008217,Gateshead 023E,Suspect charged
e745bf1c00ac1818258899c6dda8c0b151d85ed43b224b212062d054196bc387,2021-05,Northumbria Police,Northumbria Police,-1.582398,54.997239,On or near GOSWICK AVENUE,E01008314,Newcastle upon Tyne 012A,Suspect charged
e745bf1c00ac1818258899c6dda8c0b151d85ed43b224b212062d054196bc387,2021-05,Northumbria Police,Northumbria Police,-1.582398,54.997239,On or near GOSWICK AVENUE,E01008314,Newcastle upon Tyne 012A,Suspect charged
43dbf29754ef64135b180fa4f85fbee297d8be49a54d09b7f0a214a6312d2e73,2021-05,Northumbria Police,Northumbria Police,-1.582398,54.997239,On or near GOSWICK AVENUE,E01008314,Newcastle upon Tyne 012A,Investigation complete; no suspect identified
9e6c3a1b2923b043f0d6d59eb654ccb915756d25769460fe9df9d511c3bba730,2021-05,Northumbria Police,Northumbria Police,-1.412673,54.867539,On or near MURRAYFIELD,E01008802,Sunderland 029D,Investigation complete; no suspect identified
665cdd4d87ede396e8d599bbbdff4288b4971aa1e6cdf7a9cd9060a484663f2d,2021-05,Northumbria Police,Northumbria Police,-1.534894,54.891756,On or near CAMPSIE CLOSE,E01008867,Sunderland 020A,Investigation complete; no suspect identified
a6294416eb91a67eae89578ccb98090138df107b1f0926926c2daecd78a5d6f1,2021-05,Northumbria Police,Northumbria Police,-1.569207,54.921088,On or near CYPRESS ROAD,E01008225,Gateshead 021D,Investigation complete; no suspect identified
8c1f554fcaefa9d0ac8179baa83840bec8bec3a6f75a7f76b350aa1bb43d9e2c,2021-05,Northumbria Police,Northumbria Police,-1.672890,54.996869,On or near COLWYNE PLACE,E01008298,Newcastle upon Tyne 011C,Investigation complete; no suspect identified
9ef57dd160dee455e8afb31ede50e53f847924db1c849064d6d25ed607c2d73a,2021-05,Northumbria Police,Northumbria Police,-1.716151,54.957878,On or near ROBINSONS DRIVE,E01008178,Gateshead 004A,Investigation complete; no suspect identified
ef3ded0d84a5aefbc943be02dedf30c71e7ebdf6774dce373b72b10133ce6834,2021-05,Northumbria Police,Northumbria Police,-1.448796,55.004121,On or near COACH LANE,E01008544,North Tyneside 027D,Investigation complete; no suspect identified
f4d8e0d8d3ebf2eb79d8b243597d0cc345eb127430621fd38671f305fbd297bb,2021-05,Northumbria Police,Northumbria Police,-1.699564,55.169569,On or near MITFORD ROAD,E01027456,Northumberland 018B,Investigation complete; no suspect identified
613794db3470b9166c24dfd19b904c911077e615cc76e36ac34d90b1873ae1fb,2021-05,Northumbria Police,Northumbria Police,-1.431635,54.997141,On or near BURROW STREET,E01008667,South Tyneside 002D,Investigation complete; no suspect identified
012f6aa5611a8d241bba78edecbfc776981648537774725031bc1f657318d2ea,2021-05,Northumbria Police,Northumbria Police,-1.427691,54.973309,On or near MCANANY AVENUE,E01008592,South Tyneside 011C,Offender given a caution
40c218b65ae78c629ac2ef7b0e7f678e254b2a1ab7996f3e752dc1b6bfc868f0,2021-05,Northumbria Police,Northumbria Police,-1.427691,54.973309,On or near MCANANY AVENUE,E01008592,South Tyneside 011C,Offender given a caution
40c218b65ae78c629ac2ef7b0e7f678e254b2a1ab7996f3e752dc1b6bfc868f0,2021-05,Northumbria Police,Northumbria Police,-1.427691,54.973309,On or near MCANANY AVENUE,E01008592,South Tyneside 011C,Offender given a caution
40c218b65ae78c629ac2ef7b0e7f678e254b2a1ab7996f3e752dc1b6bfc868f0,2021-05,Northumbria Police,Northumbria Police,-1.427691,54.973309,On or near MCANANY AVENUE,E01008592,South Tyneside 011C,Offender given a caution
8d1b7e17b096ebc692d6ebc95dc8f2b6ce378f21543d07ab5e4291346d13cee6,2021-05,Northumbria Police,Northumbria Police,-1.403863,54.903927,On or near ROSSLYN STREET,E01008707,Sunderland 011D,Offender given a caution
6365fa37c7a593d166fefa09bd9e269d3db00819facd174c2412fd9e61f5a054,2021-05,Northumbria Police,Northumbria Police,-1.515310,54.880240,On or near STATION ROAD,E01008862,Sunderland 025C,Suspect charged
6365fa37c7a593d166fefa09bd9e269d3db00819facd174c2412fd9e61f5a054,2021-05,Northumbria Police,Northumbria Police,-1.515310,54.880240,On or near STATION ROAD,E01008862,Sunderland 025C,Suspect charged
0babbe47fdd14adab83c2707656d0885f9b5fab0053738b2742601c474d62910,2021-05,Northumbria Police,Northumbria Police,-1.475766,55.002884,On or near MINDRUM TERRACE,E01008484,North Tyneside 023C,Local resolution
15eaf20470aaa2dad70fc8ede738ed319b41ad25ace24308154f10041a8ef083,2021-05,Northumbria Police,Northumbria Police,-1.711622,54.964446,On or near Supermarket,E01008177,Gateshead 005A,Suspect charged
e44a8cafbae06f000c6e8e32070f220c1142c9f249483488f5ad582e1d4da1ca,2021-05,Northumbria Police,Northumbria Police,-1.608828,54.979813,On or near Further/Higher Educational Building,E01008397,Newcastle upon Tyne 024C,Suspect charged
e44a8cafbae06f000c6e8e32070f220c1142c9f249483488f5ad582e1d4da1ca,2021-05,Northumbria Police,Northumbria Police,-1.608828,54.979813,On or near Further/Higher Educational Building,E01008397,Newcastle upon Tyne 024C,Suspect charged
5990d8ec8098253ac4a9e712770ba1d9469ab22f4924401b862cc1c26c00bf92,2021-05,Northumbria Police,Northumbria Police,-1.435150,54.961652,On or near GALSWORTHY ROAD,E01008692,South Tyneside 019E,Offender given a drugs possession warning
d2baead1af9736ee1b89642f46213c457271edef19b3daf0366c6b3550c6a3e0,2021-05,Northumbria Police,Northumbria Police,-1.528079,54.906549,On or near BLENCATHRA,E01008880,Sunderland 010E,Investigation complete; no suspect identified
f27f28eca32239f6ee9f9439efbded516c7493905c1e3424c5b03e11109014ba,2021-05,Northumbria Police,Northumbria Police,-1.635054,54.966801,On or near WESTMORLAND ROAD,E01008438,Newcastle upon Tyne 029G,Investigation complete; no suspect identified
fe87dfd3e6158a0dd9be9c2fc2adf3ae04b0f600f7e303dd9f3f8d8b520f42d6,2021-05,Northumbria Police,Northumbria Police,-1.456382,54.920573,On or near CRAMLINGTON ROAD,E01008695,Sunderland 008C,Investigation complete; no suspect identified
7fa00e621b1070f030f0c939897909661aa574e778b8b4686059f8d29a75e353,2021-05,Northumbria Police,Northumbria Police,-1.390732,54.900789,On or near THORNHILL TERRACE,E01008831,Sunderland 013D,Suspect charged
ec046d64641cbe5d924c90a391204eb6c30ab6d8c6ba993adae9b08493bfa5c5,2021-05,Northumbria Police,Northumbria Police,-1.576666,55.027979,On or near GREAT LIME ROAD,E01008477,North Tyneside 008C,Investigation complete; no suspect identified
3062b8a82e85d989fff557b767f89d5dddea8950d41cd5e95ac133c775347773,2021-05,Northumbria Police,Northumbria Police,-1.689339,55.006375,On or near NEWBIGGIN LANE,E01008457,Newcastle upon Tyne 004C,Investigation complete; no suspect identified
822cd3478b06e78e4e661809e0fa42363d589a7f33476ddbd331900f4b75e4f3,2021-05,Northumbria Police,Northumbria Police,-1.558490,54.968057,On or near LICHFIELD AVENUE,E01008389,Newcastle upon Tyne 028B,Suspect charged
3f2aa7b4b3e43ad786e287bc12208b4d41e1ad656d3336d18397dabcdf1641fa,2021-05,Northumbria Police,Northumbria Police,-1.504439,54.976108,On or near HEREFORD WAY,E01008652,South Tyneside 009B,Investigation complete; no suspect identified
e1821333961cc1cedbc79b0fd356a51a0d3928e2cdcfc45b0fa8ec87d70682d4,2021-05,Northumbria Police,Northumbria Police,-1.601348,55.092916,On or near ROSE AVENUE,E01027412,Northumberland 029D,Suspect charged
b9a39293852833fa46e175cd644e11c0e5c4f1c7a5ad4ff0ff7a48a9c7a8121f,2021-05,Northumbria Police,Northumbria Police,-1.601348,55.092916,On or near ROSE AVENUE,E01027412,Northumberland 029D,Suspect charged
b70ba4c12df4fab238aa576f991b6907b65caa53f4bb04560d4cd595b5477dbb,2021-05,Northumbria Police,Northumbria Police,-1.999392,54.945386,On or near Conference/Exhibition Centre,E01027504,Northumberland 039C,Investigation complete; no suspect identified
93532568e95e96a0686bb246978c1370ccf62469d27f622300d628c6896f9f92,2021-05,Northumbria Police,Northumbria Police,-1.562045,54.984416,On or near Supermarket,E01008392,Newcastle upon Tyne 026F,Investigation complete; no suspect identified
db277d014dba74f91224c0dcd2882d05f3accaf414054db929ea5a59ac98d17c,2021-05,Northumbria Police,Northumbria Police,-1.503521,54.901050,On or near WASKERLEY ROAD,E01008847,Sunderland 017C,Investigation complete; no suspect identified
983be0a1b2fc0083e6ff40f443528f425dd1c3c6ea610e86a0f6c195eb7b802d,2021-05,Northumbria Police,Northumbria Police,-1.527630,54.896958,On or near PARKWAY,E01008848,Sunderland 019C,Investigation complete; no suspect identified
0578ed685ee7eb943bbef496751550857e8a895419a5171a3b0da47b34aefb5f,2021-05,Northumbria Police,Northumbria Police,-1.617241,54.969164,On or near NEVILLE STREET,E01033545,Newcastle upon Tyne 024H,Investigation complete; no suspect identified
debef5a56807a8c9dc529a197057c858bd74e09ab47d16ba664e15fad39af064,2021-05,Northumbria Police,Northumbria Police,-1.515310,54.880240,On or near STATION ROAD,E01008862,Sunderland 025C,Suspect charged
23a56d82771e6029dfcd12ca9ab7c8c72de9cff4a122c54ebca152201e70f20f,2021-05,Northumbria Police,Northumbria Police,-1.405560,54.968718,On or near Sports/Recreation Area,E01008622,South Tyneside 013A,Investigation complete; no suspect identified
08af442dbd2b3cda05b94847cc9fecc1ec0a1a4382ba47bf64df907170dc08ca,2021-05,Northumbria Police,Northumbria Police,-1.442950,55.040202,On or near STATION SQUARE,E01008588,North Tyneside 006D,Investigation complete; no suspect identified
08af442dbd2b3cda05b94847cc9fecc1ec0a1a4382ba47bf64df907170dc08ca,2021-05,Northumbria Police,Northumbria Police,-1.442950,55.040202,On or near STATION SQUARE,E01008588,North Tyneside 006D,Local resolution
d84f0157b28f8a0098ef7a593a4b65871d6ec35d56c02eec629579b98bc3bbca,2021-05,Northumbria Police,Northumbria Police,-1.394941,54.909239,On or near TRIMDON STREET,E01008700,Sunderland 013A,Suspect charged
3a8b7937ee1f7f28bbc1aef15d1904444c0e5b678dcc1974f41131d4bb667592,2021-05,Northumbria Police,Northumbria Police,-1.553613,55.179492,On or near HEBRON PLACE,E01027545,Northumberland 010D,Investigation complete; no suspect identified
40388ac560a966bd5e7689daa6819bed1c904f743f7c078dbe464f3a18a430e2,2021-05,Northumbria Police,Northumbria Police,-1.429003,54.997542,On or near ANDERSON STREET,E01008596,South Tyneside 001B,Suspect charged
e545b66fcb0e10de456b2542cc5bd96bd423091d679caf8855828a4fa896498d,2021-05,Northumbria Police,Northumbria Police,-1.738326,54.981778,On or near HIGH STREET,E01008404,Newcastle upon Tyne 014E,Investigation complete; no suspect identified
3b5f8f55cb961d6d972aa01e7c27f562238aa171596d3b75f91448dc4f5507ba,2021-05,Northumbria Police,Northumbria Police,-1.581940,55.078886,On or near AKELD CLOSE,E01027411,Northumberland 029C,Investigation complete; no suspect identified
120a90c6025d21d22d75275bb0478fbd370d0384df11083d69431b41941e963d,2021-05,Northumbria Police,Northumbria Police,-1.771897,54.955489,On or near THE PINES,E01008195,Gateshead 002A,Investigation complete; no suspect identified
80a32102be4ac4c231e3620f9cda293da1d30b35f329a9e5333a0dbb50d7b3dd,2021-05,Northumbria Police,Northumbria Police,-1.520346,55.033603,On or near ALGERNON DRIVE,E01032647,North Tyneside 011E,Local resolution
be9ba50d4a1544690aa97ffdfcbc6f20f6125370c68cc3814a17ead5106c9197,2021-05,Northumbria Police,Northumbria Police,-1.370657,54.908154,On or near JAMES WILLIAMS STREET,E01008702,Sunderland 016A,Investigation complete; no suspect identified
95d6ecfac663069e2c1d20f1de7c114e275a3a292358cdede42d30f8f854aa8b,2021-05,Northumbria Police,Northumbria Police,-1.373576,54.895966,On or near EDITH STREET,E01008737,Sunderland 016D,Investigation complete; no suspect identified
7a0c5b7fccc19d703c498e7319aea8899240d565a79367fc8117afbf285532b7,2021-05,Northumbria Police,Northumbria Police,-1.453005,55.003898,On or near CARDONNEL STREET,E01008544,North Tyneside 027D,Investigation complete; no suspect identified
4fbe5cebf65e87689eb90b3fd665888cf89a0fd1fb3d1a5e3ca5e185f2b4bbee,2021-05,Northumbria Police,Northumbria Police,-1.513694,54.914759,On or near HELMDON,E01008855,Sunderland 007A,Investigation complete; no suspect identified
1759621a3971b9ffd644f3cb29c3d010bec5181ac440f87f3920b895230c05c8,2021-05,Northumbria Police,Northumbria Police,-1.377925,54.915273,On or near DIXON'S SQUARE,E01008791,Sunderland 006F,Investigation complete; no suspect identified
557f9b435411700eb7f0c5ca4eada983ef3186039d32b72a10195ffdc6ba3a5b,2021-05,Northumbria Police,Northumbria Police,-1.402273,54.908116,On or near HADRIAN STREET,E01008706,Sunderland 011C,Suspect charged
da2722e79c85de3ac813eb9b9fbbc9cc4baa074b1f24a7e313223fe63f300e1a,2021-05,Northumbria Police,Northumbria Police,-1.529931,55.026002,On or near ST CUTHBERT'S ROAD,E01008501,North Tyneside 018D,Suspect charged
97fc15190141412e9c9cdccd0a04d5120f8f98a87c7b05683b3de1524f741a77,2021-05,Northumbria Police,Northumbria Police,-1.449929,55.009312,On or near SIDNEY STREET,E01008524,North Tyneside 022B,Investigation complete; no suspect identified
8e0738c3753e3ef2c078e1fb90cdea0b0aa7769e42c1e9bdccd5f75b2c34ee9e,2021-05,Northumbria Police,Northumbria Police,-1.702347,54.968314,On or near PATTERSON STREET,E01008181,Gateshead 005C,Investigation complete; no suspect identified
c6aaf0935d3c9ca81beafafb5f73ad1858b98f1cd08d46fc6ef0778d75205a20,2021-05,Northumbria Police,Northumbria Police,-1.473146,55.001156,On or near BANBURY WAY,E01008540,North Tyneside 027B,Investigation complete; no suspect identified
66ce1712965b019a3049cae9fe5382bfed194416f52d878ada14b6968b9e22c3,2021-05,Northumbria Police,Northumbria Police,-1.681154,54.971927,On or near KNOTT PLACE,E01033547,Newcastle upon Tyne 025E,Offender given a caution
66ce1712965b019a3049cae9fe5382bfed194416f52d878ada14b6968b9e22c3,2021-05,Northumbria Police,Northumbria Police,-1.681154,54.971927,On or near KNOTT PLACE,E01033547,Newcastle upon Tyne 025E,Offender given a caution
c016a91d91817170ffc90a8ad0206bb40f25a1e3062f26d4f0d7b2dd330e786f,2021-05,Northumbria Police,Northumbria Police,-1.511287,55.010454,On or near BOWNESS AVENUE,E01008461,North Tyneside 021A,Investigation complete; no suspect identified
b463a559dfed5646442bf5217d3fdf6879f7b3ee11bdbff40957c99015c234b0,2021-05,Northumbria Police,Northumbria Police,-1.440648,54.815270,On or near LYONS GARDENS,E01008745,Sunderland 036C,Investigation complete; no suspect identified
7d20fbc6765a274a5856e10606b1d2ed41d40f41a7bbd774f67a6980cf274e0b,2021-05,Northumbria Police,Northumbria Police,-1.440464,55.013088,On or near GREY STREET,E01008559,North Tyneside 017C,Suspect charged
a30425f09f126584ea0a8568c7a4d95bd1fdae1cd5e7273750303f0c7668f110,2021-05,Northumbria Police,Northumbria Police,-1.455817,54.970508,On or near BLYTON AVENUE,E01008672,South Tyneside 012D,Investigation complete; no suspect identified
d05042ecb352e85a7d270b2b744dd64560a11c605fce08aa6741da5bec3665c5,2021-05,Northumbria Police,Northumbria Police,-1.440464,55.013088,On or near GREY STREET,E01008559,North Tyneside 017C,Suspect charged
5207841188e0d0397cb098a8f000678bae99daa7920c4c7517e509fc6361a4ae,2021-05,Northumbria Police,Northumbria Police,-1.561745,55.126630,On or near FRONT STREET,E01027425,Northumberland 025A,Investigation complete; no suspect identified
59c53c6d60bbfe43d67589ef4428733233d612096e04088302e41d487ec3a7a2,2021-05,Northumbria Police,Northumbria Police,-1.561745,55.126630,On or near FRONT STREET,E01027425,Northumberland 025A,Investigation complete; no suspect identified
e50880af65af9aa086c761c83098ade1e0881bdbbdbb6b6cd9904d7492109651,2021-05,Northumbria Police,Northumbria Police,-1.561745,55.126630,On or near FRONT STREET,E01027425,Northumberland 025A,Investigation complete; no suspect identified
8c4625d4e016f4662f8c4f3b155795e98bc28d96da8a23be175afa75b7223ea8,2021-05,Northumbria Police,Northumbria Police,-1.608789,54.998244,On or near CROSSWAY,E01008371,Newcastle upon Tyne 013C,Investigation complete; no suspect identified
917cb913ee59535a98fcc6dc472db5309e9359649688df80653fae05de311465,2021-05,Northumbria Police,Northumbria Police,-1.372930,54.895387,On or near MARION STREET,E01008737,Sunderland 016D,Investigation complete; no suspect identified
9c9c08d1cc001e6c73c17e9da4fcd1b1d9c507b607754b642763a900d8e0651d,2021-05,Northumbria Police,Northumbria Police,-1.523994,55.119138,On or near NEWSHAM ROAD,E01027422,Northumberland 024B,Offender given a drugs possession warning
4a34a924b12b1fc07ff1447ef9c8d8fe27ede375b6014b8879eb82c320a2021e,2021-05,Northumbria Police,Northumbria Police,-1.549619,54.967935,On or near STAWARD TERRACE,E01008428,Newcastle upon Tyne 030D,Investigation complete; no suspect identified
2e99e0bea2acab4d72a1ea33a1c02bed20a811b7c52cddbb4c0d5506e965ccfe,2021-05,Northumbria Police,Northumbria Police,-1.723364,54.960366,On or near BACK LANE,E01008180,Gateshead 004B,Investigation complete; no suspect identified
f6a7803c0b8f8cb2112ad1502e0a381cd961124bb8bb88200486ef37990e719d,2021-05,Northumbria Police,Northumbria Police,-2.015275,55.768971,On or near WEST END PLACE,E01027387,Northumberland 001D,Investigation complete; no suspect identified
f6a7803c0b8f8cb2112ad1502e0a381cd961124bb8bb88200486ef37990e719d,2021-05,Northumbria Police,Northumbria Police,-2.015275,55.768971,On or near WEST END PLACE,E01027387,Northumberland 001D,Investigation complete; no suspect identified
f6a7803c0b8f8cb2112ad1502e0a381cd961124bb8bb88200486ef37990e719d,2021-05,Northumbria Police,Northumbria Police,-2.015275,55.768971,On or near WEST END PLACE,E01027387,Northumberland 001D,Investigation complete; no suspect identified
f6a7803c0b8f8cb2112ad1502e0a381cd961124bb8bb88200486ef37990e719d,2021-05,Northumbria Police,Northumbria Police,-2.015275,55.768971,On or near WEST END PLACE,E01027387,Northumberland 001D,Investigation complete; no suspect identified
33e2b07e5caeb069c94c2b5bd1c08ec5c1c70248a6315bc05c5ad1333cfaedd6,2021-05,Northumbria Police,Northumbria Police,-1.609802,55.000215,On or near WOODTHORNE ROAD,E01008422,Newcastle upon Tyne 005E,Investigation complete; no suspect identified
f95c5ae853d21d93f74f222803671664cbfe2102a42dfd023ad74e8ae3c86a9c,2021-05,Northumbria Police,Northumbria Police,-1.502216,54.842399,On or near DURHAM STREET,E01008755,Sunderland 033E,Local resolution
2929ee2da25612a357042c248c0d35e4231a734e8f5c8ef17867b90511e6cafb,2021-05,Northumbria Police,Northumbria Police,-1.435828,54.978999,On or near WEST WAY,E01008679,South Tyneside 005A,Investigation complete; no suspect identified
1ab0e99dc182c68a602880a3bb36d97525cc8bb5f3f31e99f652ff3f137d9ca6,2021-05,Northumbria Police,Northumbria Police,-1.604581,54.995372,On or near NEWBROUGH CRESCENT,E01008371,Newcastle upon Tyne 013C,Suspect charged
58dff344b276bbe2d5665f641e648d77bc8a37de2559a5d51d0d38daae1c1e2d,2021-05,Northumbria Police,Northumbria Police,-1.632948,54.973427,On or near VALLUM WAY,E01008399,Newcastle upon Tyne 024D,Investigation complete; no suspect identified
47339494ddf0999f6cafa02fba67ecddf61a0c7f72e6801bcea1569faad2703c,2021-05,Northumbria Police,Northumbria Police,-1.556356,55.170004,On or near Petrol Station,E01027532,Northumberland 014A,Investigation complete; no suspect identified
34aae5e4eb702b2479c97d443c6ab7292d8b55d8bef1ddd9129cf87f20205c89,2021-05,Northumbria Police,Northumbria Police,-1.505827,55.037373,On or near Sports/Recreation Area,E01008567,North Tyneside 007D,Offender given a caution
34aae5e4eb702b2479c97d443c6ab7292d8b55d8bef1ddd9129cf87f20205c89,2021-05,Northumbria Police,Northumbria Police,-1.505827,55.037373,On or near Sports/Recreation Area,E01008567,North Tyneside 007D,Offender given a caution
6792301c4b03893462bcef4b21c40680980df632b3e7205706952506cbecb065,2021-05,Northumbria Police,Northumbria Police,-1.577226,54.976176,On or near CONYERS ROAD,E01008303,Newcastle upon Tyne 018A,Investigation complete; no suspect identified
a8ba7deb1aa0f216e826d49d9f09babd1e68c2858cb7b0c55cc494d5cc837ac2,2021-05,Northumbria Police,Northumbria Police,-1.367231,54.884942,On or near CARNEGIE STREET,E01008779,Sunderland 024C,Investigation complete; no suspect identified
d1b96445752c0a5799a8d538eb72c6c85f802394332892f4e8184f80ae33ad3b,2021-05,Northumbria Police,Northumbria Police,-1.638849,55.010432,On or near LEAGREEN COURT,E01008341,Newcastle upon Tyne 003F,Investigation complete; no suspect identified
0c3d7ab42f6c411fbc342a92f09597fdf4c3fe10eccb72a1d51b4e1ea1baec0b,2021-05,Northumbria Police,Northumbria Police,-1.995497,55.753886,On or near EASTCLIFFE,E01027388,Northumberland 001E,Investigation complete; no suspect identified
f8fedba69330b2687b138b92b5e76c49c0307aff6a3bddbdb41c5f37eda49b8e,2021-05,Northumbria Police,Northumbria Police,-1.638849,55.010432,On or near LEAGREEN COURT,E01008341,Newcastle upon Tyne 003F,Investigation complete; no suspect identified
36f0c5cdb089f8c78001f496609cbfc0a5e55b27c9a8d5c3ac070823b12259fd,2021-05,Northumbria Police,Northumbria Police,-1.596091,55.000359,On or near Parking Area,E01008321,Newcastle upon Tyne 007D,Offender given a caution
36f0c5cdb089f8c78001f496609cbfc0a5e55b27c9a8d5c3ac070823b12259fd,2021-05,Northumbria Police,Northumbria Police,-1.596091,55.000359,On or near Parking Area,E01008321,Newcastle upon Tyne 007D,Offender given a caution
36f0c5cdb089f8c78001f496609cbfc0a5e55b27c9a8d5c3ac070823b12259fd,2021-05,Northumbria Police,Northumbria Police,-1.596091,55.000359,On or near Parking Area,E01008321,Newcastle upon Tyne 007D,Offender given a caution
89a04a5f81a6c66220edce5fda3c079f8b2c4ca3ec40a1faa111afd98720eaff,2021-05,Northumbria Police,Northumbria Police,-1.439682,54.917640,On or near OSWALD TERRACE,E01008697,Sunderland 008E,Suspect charged as part of another case
89a04a5f81a6c66220edce5fda3c079f8b2c4ca3ec40a1faa111afd98720eaff,2021-05,Northumbria Police,Northumbria Police,-1.439682,54.917640,On or near OSWALD TERRACE,E01008697,Sunderland 008E,Suspect charged as part of another case
89a04a5f81a6c66220edce5fda3c079f8b2c4ca3ec40a1faa111afd98720eaff,2021-05,Northumbria Police,Northumbria Police,-1.439682,54.917640,On or near OSWALD TERRACE,E01008697,Sunderland 008E,Suspect charged as part of another case
0fe52697af43b35e85e23765528fd13f64380aa8b2b108b7295044501a6ef863,2021-05,Northumbria Police,Northumbria Police,-1.679994,54.950744,On or near SOUTH VIEW TERRACE,E01008265,Gateshead 009D,Investigation complete; no suspect identified
bcf18056777ae5d0bc9a5c75a1a3176edce4394beb7a5a5d2a8002029cbc52b2,2021-05,Northumbria Police,Northumbria Police,-1.656873,54.976148,On or near WEST ROAD,E01008334,Newcastle upon Tyne 029D,Investigation complete; no suspect identified
747dad8ad56735d765717a1276e53bebfee59e337842dbef6eb1689c86f00b04,2021-05,Northumbria Police,Northumbria Police,-1.374633,54.897166,On or near SALEM HILL,E01008735,Sunderland 016B,Investigation complete; no suspect identified
f7cf67918c9b24138428304825e1e40bd603a0a37d00c65a3c1e459bbc68443f,2021-05,Northumbria Police,Northumbria Police,-1.552774,54.972134,On or near HORSLEY TERRACE,E01008426,Newcastle upon Tyne 028C,Investigation complete; no suspect identified
b33213a21bd038ff28bf4725b606b59bc54be8bef02f72a63be7d8e0d486f6cc,2021-05,Northumbria Police,Northumbria Police,-1.661608,54.979782,On or near MAGNOLIA CLOSE,E01008348,Newcastle upon Tyne 019F,Investigation complete; no suspect identified
d52ac58d661f699cbba4088127514a2603ad20443870869fb422da62e47080a1,2021-05,Northumbria Police,Northumbria Police,-1.436673,54.954389,On or near BOLDON LANE,E01008606,South Tyneside 016C,Investigation complete; no suspect identified
6855fbca0898f2aab11f07d4d2a831b6c9bdfd5a37292ada93f78eb35f7f57f0,2021-05,Northumbria Police,Northumbria Police,-1.597501,54.951604,On or near SHIPCOTE TERRACE,E01008203,Gateshead 028B,Investigation complete; no suspect identified
0119a7ddb3b3dd77e7e99b0a48f8ea19030a4a7e04d5e893200bdc39ff4ff8d0,2021-05,Northumbria Police,Northumbria Police,-1.545782,54.974328,On or near BERRY CLOSE,E01008425,Newcastle upon Tyne 030B,Investigation complete; no suspect identified
1aaab2b00c00268a09cb8c08d5022cb0646300fe2b3de399d75c74bf9b2173e4,2021-05,Northumbria Police,Northumbria Police,-1.401799,54.928522,On or near EYEMOUTH LANE,E01008712,Sunderland 004A,Investigation complete; no suspect identified
0d5b386dccc63461cb08dfe3d2f23fbc33cd380301ab87a26da90cc990a8572d,2021-05,Northumbria Police,Northumbria Police,-1.662812,54.970341,On or near ST JAMES' GARDENS,E01008290,Newcastle upon Tyne 027C,Investigation complete; no suspect identified
854345a75f9746442253895761f9e4aa54478116b6d9bf56d88ef9c0af578c2a,2021-05,Northumbria Police,Northumbria Police,-1.676337,55.158987,On or near THIRD AVENUE,E01027461,Northumberland 016E,Suspect charged
18fc6b62607dcde5ad82c33495e9e418f64fef833c10e64936a1a776b689b253,2021-05,Northumbria Police,Northumbria Police,-1.479336,54.861013,On or near TESLA STREET,E01008721,Sunderland 032B,Investigation complete; no suspect identified
4e6564fcd2295fdc23b9ac184ece6ddcc097230ae0a3f0f070ac09a4ac32d3dd,2021-05,Northumbria Police,Northumbria Police,-1.638290,54.942216,On or near MALVERN GARDENS,E01008261,Gateshead 019C,Local resolution
e299f88f12532cd1353bc6c0ebf3c0ee821fd1dcf7f90e4d098627952f3e7a7f,2021-05,Northumbria Police,Northumbria Police,-1.716393,54.961141,On or near BURNLEY STREET,E01008178,Gateshead 004A,Investigation complete; no suspect identified
53db6b97b47be0b100f82801a832db4f3646fc1734f9b07505604b24f6bea79c,2021-05,Northumbria Police,Northumbria Police,-1.636893,54.975973,On or near BEACONSFIELD STREET,E01008396,Newcastle upon Tyne 022B,Investigation complete; no suspect identified
19e4a0fcb812551b74f5560566f168c6668552cd9ac7c2868884ce967fa6e8b8,2021-05,Northumbria Police,Northumbria Police,-1.519086,54.912606,On or near FRONT STREET,E01008853,Sunderland 009A,Investigation complete; no suspect identified
c0a1a60449104e80c9d63850690a9868db88130c3cc559a29b7023081a2e9ee1,2021-05,Northumbria Police,Northumbria Police,-1.488962,54.962142,On or near RAVENSWORTH TERRACE,E01008659,South Tyneside 017C,Suspect charged
194217eaf41e7c2200481899faea649d22df15970fc8bd7afe339c23123fe7f7,2021-05,Northumbria Police,Northumbria Police,-1.653518,54.970252,On or near AXBRIDGE GARDENS,E01008335,Newcastle upon Tyne 029E,Investigation complete; no suspect identified
194217eaf41e7c2200481899faea649d22df15970fc8bd7afe339c23123fe7f7,2021-05,Northumbria Police,Northumbria Police,-1.653518,54.970252,On or near AXBRIDGE GARDENS,E01008335,Newcastle upon Tyne 029E,Investigation complete; no suspect identified
194217eaf41e7c2200481899faea649d22df15970fc8bd7afe339c23123fe7f7,2021-05,Northumbria Police,Northumbria Police,-1.653518,54.970252,On or near AXBRIDGE GARDENS,E01008335,Newcastle upon Tyne 029E,Investigation complete; no suspect identified
227d829c2ecf9f8a30791d18a8f87c4b4bb7feeb0890d25cbe48019d1d74a711,2021-05,Northumbria Police,Northumbria Police,-1.394941,54.909239,On or near TRIMDON STREET,E01008700,Sunderland 013A,Investigation complete; no suspect identified
5f30b6e59728b198f419a8cad5162e46a440198c424141c2eaf57d75afda0917,2021-05,Northumbria Police,Northumbria Police,-1.394941,54.909239,On or near TRIMDON STREET,E01008700,Sunderland 013A,Investigation complete; no suspect identified
aa55f636cdcc57e8e2d449bbac50e5190bc00d401e456df595e1aa996f484e70,2021-05,Northumbria Police,Northumbria Police,-1.475398,55.020297,On or near ST AIDAN'S CLOSE,E01008489,North Tyneside 015B,Suspect charged
b3f99587cf7137607207b2ade48816025264226a374192a8b9afaf5775423d85,2021-05,Northumbria Police,Northumbria Police,-1.399957,54.899190,On or near BURNVILLE ROAD SOUTH,E01008830,Sunderland 018B,Investigation complete; no suspect identified
7bdbd8f4708da5d3061c195726ef59515f050bd548d80372500b594fc68cea03,2021-05,Northumbria Police,Northumbria Police,-1.418051,54.910646,On or near VICTORY STREET,E01008762,Sunderland 012B,Investigation complete; no suspect identified
5bb90bed2553347acdd3069cb7ddeb57513a1ff2f75c641e50f4566138aff111,2021-05,Northumbria Police,Northumbria Police,-1.525269,55.072397,On or near Supermarket,E01027432,Northumberland 032A,Investigation complete; no suspect identified
d42dacc62c106f21df78e453e4d2a4dba997fe4e46e1e4201cdcab0bc882564f,2021-05,Northumbria Police,Northumbria Police,-1.942237,55.067862,On or near RICHLEY TERRACE,E01027472,Northumberland 034E,Investigation complete; no suspect identified
d42dacc62c106f21df78e453e4d2a4dba997fe4e46e1e4201cdcab0bc882564f,2021-05,Northumbria Police,Northumbria Police,-1.942237,55.067862,On or near RICHLEY TERRACE,E01027472,Northumberland 034E,Investigation complete; no suspect identified
2114031c1c0c55fc824a10c776903cf0a417a4a9373073ddc2a63baef04b24be,2021-05,Northumbria Police,Northumbria Police,-1.369494,54.952613,On or near WESTCROFT,E01008686,South Tyneside 018D,Investigation complete; no suspect identified
f4839a04459267eaeaaa2862744ea9faa57c2910aefcad99c97c06e377a6671a,2021-05,Northumbria Police,Northumbria Police,-1.413473,54.970222,On or near ORCHID GARDENS,E01033074,South Tyneside 013E,Investigation complete; no suspect identified
38f765c9236adf39d13317d67bd1af2bae13737cdf2d5165fa8e56b13dadf8d8,2021-05,Northumbria Police,Northumbria Police,-1.614464,54.968814,On or near Pedestrian Subway,E01033545,Newcastle upon Tyne 024H,Investigation complete; no suspect identified
bc620dd9e315675291a4972ef3504fcbbc4190b9c13e5c1abb9b45030692cd91,2021-05,Northumbria Police,Northumbria Police,-1.587885,54.994167,On or near Further/Higher Educational Building,E01008315,Newcastle upon Tyne 012B,Investigation complete; no suspect identified
f7f9b818404b7acf1a7d4f091ffffddac2903446486b926a0d1d9950a56f3b1e,2021-05,Northumbria Police,Northumbria Police,-1.503521,54.901050,On or near WASKERLEY ROAD,E01008847,Sunderland 017C,Suspect charged
f7f9b818404b7acf1a7d4f091ffffddac2903446486b926a0d1d9950a56f3b1e,2021-05,Northumbria Police,Northumbria Police,-1.503521,54.901050,On or near WASKERLEY ROAD,E01008847,Sunderland 017C,Suspect charged
83b871d74a854481e76561eee4b0b542a61c8c2efbb316be9ca56051795a8eee,2021-05,Northumbria Police,Northumbria Police,-1.573691,54.994307,On or near AMBERLEY GARDENS,E01008314,Newcastle upon Tyne 012A,Investigation complete; no suspect identified
81ccf0cdc7323bd409975f2b2f6de9807f52c17a48d1a9093f2bd7409ae13fd9,2021-05,Northumbria Police,Northumbria Police,-1.680781,55.156672,On or near MOORFIELDS,E01027460,Northumberland 018D,Investigation complete; no suspect identified
5d5b5c0b6df88269adbe7662993c19633d164d5b273f62991fc79a32d62205c5,2021-05,Northumbria Police,Northumbria Police,-1.591600,54.971498,On or near HORATIO STREET,E01033548,Newcastle upon Tyne 023G,Investigation complete; no suspect identified
b3dea445e0e90907d6cf0d7c9db24c6a31710c4ecf8dde345603e954bce6d09d,2021-05,Northumbria Police,Northumbria Police,-1.527176,55.159031,On or near THE BUCCA,E01027552,Northumberland 020G,Local resolution
43376b14613250750fe7c2c66373d2c3eff675d44fafefe62cab2f74de3bccb7,2021-05,Northumbria Police,Northumbria Police,-1.415150,54.928955,On or near WINSLOW CLOSE,E01008821,Sunderland 004D,Investigation complete; no suspect identified
af46b78da168c7dc0b016ca2535ee3dd5a6eb077e5dc0346c13fe419cb023813,2021-05,Northumbria Police,Northumbria Police,-1.445442,55.008150,On or near Shopping Area,E01008524,North Tyneside 022B,Suspect charged
9f9a2daecd4f90e631b6dceeef20cd39c2429e515417ba97ea49761cb2a7fe14,2021-05,Northumbria Police,Northumbria Police,-1.611912,54.949997,On or near HYDEPARK STREET,E01008253,Gateshead 010C,Investigation complete; no suspect identified
503106767630ca0d2d00507674068105bd1f2936d81fc2cb14d80b28b45fefb4,2021-05,Northumbria Police,Northumbria Police,-1.661168,55.013479,On or near Supermarket,E01008295,Newcastle upon Tyne 008A,Investigation complete; no suspect identified
1f95fa95f7e665b14e6997901154df7408edd51e86cccebf09c725482c48eccc,2021-05,Northumbria Police,Northumbria Police,-1.584226,54.976182,On or near CLIFFORD STREET,E01008304,Newcastle upon Tyne 026C,Investigation complete; no suspect identified
eaea352efe13156a8e88649f47e6908af4b6f26bf5fdac384efdd94db4916af2,2021-05,Northumbria Police,Northumbria Police,-1.574111,54.966487,On or near ST PETER'S WHARF,E01008301,Newcastle upon Tyne 026A,Investigation complete; no suspect identified
b46cae2d8b1cda9c56974a6f78294e6baf1749edcae27eeb9dc11cb2306d18b4,2021-05,Northumbria Police,Northumbria Police,-1.441090,54.984918,On or near COOK CLOSE,E01008665,South Tyneside 002B,Investigation complete; no suspect identified
161fb5c6c6aee8b0e66ce0a8b2ac76fc9131119b7fd3c303fc13c1f5ba838518,2021-05,Northumbria Police,Northumbria Police,-1.470459,54.998637,On or near ST JOHN'S GREEN,E01008541,North Tyneside 027C,Investigation complete; no suspect identified
161fb5c6c6aee8b0e66ce0a8b2ac76fc9131119b7fd3c303fc13c1f5ba838518,2021-05,Northumbria Police,Northumbria Police,-1.470459,54.998637,On or near ST JOHN'S GREEN,E01008541,North Tyneside 027C,Investigation complete; no suspect identified
161fb5c6c6aee8b0e66ce0a8b2ac76fc9131119b7fd3c303fc13c1f5ba838518,2021-05,Northumbria Police,Northumbria Police,-1.470459,54.998637,On or near ST JOHN'S GREEN,E01008541,North Tyneside 027C,Investigation complete; no suspect identified
663bba540e736574375c5904df0e7e4825f6ed5fccef7b02c1f7f87b2067073d,2021-05,Northumbria Police,Northumbria Police,-1.497924,54.977375,On or near PINE STREET,E01008654,South Tyneside 009D,Investigation complete; no suspect identified
a993d3ff3cc936349dda21597dd27f2c8ee8089b10ea7fca32e86e4a6ed4bf62,2021-05,Northumbria Police,Northumbria Police,-2.220623,55.088973,On or near ST MICHAEL'S MOUNT,E01027511,Northumberland 019D,Investigation complete; no suspect identified
83e225129ad024d2d91c8a281d7e3303d95d3f7c41bb1b7194a7d28fbf5bfdb6,2021-05,Northumbria Police,Northumbria Police,-1.511904,55.002135,On or near WHITBY GARDENS,E01008571,North Tyneside 028D,Local resolution
1f762054fbaeb9692c82346c5d1146ca9b12f5f9f1db53a197754ff4ca0ef535,2021-05,Northumbria Police,Northumbria Police,-1.700751,54.987649,On or near ILDERTON PLACE,E01008330,Newcastle upon Tyne 015G,Investigation complete; no suspect identified
adee49949cfd0e24ab1d204e71be67bf760b6836a1747f615d68f79bd7318bc6,2021-05,Northumbria Police,Northumbria Police,-1.459245,55.002578,On or near EPSOM CLOSE,E01008545,North Tyneside 027E,Local resolution
642ff7206ff2901ab2f77cf38d1410ceb6c92dbf4f86e2530f6cbf32cf54c568,2021-05,Northumbria Police,Northumbria Police,-1.370376,54.897171,On or near TOWER STREET WEST,E01008736,Sunderland 016C,Investigation complete; no suspect identified
7fda28e24212f22d4d6e8a3c353c11331941d7908bbd7cca5edbc952ca598ccb,2021-05,Northumbria Police,Northumbria Police,-1.470977,55.000868,On or near ANGUS CRESCENT,E01008541,North Tyneside 027C,Investigation complete; no suspect identified
78ad2d606f963c97f8873e8b078072bf9d6abd0e896ada288db687fc185b1660,2021-05,Northumbria Police,Northumbria Police,-1.562171,55.178059,On or near FOURTH AVENUE,E01027545,Northumberland 010D,Investigation complete; no suspect identified
0aeec3d989e06e76fe496eed4dff801d36d58b90602073af6c71c2d9daca108d,2021-05,Northumbria Police,Northumbria Police,-1.604600,54.993521,On or near SANDERSON ROAD,E01008372,Newcastle upon Tyne 013D,Investigation complete; no suspect identified
302846dc6d543d51cb6181aab8ed82b2f30a4d86de087d626c374120edfc3d95,2021-05,Northumbria Police,Northumbria Police,-1.460268,54.814308,On or near GREENDALE GARDENS,E01008743,Sunderland 036A,Investigation complete; no suspect identified
77445b32dd6202631347fe76a64195b355abefb12ff241937686b801551a177a,2021-05,Northumbria Police,Northumbria Police,-1.532724,54.900096,On or near Shopping Area,E01008848,Sunderland 019C,Investigation complete; no suspect identified
4077b2fdd3a2757aa681c67fc10d0873bb58fdb15b4b67700c6f8efa8990f81b,2021-05,Northumbria Police,Northumbria Police,-1.470977,55.000868,On or near ANGUS CRESCENT,E01008541,North Tyneside 027C,Investigation complete; no suspect identified
ad30eece607f63f5f1117337e2c9de4f4e14c216a48946215b1fec2bb612d6d4,2021-05,Northumbria Police,Northumbria Police,-1.553643,54.945861,On or near ST EDMUND'S DRIVE,E01008241,Gateshead 015C,Investigation complete; no suspect identified
fa61cc213ff766c0b0091725ba7330067d0c42e5492903c76f6633ddc6dd6635,2021-05,Northumbria Police,Northumbria Police,-1.564504,54.965087,On or near THE OVAL,E01008390,Newcastle upon Tyne 030A,Investigation complete; no suspect identified
11ac7c625b1f7211f4dc12347cce92393e073be75712b20d875f13ff36993b1c,2021-05,Northumbria Police,Northumbria Police,-1.809059,54.919724,On or near TAY STREET,E01008186,Gateshead 024B,Investigation complete; no suspect identified
195418c20dd41d1b52b4963a4d73cd6abd80765937de1ede4b8a105607625d4d,2021-05,Northumbria Police,Northumbria Police,-1.436132,54.946137,On or near NORTH ROAD,E01008617,South Tyneside 023C,Investigation complete; no suspect identified
34bbf5efae3793e73a647584d3494259c38752e0360e4cfbfbce42f0c87f90a4,2021-05,Northumbria Police,Northumbria Police,-1.434588,55.033954,On or near MARDEN AVENUE,E01008496,North Tyneside 010B,Investigation complete; no suspect identified
1b5edafe420b4c64a79dcfb59557e84073a0d3840e09ea5f9198f310fa1b0c75,2021-05,Northumbria Police,Northumbria Police,-1.584094,54.931465,On or near TORVER PLACE,E01008221,Gateshead 021C,Suspect charged
53d2766ea6d9f437f9e498d8748f0c9d51926437820024464477fc9195e1b27e,2021-05,Northumbria Police,Northumbria Police,-1.682916,54.962343,On or near RIVERSIDE WAY,E01008181,Gateshead 005C,Investigation complete; no suspect identified
e71fe8dd333f85643c59076bacc5149419046faf0b77b4c1ab1c8ba8bbc8434c,2021-05,Northumbria Police,Northumbria Police,-1.453435,55.009076,On or near ALBION ROAD WEST,E01008483,North Tyneside 022A,Investigation complete; no suspect identified
e71fe8dd333f85643c59076bacc5149419046faf0b77b4c1ab1c8ba8bbc8434c,2021-05,Northumbria Police,Northumbria Police,-1.453435,55.009076,On or near ALBION ROAD WEST,E01008483,North Tyneside 022A,Investigation complete; no suspect identified
e71fe8dd333f85643c59076bacc5149419046faf0b77b4c1ab1c8ba8bbc8434c,2021-05,Northumbria Police,Northumbria Police,-1.453435,55.009076,On or near ALBION ROAD WEST,E01008483,North Tyneside 022A,Investigation complete; no suspect identified
fe40bd06fc87142987b638c5adb111c6b17378ea45c30c9b3e42b41857b35044,2021-05,Northumbria Police,Northumbria Police,-1.413754,54.930512,On or near FONTBURN COURT,E01008821,Sunderland 004D,Investigation complete; no suspect identified
5c55e345e1ffc5470c5937e7ada67ccae6c82b9c1ea8e209582b4a874eb685a5,2021-05,Northumbria Police,Northumbria Police,-1.625536,54.950705,On or near ANGUS ROAD,E01008259,Gateshead 007D,Suspect charged
92fed8d70a3c1d64c7784bb7b034bdeb1e60ceac6d3875fb7981158141de2312,2021-05,Northumbria Police,Northumbria Police,-1.481793,54.967018,On or near BURNSIDE,E01008663,South Tyneside 017E,Investigation complete; no suspect identified
306055511dad60999a8f9b80f8c3f617e988188ebfd49cea2f9856d21fef30a4,2021-05,Northumbria Police,Northumbria Police,-1.517937,54.998322,On or near LINDISFARNE PLACE,E01008576,North Tyneside 029D,Local resolution
ccc31ebb62fafd8e1b47f7be93de69da143fa6a2fad521d880737dc4d69f0e6e,2021-05,Northumbria Police,Northumbria Police,-1.558912,55.184508,On or near CASTLE TERRACE,E01027539,Northumberland 010C,Investigation complete; no suspect identified
9f683fda4e2188fd39f108deb8fdbf49e6b591ac5f80ce61b8e2bec4339052f7,2021-05,Northumbria Police,Northumbria Police,-1.519606,55.179103,On or near NORTH SEATON ROAD,E01027544,Northumberland 009D,Investigation complete; no suspect identified
31b009657935f581c6c1d0537a0d148004aa1549b2b184aa3ec0a0ada7eaca33,2021-05,Northumbria Police,Northumbria Police,-1.601626,55.159548,On or near THE SQUARE,E01027534,Northumberland 017C,Suspect charged
e326d10692a4a7088c1ae230485cdc70da0bb33ff9ec209c9e01dc8a8d954ead,2021-05,Northumbria Police,Northumbria Police,-1.372930,54.895387,On or near MARION STREET,E01008737,Sunderland 016D,Investigation complete; no suspect identified
3bcbb127128859556132c811456f465e03c8efdb19e51ac55c51f84f331e090c,2021-05,Northumbria Police,Northumbria Police,-1.603138,54.984827,On or near FERNWOOD ROAD,E01008370,Newcastle upon Tyne 017C,Investigation complete; no suspect identified
a810cf370ef0eaeac6f2d6054d5aad9868b1b47bd909270d86e8b974063bda0a,2021-05,Northumbria Police,Northumbria Police,-1.529878,54.989140,On or near BUDDLE STREET,E01008575,North Tyneside 030E,Suspect charged
9c035cf45ae311ffe7c868f7c17cdaa6e40b9b95722723eb354c6a23448a360f,2021-05,Northumbria Police,Northumbria Police,-1.607747,54.968900,On or near SANDHILL,E01033543,Newcastle upon Tyne 024G,Investigation complete; no suspect identified
53cdb4b64acea82444ea1284bbb402faa1171f042022dc4ddcdb60350c9dcd5c,2021-05,Northumbria Police,Northumbria Police,-1.483875,54.983723,On or near PEARSON PLACE,E01008604,South Tyneside 007B,Investigation complete; no suspect identified
1c96a4612b956d68ab67e9790a1461859b5c90d73ebd7ffe47c3c80a4faef6d6,2021-05,Northumbria Police,Northumbria Police,-1.693001,54.993623,On or near Pedestrian Subway,E01008324,Newcastle upon Tyne 015A,Investigation complete; no suspect identified
37ed32c927ac3dfc22f7f49978c7c66db61d7b6426aef33bb3a60e973ef2eb2c,2021-05,Northumbria Police,Northumbria Police,-1.568784,55.138508,On or near JUBILEE MEWS,E01027550,Northumberland 020E,Offender given a caution
3eafb3c1dfdef9ef53a87419ce2ed8e104deaf14ebcd7d3b4be1678b764ffc33,2021-05,Northumbria Police,Northumbria Police,-1.659444,54.980657,On or near IRIS PLACE,E01008348,Newcastle upon Tyne 019F,Investigation complete; no suspect identified
ebe3f3035bb2aee2620396bb6f6ae3c3f62078bface7490c29ef6a44a6edbf1f,2021-05,Northumbria Police,Northumbria Police,-1.630258,54.978873,On or near LEAZES PARADE,E01008396,Newcastle upon Tyne 022B,Investigation complete; no suspect identified
23951d138205bb0344eec8637a201d4983371b720dfd25d6a6ebeaa910951673,2021-05,Northumbria Police,Northumbria Police,-1.572241,55.024819,On or near GLEBE VILLAS,E01008499,North Tyneside 014B,Investigation complete; no suspect identified
23951d138205bb0344eec8637a201d4983371b720dfd25d6a6ebeaa910951673,2021-05,Northumbria Police,Northumbria Police,-1.572241,55.024819,On or near GLEBE VILLAS,E01008499,North Tyneside 014B,Suspect charged
08a7e5185ad27d08e92b0ec7dd3ac7fa96afd0ab48433c4c6f7eb30c1f7d0b21,2021-05,Northumbria Police,Northumbria Police,-1.522720,55.004964,On or near BELLINGHAM CLOSE,E01008462,North Tyneside 024A,Investigation complete; no suspect identified
d305a1d54ab5b270a900091c0de107f16ccbf887d2abd049a09a534801fd9845,2021-05,Northumbria Police,Northumbria Police,-1.577144,55.091019,On or near Pedestrian Subway,E01027405,Northumberland 028F,Suspect charged
d305a1d54ab5b270a900091c0de107f16ccbf887d2abd049a09a534801fd9845,2021-05,Northumbria Police,Northumbria Police,-1.577144,55.091019,On or near Pedestrian Subway,E01027405,Northumberland 028F,Investigation complete; no suspect identified
d305a1d54ab5b270a900091c0de107f16ccbf887d2abd049a09a534801fd9845,2021-05,Northumbria Police,Northumbria Police,-1.577144,55.091019,On or near Pedestrian Subway,E01027405,Northumberland 028F,Suspect charged
d305a1d54ab5b270a900091c0de107f16ccbf887d2abd049a09a534801fd9845,2021-05,Northumbria Police,Northumbria Police,-1.577144,55.091019,On or near Pedestrian Subway,E01027405,Northumberland 028F,Suspect charged
0bb047094f432a68b27cf0ff893ae10067927577807908493f4e3e341c817722,2021-05,Northumbria Police,Northumbria Police,-1.652029,55.005231,On or near HALEWOOD AVENUE,E01008376,Newcastle upon Tyne 008D,Investigation complete; no suspect identified
0bb047094f432a68b27cf0ff893ae10067927577807908493f4e3e341c817722,2021-05,Northumbria Police,Northumbria Police,-1.652029,55.005231,On or near HALEWOOD AVENUE,E01008376,Newcastle upon Tyne 008D,Investigation complete; no suspect identified
dbaa5e4e56d801839e75ace71847befcc93028d106e06f300f14c6ea24b2b6ed,2021-05,Northumbria Police,Northumbria Police,-1.572702,54.977023,On or near UNION ROAD,E01008392,Newcastle upon Tyne 026F,Suspect charged
c6e89fddf5a2086036f60ac0fc84b32a3cc8912981dd10b5974c151809d1af08,2021-05,Northumbria Police,Northumbria Police,-1.572702,54.977023,On or near UNION ROAD,E01008392,Newcastle upon Tyne 026F,Suspect charged
c6e89fddf5a2086036f60ac0fc84b32a3cc8912981dd10b5974c151809d1af08,2021-05,Northumbria Police,Northumbria Police,-1.572702,54.977023,On or near UNION ROAD,E01008392,Newcastle upon Tyne 026F,Suspect charged
4a78aee4bea8772daddf3d261c4be761347859e92015664f65cf20193646d52c,2021-05,Northumbria Police,Northumbria Police,-1.596003,54.956119,On or near CEMETERY ROAD,E01008163,Gateshead 028A,Investigation complete; no suspect identified
392d99bf09c3931678c03a0fbc2343eccaf0c2a359ea688324ee31269b9195c4,2021-05,Northumbria Police,Northumbria Police,-1.370071,54.914747,On or near TOPCLIFF,E01008789,Sunderland 006D,Investigation complete; no suspect identified
db83f6924efee9a4a8410883003a7e7d0c92875cb5c4762ba0833e3578e576ae,2021-05,Northumbria Police,Northumbria Police,-1.425243,54.902916,On or near FORDENBRIDGE ROAD,E01008756,Sunderland 012A,Suspect charged
a0188948a70cf2c5911f40cc9707fe4196db7b05e58f069e5e6b1be73a23f899,2021-05,Northumbria Police,Northumbria Police,-1.528374,54.899990,On or near TALLEY COURT,E01008849,Sunderland 019D,Investigation complete; no suspect identified
a0188948a70cf2c5911f40cc9707fe4196db7b05e58f069e5e6b1be73a23f899,2021-05,Northumbria Police,Northumbria Police,-1.528374,54.899990,On or near TALLEY COURT,E01008849,Sunderland 019D,Investigation complete; no suspect identified
b3bec824dd6f933caa6a471b9b81d2b44280dff322cdf7add9d8c7a2f39ebcc7,2021-05,Northumbria Police,Northumbria Police,-1.504439,54.976108,On or near HEREFORD WAY,E01008652,South Tyneside 009B,Suspect charged
b3bec824dd6f933caa6a471b9b81d2b44280dff322cdf7add9d8c7a2f39ebcc7,2021-05,Northumbria Police,Northumbria Police,-1.504439,54.976108,On or near HEREFORD WAY,E01008652,South Tyneside 009B,Investigation complete; no suspect identified
b3bec824dd6f933caa6a471b9b81d2b44280dff322cdf7add9d8c7a2f39ebcc7,2021-05,Northumbria Police,Northumbria Police,-1.504439,54.976108,On or near HEREFORD WAY,E01008652,South Tyneside 009B,Investigation complete; no suspect identified
b5ed498d6eccbc2f000cf2ea54e25573a1e9193d4e12457768c8ded8c92e3491,2021-05,Northumbria Police,Northumbria Police,-1.672060,54.995231,On or near Parking Area,E01008297,Newcastle upon Tyne 011B,Suspect charged
acad396be284e8424c978af973814e2bf6f1577ffc945032b343a32d9333b43f,2021-05,Northumbria Police,Northumbria Police,-1.370657,54.908154,On or near JAMES WILLIAMS STREET,E01008702,Sunderland 016A,Investigation complete; no suspect identified
aa439a420d91dabe3290a44992feb0eb7b437a4471ee44b92bf4be18cd165538,2021-05,Northumbria Police,Northumbria Police,-1.378711,54.897645,On or near MOWBRAY CLOSE,E01008735,Sunderland 016B,Investigation complete; no suspect identified
272d6725687460a67a9032a276d0b74b226ba96cd4d477aba1903c1569054a6c,2021-05,Northumbria Police,Northumbria Police,-1.712200,54.977549,On or near THE ORCHARD,E01008385,Newcastle upon Tyne 021E,Suspect charged
272d6725687460a67a9032a276d0b74b226ba96cd4d477aba1903c1569054a6c,2021-05,Northumbria Police,Northumbria Police,-1.712200,54.977549,On or near THE ORCHARD,E01008385,Newcastle upon Tyne 021E,Suspect charged
272d6725687460a67a9032a276d0b74b226ba96cd4d477aba1903c1569054a6c,2021-05,Northumbria Police,Northumbria Police,-1.712200,54.977549,On or near THE ORCHARD,E01008385,Newcastle upon Tyne 021E,Suspect charged
ccab7bd2445008b9c204d7e1e1bc5634c79ec271772178be5d32323dc374feff,2021-05,Northumbria Police,Northumbria Police,-1.573280,54.978534,On or near Shopping Area,E01008392,Newcastle upon Tyne 026F,Suspect charged
e8e00e6fff355088bd6ecee9efd8580dcb03eddd3647557547069144c2054166,2021-05,Northumbria Police,Northumbria Police,-1.548810,54.936983,On or near FALSTONE,E01008282,Gateshead 015F,Investigation complete; no suspect identified
838c02a65e88ac38d364a0a5ed4b0147bbf7c75e8b6c102f8b0100573339d046,2021-05,Northumbria Police,Northumbria Police,-1.430790,54.981770,On or near STANHOPE ROAD,E01008683,South Tyneside 005D,Investigation complete; no suspect identified
3347ca5d24b2818a3afba312e4e0ebe1b76c5613c64ec28ba1fb1d4c3951b64d,2021-05,Northumbria Police,Northumbria Police,-1.610226,54.959697,On or near VILLAGE HEIGHTS,E01008167,Gateshead 008A,Suspect charged
3347ca5d24b2818a3afba312e4e0ebe1b76c5613c64ec28ba1fb1d4c3951b64d,2021-05,Northumbria Police,Northumbria Police,-1.610226,54.959697,On or near VILLAGE HEIGHTS,E01008167,Gateshead 008A,Investigation complete; no suspect identified
e5b7aece9cdc5ec37e957808cb4f2d23bedfb5a0a5936180958d136dd98a3feb,2021-05,Northumbria Police,Northumbria Police,-1.573622,55.173256,On or near ORPINE COURT,E01027536,Northumberland 012E,Suspect charged
2a9ae5b8cef6d22418aacc39159468980bc8b1efe08c7ab5ad212fabd4c2d45c,2021-05,Northumbria Police,Northumbria Police,-1.562045,54.984416,On or near Supermarket,E01008392,Newcastle upon Tyne 026F,Investigation complete; no suspect identified
3389a7e2ff362e155b35cecc940b9979ddc236ab2278fbeffb61b56cdfd0e286,2021-05,Northumbria Police,Northumbria Police,-1.640959,55.008749,On or near KENTON ROAD,E01008341,Newcastle upon Tyne 003F,Investigation complete; no suspect identified
5ef3a687af2bdfee2983d792452742654117c2bf101d0575917593dc9e4720e6,2021-05,Northumbria Police,Northumbria Police,-1.409982,54.897109,On or near WYCLIFFE ROAD,E01008759,Sunderland 015C,Investigation complete; no suspect identified
20d4594051a55decd12e88b2c77d177fa6993e3a82b49df1222ccb773a29acc1,2021-05,Northumbria Police,Northumbria Police,-1.522093,55.035371,On or near MEADOW VALE,E01032647,North Tyneside 011E,Investigation complete; no suspect identified
205e78678919528374a03d83aa8e68cb8d2671fd42b8b5ce2a8f9ac4fc06d86e,2021-05,Northumbria Police,Northumbria Police,-1.790075,54.967087,On or near DALE STREET,E01008199,Gateshead 002D,Investigation complete; no suspect identified
69c80f348e70d641974b020b42cd371314e6c36f2fddd49fa577178ab57776dd,2021-05,Northumbria Police,Northumbria Police,-1.530603,54.916183,On or near Supermarket,E01008860,Sunderland 009F,Investigation complete; no suspect identified
38478caf8d6551c86a35ad697ba130b7a7e67d041706988da1de03828deba535,2021-05,Northumbria Police,Northumbria Police,-1.450025,54.969161,On or near COLCHESTER STREET,E01008669,South Tyneside 012B,Investigation complete; no suspect identified
38478caf8d6551c86a35ad697ba130b7a7e67d041706988da1de03828deba535,2021-05,Northumbria Police,Northumbria Police,-1.450025,54.969161,On or near COLCHESTER STREET,E01008669,South Tyneside 012B,Investigation complete; no suspect identified
38478caf8d6551c86a35ad697ba130b7a7e67d041706988da1de03828deba535,2021-05,Northumbria Police,Northumbria Police,-1.450025,54.969161,On or near COLCHESTER STREET,E01008669,South Tyneside 012B,Investigation complete; no suspect identified
38478caf8d6551c86a35ad697ba130b7a7e67d041706988da1de03828deba535,2021-05,Northumbria Police,Northumbria Police,-1.450025,54.969161,On or near COLCHESTER STREET,E01008669,South Tyneside 012B,Investigation complete; no suspect identified
4202c69cda5f4afaf5561ef13aa8f6f4cdd09a79d2857d0437837764f60505df,2021-05,Northumbria Police,Northumbria Police,-1.401799,54.928522,On or near EYEMOUTH LANE,E01008712,Sunderland 004A,Investigation complete; no suspect identified
3a9cfcd8b487218ddace06e27d5f7385cc0dac56954fcd10a42a60a5caa5b214,2021-05,Northumbria Police,Northumbria Police,-1.433693,54.978612,On or near WEST WAY,E01008591,South Tyneside 011B,Investigation complete; no suspect identified
d7cdaaaffc73b9e3faf0a9764c1c759d1015b25288cbac5fa2c4ede1ad640390,2021-05,Northumbria Police,Northumbria Police,-1.534365,54.898368,On or near Parking Area,E01008848,Sunderland 019C,Local resolution
397745d75414b8ec81b42ad897a4a8573b6a5ae0e8aae4906444abb4d21bd05d,2021-05,Northumbria Police,Northumbria Police,-1.435197,54.987291,On or near ST JUDE'S TERRACE,E01008664,South Tyneside 002A,Investigation complete; no suspect identified
d96186c443a2c1797fc3a2d91c73773353125a7ec9eedcaafde11fb2232821b5,2021-05,Northumbria Police,Northumbria Police,-1.465503,55.002237,On or near RIPLEY AVENUE,E01008541,North Tyneside 027C,Investigation complete; no suspect identified
dee803202ffe23ba0d57837b88ba4a4fcb842c7fa1fb99c0a37e4a5acbcb1d86,2021-05,Northumbria Police,Northumbria Police,-2.353548,55.153538,On or near Parking Area,E01027503,Northumberland 019C,Investigation complete; no suspect identified
a208ee43b70100e88c379c9a75448e369e3a4930307d5168590127039a1e2269,2021-05,Northumbria Police,Northumbria Police,-1.638348,55.556470,On or near THE WYNDING,E01027384,Northumberland 003E,Investigation complete; no suspect identified
fcd96ac899a9c2fda8024648f0502cc7f9008d89d460d3636c52172a6dde0001,2021-05,Northumbria Police,Northumbria Police,-1.638348,55.556470,On or near THE WYNDING,E01027384,Northumberland 003E,Investigation complete; no suspect identified
4a1bc7e3d61818f45accd716880b04aac49d5b6de7ef7f04fe6b94a8c9367b89,2021-05,Northumbria Police,Northumbria Police,-1.444211,54.898025,On or near PORTSMOUTH SQUARE,E01008730,Sunderland 021B,Investigation complete; no suspect identified
74e6642d0166890ca484f6bea6cfac4ff565e314d20f7fc6df00c43371606683,2021-05,Northumbria Police,Northumbria Police,-1.479604,55.050608,On or near WELL RIDGE PARK,E01008548,North Tyneside 001B,Investigation complete; no suspect identified
7138a89fc816e69867044f535b56e8d84852fcb471f5097c7a33097136d6ea3c,2021-05,Northumbria Police,Northumbria Police,-1.656851,54.995234,On or near DEEPDALE CRESCENT,E01008380,Newcastle upon Tyne 008G,Investigation complete; no suspect identified
1c3f3cd0ed39241b4c8493bae9c2f79b9c6eb10b3a6cb90451fa35037141988c,2021-05,Northumbria Police,Northumbria Police,-1.598648,54.935154,On or near WEATHERCOCK LANE,E01008239,Gateshead 020D,Suspect charged
8ab4cf28324b058c3a62559e4035c8b2c3a6601e8bec67a9cb9731ed237966c1,2021-05,Northumbria Police,Northumbria Police,-1.656873,54.976148,On or near WEST ROAD,E01008334,Newcastle upon Tyne 029D,Investigation complete; no suspect identified
a7729e22257551190e6f779840907ff587164211b440eb8ec6e30a8543bc7ca3,2021-05,Northumbria Police,Northumbria Police,-1.561299,54.975418,On or near ALFRED STREET,E01008391,Newcastle upon Tyne 026E,Investigation complete; no suspect identified
ef3f5581875032c305e42f1ebed70110fb0015fdddcc8e7455dae9bea0f9cc5b,2021-05,Northumbria Police,Northumbria Police,-1.389624,54.934896,On or near KENTMERE AVENUE,E01008724,Sunderland 001C,Offender given a caution
4a14790bc62091e4f3dc880cc2b023f219288e7e867354149299e91fb8835fc8,2021-05,Northumbria Police,Northumbria Police,-1.541180,54.986074,On or near EASTFIELD AVENUE,E01008436,Newcastle upon Tyne 020F,Investigation complete; no suspect identified
6d04e272546cd8eb84332dbb8311e6f797062a4d839844ed4f9a8f746bfc4c35,2021-05,Northumbria Police,Northumbria Police,-1.655752,54.970249,On or near Supermarket,E01008332,Newcastle upon Tyne 029B,Investigation complete; no suspect identified
b0e040da4f77add7222a82aff0eb58b3f59a3a504eab92789c496fc94a914f89,2021-05,Northumbria Police,Northumbria Police,-1.577309,55.036770,On or near ANGUS CLOSE,E01008477,North Tyneside 008C,Offender given a drugs possession warning
06d03484ff4209bdff2af5e6efdd8e80ddedace7556533a9a51765810ff315d6,2021-05,Northumbria Police,Northumbria Police,-1.696117,54.988770,On or near LINDISFARNE CLOSE,E01008330,Newcastle upon Tyne 015G,Investigation complete; no suspect identified
7e721af38aa52ca1550df7a89de00ccf28b831f276d0c091ebf28aa4d9314b5e,2021-05,Northumbria Police,Northumbria Police,-1.560100,54.969375,On or near PINNER PLACE,E01008389,Newcastle upon Tyne 028B,Investigation complete; no suspect identified
7e721af38aa52ca1550df7a89de00ccf28b831f276d0c091ebf28aa4d9314b5e,2021-05,Northumbria Police,Northumbria Police,-1.560100,54.969375,On or near PINNER PLACE,E01008389,Newcastle upon Tyne 028B,Investigation complete; no suspect identified
ac71c1aeff375537a9551d9fe987b6b0e308f04c8c55b73f6c18e51152a9cc33,2021-05,Northumbria Police,Northumbria Police,-1.368646,54.893163,On or near CANON COCKIN STREET,E01008738,Sunderland 016E,Investigation complete; no suspect identified
74a41481b4373c7e0d2277d39a20ab223c000e8ed00429df68e947d06a183e51,2021-05,Northumbria Police,Northumbria Police,-1.596993,54.985211,On or near SANDYFORD ROAD,E01008367,Newcastle upon Tyne 017A,Investigation complete; no suspect identified
ea590a1539bf2e7e303d77cb292b038c5e39e3edd123c494d98602a10897a990,2021-05,Northumbria Police,Northumbria Police,-1.663336,54.993527,On or near CROSSBROOK ROAD,E01008300,Newcastle upon Tyne 016A,Investigation complete; no suspect identified
8dff3e9aa859cef4079762ffebcb8c55f986081bbf1ecfb61d58b2ba4d250b31,2021-05,Northumbria Police,Northumbria Police,-2.092545,54.966729,On or near ABBEY VIEW,E01027493,Northumberland 035F,Offender given a caution
0d64e8f1ac5985e57ca277d30c646f7277bda7adad07bdf253bf9bb69092493e,2021-05,Northumbria Police,Northumbria Police,-1.438881,55.041369,On or near STYAN AVENUE,E01008588,North Tyneside 006D,Investigation complete; no suspect identified
0d64e8f1ac5985e57ca277d30c646f7277bda7adad07bdf253bf9bb69092493e,2021-05,Northumbria Police,Northumbria Police,-1.438881,55.041369,On or near STYAN AVENUE,E01008588,North Tyneside 006D,Investigation complete; no suspect identified
0d64e8f1ac5985e57ca277d30c646f7277bda7adad07bdf253bf9bb69092493e,2021-05,Northumbria Police,Northumbria Police,-1.438881,55.041369,On or near STYAN AVENUE,E01008588,North Tyneside 006D,Investigation complete; no suspect identified
b22178693b17457a02b975aa7dff256bc362d77ca5f39a2e3d3e6ddb9550a9c7,2021-05,Northumbria Police,Northumbria Police,-1.659928,54.969587,On or near GERALD STREET,E01008291,Newcastle upon Tyne 027D,Investigation complete; no suspect identified
4e24835b320a58515711843b4c98e2c585d25627e41d12de2e372c1efa4fdefe,2021-05,Northumbria Police,Northumbria Police,-1.505500,54.912632,On or near CHERWELL,E01008859,Sunderland 009E,Investigation complete; no suspect identified
3a8e9febe4fc52f789e67f1bf40d2143236275d0589f7af26d598d97c1479add,2021-05,Northumbria Police,Northumbria Police,-1.566421,54.895773,On or near PORTMEADS RISE,E01008174,Gateshead 026C,Investigation complete; no suspect identified
3a8e9febe4fc52f789e67f1bf40d2143236275d0589f7af26d598d97c1479add,2021-05,Northumbria Police,Northumbria Police,-1.566421,54.895773,On or near PORTMEADS RISE,E01008174,Gateshead 026C,Investigation complete; no suspect identified
3a8e9febe4fc52f789e67f1bf40d2143236275d0589f7af26d598d97c1479add,2021-05,Northumbria Police,Northumbria Police,-1.566421,54.895773,On or near PORTMEADS RISE,E01008174,Gateshead 026C,Investigation complete; no suspect identified
0002554c1762a94dbb8c59d47991d2ddb50bcc336e97834a97aa04b2cf9507cb,2021-05,Northumbria Police,Northumbria Police,-1.427101,55.001577,On or near ST AIDAN'S ROAD,E01008598,South Tyneside 001D,Investigation complete; no suspect identified
45651c0e9ca25165176a87ac4aa3ffa08457e3a4078161e2dfca923c32b79a3e,2021-05,Northumbria Police,Northumbria Police,-1.372113,54.895796,On or near CAPULET TERRACE,E01008737,Sunderland 016D,Investigation complete; no suspect identified
e54c3e21cdeb8cea80343f9a77d1cdb8c03efcc12800d98c9a75aa72f39ad1af,2021-05,Northumbria Police,Northumbria Police,-1.472635,54.844404,On or near GREY STREET,E01008754,Sunderland 034F,Investigation complete; no suspect identified
05f83ccf858c3620ed744ec8e412f83cb94c0bda0c6a9402da6218b5c105ccc8,2021-05,Northumbria Police,Northumbria Police,-1.375601,54.871883,On or near SHAFTESBURY AVENUE,E01008766,Sunderland 028C,Investigation complete; no suspect identified
95d005f60a09e9838dae55fddbc86a236c83621aef7b34adadafd7d2a9738a74,2021-05,Northumbria Police,Northumbria Police,-1.482604,54.959797,On or near AVON AVENUE,E01008632,South Tyneside 017B,Investigation complete; no suspect identified
523aa392b586548ad946d8d55bf2c213805bf6e4d47b28b8f93810aec1470ba9,2021-05,Northumbria Police,Northumbria Police,-1.494404,54.962857,On or near OGLE GROVE,E01008659,South Tyneside 017C,Suspect charged
bfc77532ac7232627bed5680f3612b7ddf0ed83795e514052ab3d1a0ff2dc26a,2021-05,Northumbria Police,Northumbria Police,-1.809059,54.919724,On or near TAY STREET,E01008186,Gateshead 024B,Investigation complete; no suspect identified
580b8cf6564c03fd4d20b9eb87e28cb93b4d9586075dc60a46d95bec7944fe6f,2021-05,Northumbria Police,Northumbria Police,-1.414857,54.911529,On or near PALERMO STREET,E01008701,Sunderland 011A,Investigation complete; no suspect identified
acced552157c60233012bcd3e5d8669062d93442c5a855046fc9fcc337312124,2021-05,Northumbria Police,Northumbria Police,-1.510661,55.127370,On or near Supermarket,E01027415,Northumberland 023B,Investigation complete; no suspect identified
327be92525ac64748230d1dcf0d73494bc95159b3a1137509727911a73e9223e,2021-05,Northumbria Police,Northumbria Police,-1.655973,54.979048,On or near HADRIAN ROAD,E01008349,Newcastle upon Tyne 019G,Investigation complete; no suspect identified
327be92525ac64748230d1dcf0d73494bc95159b3a1137509727911a73e9223e,2021-05,Northumbria Police,Northumbria Police,-1.655973,54.979048,On or near HADRIAN ROAD,E01008349,Newcastle upon Tyne 019G,Investigation complete; no suspect identified
d0189ddac36910d0bf1bb835552badf3ff13c7a657e3454270a925a1014c5eba,2021-05,Northumbria Police,Northumbria Police,-1.517456,55.178968,On or near MELROSE TERRACE,E01027544,Northumberland 009D,Investigation complete; no suspect identified
d0189ddac36910d0bf1bb835552badf3ff13c7a657e3454270a925a1014c5eba,2021-05,Northumbria Police,Northumbria Police,-1.517456,55.178968,On or near MELROSE TERRACE,E01027544,Northumberland 009D,Investigation complete; no suspect identified
8fab2b8d1aef9722e45dcf97e559c4c844a07463ea19edda021b7d0a2d0c3752,2021-05,Northumbria Police,Northumbria Police,-1.464720,54.960007,On or near BIRNAM GROVE,E01008603,South Tyneside 014B,Investigation complete; no suspect identified
255d910c449eaceecd50c11cede0dd6ab9d5005439fed335dcf37bafe0c6f46f,2021-05,Northumbria Police,Northumbria Police,-1.464720,54.960007,On or near BIRNAM GROVE,E01008603,South Tyneside 014B,Investigation complete; no suspect identified
051bb8776db9e129aaa1e90b7875c71c98f35fe803ee8b20b2d6ac6afa9a2e18,2021-05,Northumbria Police,Northumbria Police,-1.446248,54.967769,On or near BROCKLEY AVENE,E01008593,South Tyneside 016A,Investigation complete; no suspect identified
cecb528ff9a145fb3104f42dbbad0812d3875d9ffa6532031ddfb04e216cda5d,2021-05,Northumbria Police,Northumbria Police,-1.506495,54.997054,On or near SHAKESPEARE STREET,E01008511,North Tyneside 028A,Investigation complete; no suspect identified
b010607b9dcb7d169a34a4764b4fae44baa9b7b890ea35ca6a199c05be660f0b,2021-05,Northumbria Police,Northumbria Police,-1.502167,55.034716,On or near PARK GROVE,E01008568,North Tyneside 011B,Investigation complete; no suspect identified
5d64076a70e2a8caa0a173d5055f6919d6dfce36e70850c1084f11c83dbb87bc,2021-05,Northumbria Police,Northumbria Police,-1.642778,54.978228,On or near GAINSBRO GROVE,E01033556,Newcastle upon Tyne 022H,Investigation complete; no suspect identified
8ac509de33f40f2388216dfa99609b6d8c2386f3e91aaf0645ecaaac677d4336,2021-05,Northumbria Police,Northumbria Police,-1.441532,54.964288,On or near BOSWELL AVENUE,E01008609,South Tyneside 016E,Investigation complete; no suspect identified
089858a78cf293ee3d7e4b580bb18253d0e65117add03932909382c69782257d,2021-05,Northumbria Police,Northumbria Police,-1.601369,54.991480,On or near QUEEN'S TERRACE,E01008368,Newcastle upon Tyne 017B,Investigation complete; no suspect identified
7ad5146cb635d5ad0ca841c0ad09eecf7d6bc1dc2149ca7bbb30323de9ada66c,2021-05,Northumbria Police,Northumbria Police,-1.607478,54.956354,On or near CLAREMONT SOUTH AVENUE,E01008167,Gateshead 008A,Investigation complete; no suspect identified
d7266cc89d5a2fc5593dbce7440dd6bbcddb09499ccc521ce8264ff925090c47,2021-05,Northumbria Police,Northumbria Police,-1.578282,55.087096,On or near Pedestrian Subway,E01027409,Northumberland 029B,Investigation complete; no suspect identified
e569a834f3e0a4ecea7652ea1d112153a2f62d12a53886d6483916cdaf776060,2021-05,Northumbria Police,Northumbria Police,-1.432104,54.958358,On or near COPLEY AVENUE,E01008689,South Tyneside 019B,Investigation complete; no suspect identified
aa3231fde50d1925ab86bd35368ac03d248dc1b11927c49fc695bd355df12d81,2021-05,Northumbria Police,Northumbria Police,-1.639970,55.007497,On or near SOUTER ROAD,E01008356,Newcastle upon Tyne 006C,Suspect charged
4616832dbf254c07fbb010024873c3357069f1b0bf96ad10fe18f2226dafbef8,2021-05,Northumbria Police,Northumbria Police,-1.381905,54.917126,On or near Shopping Area,E01008787,Sunderland 006B,Investigation complete; no suspect identified
4616832dbf254c07fbb010024873c3357069f1b0bf96ad10fe18f2226dafbef8,2021-05,Northumbria Police,Northumbria Police,-1.381905,54.917126,On or near Shopping Area,E01008787,Sunderland 006B,Investigation complete; no suspect identified
d5fdbb7bfba3f6c8993ebf4750dd84da604481b6fdc569334514488bd36b8d22,2021-05,Northumbria Police,Northumbria Police,-1.536013,54.991033,On or near Shopping Area,E01008536,North Tyneside 030C,Investigation complete; no suspect identified
c7bc2db068611ad2d1a07a026696ac9ab8693ae591bf9c26ff56983bdb7f8e4a,2021-05,Northumbria Police,Northumbria Police,-1.413929,54.891647,On or near ETTRICK GROVE,E01008826,Sunderland 023D,Suspect charged
6e8e4db8f436ec470915b9c02b3e37aa4e88e10a06ed2b618c8aa27866265670,2021-05,Northumbria Police,Northumbria Police,-1.445349,55.003593,On or near DUKE STREET,E01008544,North Tyneside 027D,Investigation complete; no suspect identified
6e8e4db8f436ec470915b9c02b3e37aa4e88e10a06ed2b618c8aa27866265670,2021-05,Northumbria Police,Northumbria Police,-1.445349,55.003593,On or near DUKE STREET,E01008544,North Tyneside 027D,Investigation complete; no suspect identified
e60cc1bc794d0640833548f3897d7fdc17e24cd762e5f9f80f836b676ff53e26,2021-05,Northumbria Police,Northumbria Police,-1.413929,54.891647,On or near ETTRICK GROVE,E01008826,Sunderland 023D,Suspect charged
35979bbc1f6493c7f0511be2871c9829a722807fb3d2723eed7e667a2c2e09bd,2021-05,Northumbria Police,Northumbria Police,-1.406269,54.891942,On or near DURHAM ROAD,E01008760,Sunderland 018A,Suspect charged
4011204e9fac812fe76cdaef6c9a390964afd15a5ae64e250443c9bd80d189a2,2021-05,Northumbria Police,Northumbria Police,-1.413929,54.891647,On or near ETTRICK GROVE,E01008826,Sunderland 023D,Suspect charged
4011204e9fac812fe76cdaef6c9a390964afd15a5ae64e250443c9bd80d189a2,2021-05,Northumbria Police,Northumbria Police,-1.413929,54.891647,On or near ETTRICK GROVE,E01008826,Sunderland 023D,Suspect charged
ebd3b2c49778be8df37cdc3fbb18bcdac2a55a4d0c49158158cde5d6356d5ef5,2021-05,Northumbria Police,Northumbria Police,-1.448093,54.825019,On or near MARKET STREET,E01008719,Sunderland 035B,Investigation complete; no suspect identified
71ec04d70d0dcb4c7275cd19835e0f07fe9c99a0daf9fd05a3c8fc2293b2c816,2021-05,Northumbria Police,Northumbria Police,-1.418302,54.884568,On or near PORTREE SQUARE,E01008828,Sunderland 023F,Investigation complete; no suspect identified
71be32859d3dd421a23679b24b3ac92c3da0d7e706670415db9be8ffe404b0de,2021-05,Northumbria Police,Northumbria Police,-1.554556,55.021439,On or near LILAC AVENUE,E01008502,North Tyneside 014C,Investigation complete; no suspect identified
f67372ea14cb1488aed1a690080831aed163500cddd71ef3b30d17d91e99a574,2021-05,Northumbria Police,Northumbria Police,-1.538201,55.000566,On or near SELBY GARDENS,E01008574,North Tyneside 029C,Investigation complete; no suspect identified
541da493f5944f9ae886fcfe6d494494efe29959224813c85db1bf9573f7ac3e,2021-05,Northumbria Police,Northumbria Police,-1.448000,54.894628,On or near DARTINGTON CLOSE,E01008729,Sunderland 021A,Investigation complete; no suspect identified
787f04b59042c34373fdffb13b52c50357c6f037737971d86ada1992bded59a4,2021-05,Northumbria Police,Northumbria Police,-1.552867,54.982109,On or near KEEBLEDALE AVENUE,E01008432,Newcastle upon Tyne 026G,Investigation complete; no suspect identified
ec6c5ffa97da834b9d0af5d9f9c22fed10dc6377b2dd68f814b42ac3d239b563,2021-05,Northumbria Police,Northumbria Police,-1.372286,54.890675,On or near RAGLAN AVENUE,E01008740,Sunderland 022A,Investigation complete; no suspect identified
a8ec73eeffb5d753e32fd60947c15a7f249ea7e55744f97361412c9ddfff0a90,2021-05,Northumbria Police,Northumbria Police,-1.433191,54.986535,On or near DACRE STREET,E01008664,South Tyneside 002A,Investigation complete; no suspect identified
a781f992f3925c858dc63c8c16d51cd24d15c08e1bf72de6f3446b6c50b4fc10,2021-05,Northumbria Police,Northumbria Police,-1.646536,54.934628,On or near CONSETT ROAD,E01008272,Gateshead 019E,Investigation complete; no suspect identified
a781f992f3925c858dc63c8c16d51cd24d15c08e1bf72de6f3446b6c50b4fc10,2021-05,Northumbria Police,Northumbria Police,-1.646536,54.934628,On or near CONSETT ROAD,E01008272,Gateshead 019E,Investigation complete; no suspect identified
a781f992f3925c858dc63c8c16d51cd24d15c08e1bf72de6f3446b6c50b4fc10,2021-05,Northumbria Police,Northumbria Police,-1.646536,54.934628,On or near CONSETT ROAD,E01008272,Gateshead 019E,Investigation complete; no suspect identified
a781f992f3925c858dc63c8c16d51cd24d15c08e1bf72de6f3446b6c50b4fc10,2021-05,Northumbria Police,Northumbria Police,-1.646536,54.934628,On or near CONSETT ROAD,E01008272,Gateshead 019E,Investigation complete; no suspect identified
56dc340c3c80a752aaf94b8b440f475bb62eb525e75bcca9e6ffe343025bd1af,2021-05,Northumbria Police,Northumbria Police,-1.528116,54.895432,On or near Pedestrian Subway,E01008848,Sunderland 019C,Suspect charged
acd3b9262bbe6ab4d949704d936440dcfd277a6e2e6054b4a6dedf27e1f7ba0f,2021-05,Northumbria Police,Northumbria Police,-1.606861,54.995622,On or near TAVISTOCK ROAD,E01008372,Newcastle upon Tyne 013D,Offender given a caution
4ca8ff2317a628e010f953d7f804e409cea451d58acad6ac74f5f25fb5b5d84f,2021-05,Northumbria Police,Northumbria Police,-1.607816,54.989047,On or near TANKERVILLE PLACE,E01008369,Newcastle upon Tyne 013B,Investigation complete; no suspect identified
de8a3e11ecea6a199bcdfd444c13b5d8d64d9181749005e2d960996f523adda1,2021-05,Northumbria Police,Northumbria Police,-1.378495,54.906604,On or near WEST SUNNISIDE,E01008703,Sunderland 013B,Investigation complete; no suspect identified
086f33e99f9da411b2f21f27013116a30003844f87cd2402af4544c172720e5c,2021-05,Northumbria Police,Northumbria Police,-1.539367,54.939725,On or near MILLFORD,E01008281,Gateshead 015E,Suspect charged
3f93694d87484d503b3a0180602cf3ee5ecb06119a11f2906b36487b1fe4124e,2021-05,Northumbria Police,Northumbria Police,-1.434487,54.957695,On or near MILLAIS GARDENS,E01008689,South Tyneside 019B,Investigation complete; no suspect identified
f8af76ee171922c0917815b33fde1c7701b7a5468c672141f81fb88aa050d3ed,2021-05,Northumbria Police,Northumbria Police,-1.464944,54.846671,On or near BAKER STREET,E01008720,Sunderland 032A,Investigation complete; no suspect identified
1d346a4810cce295f3d49bb0f00205cb29929dca7dccb2bd04694955c677403b,2021-05,Northumbria Police,Northumbria Police,-1.414385,54.928969,On or near WOODFORD CLOSE,E01008821,Sunderland 004D,Investigation complete; no suspect identified
3886ce64b58e8db0162ba1cfa20410c1595b5f825360d48be67326368e2828ac,2021-05,Northumbria Police,Northumbria Police,-1.403925,54.920876,On or near KEATS AVENUE,E01033075,Sunderland 005G,Investigation complete; no suspect identified
3e91195d6a6e02f5aa32496f323e7e81a7497510e80046f6890ebc28c64d7b0b,2021-05,Northumbria Police,Northumbria Police,-1.651864,54.989891,On or near WINGROVE ROAD,E01008380,Newcastle upon Tyne 008G,Investigation complete; no suspect identified
290c6eaf57120ebe778bbde00e8bf124d455cd4f45806161b43d2baffb01ab65,2021-05,Northumbria Police,Northumbria Police,-1.713784,55.180863,On or near Petrol Station,E01027448,Northumberland 015B,Investigation complete; no suspect identified
20116fc0ebdf241840b9791b662e2e17d372189f692bfac125a45efb095ea03f,2021-05,Northumbria Police,Northumbria Police,-1.557718,54.943055,On or near HIGH HEWORTH LANE,E01008229,Gateshead 018A,Suspect charged
1324a06a02c517bfc3a8ff5fcff35e02fe1e3c65937fb65de597bf66899eeccb,2021-05,Northumbria Police,Northumbria Police,-1.498564,55.002494,On or near WINDSOR COTTAGES,E01008508,North Tyneside 026A,Investigation complete; no suspect identified
5d588b17d48162d74714cc7992c3c2045ba488c811042e34b88ace1eb3bf359f,2021-05,Northumbria Police,Northumbria Police,-1.447484,55.008618,On or near Supermarket,E01008524,North Tyneside 022B,Suspect charged
5d588b17d48162d74714cc7992c3c2045ba488c811042e34b88ace1eb3bf359f,2021-05,Northumbria Police,Northumbria Police,-1.447484,55.008618,On or near Supermarket,E01008524,North Tyneside 022B,Suspect charged
5d588b17d48162d74714cc7992c3c2045ba488c811042e34b88ace1eb3bf359f,2021-05,Northumbria Police,Northumbria Police,-1.447484,55.008618,On or near Supermarket,E01008524,North Tyneside 022B,Suspect charged
5d588b17d48162d74714cc7992c3c2045ba488c811042e34b88ace1eb3bf359f,2021-05,Northumbria Police,Northumbria Police,-1.447484,55.008618,On or near Supermarket,E01008524,North Tyneside 022B,Suspect charged
724f6e4a2dc08e177515d30c0160d86f5abacd351a80ed7d3b084e1135ee9559,2021-05,Northumbria Police,Northumbria Police,-1.655661,54.971687,On or near BARNESBURY ROAD,E01008332,Newcastle upon Tyne 029B,Investigation complete; no suspect identified
da307a7afab6d201c57420ef834fbecdbfef202341fa3d998e59c0b74665e257,2021-05,Northumbria Police,Northumbria Police,-1.522507,54.964893,On or near PRENDWICK AVENUE,E01008643,South Tyneside 015A,Suspect charged
d889e9681e79c7c3c7a7377dad458b80dbbb200be56f957de6f00a2401211350,2021-05,Northumbria Police,Northumbria Police,-1.461794,54.821234,On or near KENT GARDENS,E01008748,Sunderland 035E,Investigation complete; no suspect identified
4e3379ab1f8c9d7dcff1f5e73467ad0d05d79ae01742f1d631163c71f848ff0b,2021-05,Northumbria Police,Northumbria Police,-1.398908,54.899454,On or near EDEN HOUSE ROAD,E01008830,Sunderland 018B,Investigation complete; no suspect identified
cfd5ac41638284f64a936bc6fcd3b1eba6f1c50f34e9b927620b25eb4540367d,2021-05,Northumbria Police,Northumbria Police,-1.397907,54.919498,On or near SOUTHWICK ROAD,E01008709,Sunderland 005B,Investigation complete; no suspect identified
d8bd4741db32e3ef3962d653a98b5a71a36557bfe16393e375561649e8d84641,2021-05,Northumbria Police,Northumbria Police,-2.107530,54.974939,On or near PRIOR TERRACE,E01027476,Northumberland 035A,Investigation complete; no suspect identified
2de00c3cd868f3100f569bdf6e0aeb19b0ae4a0ca7476f9bcc9ca200dc36c721,2021-05,Northumbria Police,Northumbria Police,-1.465363,55.052757,On or near WOODBURN WAY,E01008546,North Tyneside 003C,Investigation complete; no suspect identified
9a559b0ef6ab32f8fc5e4b3df13f94c479001d77f25bb9ceb28493883827dfdb,2021-05,Northumbria Police,Northumbria Police,-1.456411,54.836191,On or near WOOD LEA,E01008716,Sunderland 034C,Suspect charged
3f2743f5c46034492d9f80e38898eec14eac0d5208f2e09eb9aea2e63648c5c9,2021-05,Northumbria Police,Northumbria Police,-1.429371,54.906530,On or near FIRTH SQUARE,E01033076,Sunderland 012F,Investigation complete; no suspect identified
75a1da01135b6b2ca282d10ce78ea0fd200bae937c95ba489cd1e1b274e9d361,2021-05,Northumbria Police,Northumbria Police,-1.523735,55.129040,On or near WALTON AVENUE,E01027391,Northumberland 024A,Investigation complete; no suspect identified
48192a7138632945f6be87db7902e6543a9e2aa253feaa779df109eb39be94e0,2021-05,Northumbria Police,Northumbria Police,-1.520265,55.133339,On or near CHESTNUT AVENUE,E01027416,Northumberland 022C,Investigation complete; no suspect identified
52fa40391347e757d5f7cbf2c13ecd5bdddc897a65e21d31ee3fa9a2fedb9141,2021-05,Northumbria Police,Northumbria Police,-1.413322,54.963418,On or near Petrol Station,E01008622,South Tyneside 013A,Investigation complete; no suspect identified
7174c71c92c917520a4c31f67002bdc6099db916fc868ad13fc4cf292e85775f,2021-05,Northumbria Police,Northumbria Police,-1.451151,54.927793,On or near BAYSWATER AVENUE,E01008698,Sunderland 003A,Suspect charged
f46743d883d8fa47965a1209ae701b1ff65a948c3a155daf4136d2d729f8b689,2021-05,Northumbria Police,Northumbria Police,-1.709268,54.978953,On or near ROKEBY AVENUE,E01008382,Newcastle upon Tyne 021B,Investigation complete; no suspect identified
f46743d883d8fa47965a1209ae701b1ff65a948c3a155daf4136d2d729f8b689,2021-05,Northumbria Police,Northumbria Police,-1.709268,54.978953,On or near ROKEBY AVENUE,E01008382,Newcastle upon Tyne 021B,Investigation complete; no suspect identified
f46743d883d8fa47965a1209ae701b1ff65a948c3a155daf4136d2d729f8b689,2021-05,Northumbria Police,Northumbria Police,-1.709268,54.978953,On or near ROKEBY AVENUE,E01008382,Newcastle upon Tyne 021B,Investigation complete; no suspect identified
6a09f06848ac74b5ae2394ad75b88e3b8a398e690ee6efcf799325269658a1af,2021-05,Northumbria Police,Northumbria Police,-1.475398,55.020297,On or near ST AIDAN'S CLOSE,E01008489,North Tyneside 015B,Suspect charged
f28a70f03ef26bace8216c40a731e232c2d71ac372fe7ab72723badf1bd31e0a,2021-05,Northumbria Police,Northumbria Police,-1.530642,55.115102,On or near HOLYSTONE AVENUE,E01027427,Northumberland 025C,Investigation complete; no suspect identified
ff5557f5f68948b0260930603bcfbdc8d3e67a9fd6d3db1e06140ad6bc697525,2021-05,Northumbria Police,Northumbria Police,-1.451151,54.927793,On or near BAYSWATER AVENUE,E01008698,Sunderland 003A,Investigation complete; no suspect identified
51759a1152c159c0aa50a39e9620c0c189078cc85d87251dc05249bd324303e7,2021-05,Northumbria Police,Northumbria Police,-1.401998,54.904511,On or near RAINTON STREET,E01008706,Sunderland 011C,Investigation complete; no suspect identified
ab9ebb086bd3c7e12ed2c47353cb8b02028b11add86339e9dbd81dd02afdf8dc,2021-05,Northumbria Police,Northumbria Police,-1.442329,54.963159,On or near HAZLITT AVENUE,E01008609,South Tyneside 016E,Suspect charged
638e17222d62366b1e3d4fd6458999c38595b17372922d8898c9a0db00ee974f,2021-05,Northumbria Police,Northumbria Police,-1.398063,54.970739,On or near QUARRY LANE,E01008625,South Tyneside 013C,Investigation complete; no suspect identified
495b8ab20a3d89cb494cf67ebe2733d94e83b0b04170a7a1771a92bace70217c,2021-05,Northumbria Police,Northumbria Police,-1.540348,54.970021,On or near MALAYA DRIVE,E01008425,Newcastle upon Tyne 030B,Offender given a caution
e80df570b9e3bd247ff235c013c9af9c773bc4f75ce18983ae4153bcef60f6f5,2021-05,Northumbria Police,Northumbria Police,-1.543301,55.129591,On or near FENWICK GROVE,E01027424,Northumberland 022D,Investigation complete; no suspect identified
3c5898e25d3d06da9e84ba81e2b3daacb56c6430ea4aa32bb12c2ff92a71896e,2021-05,Northumbria Police,Northumbria Police,-1.578027,55.054781,On or near BURRADON ROAD,E01008478,North Tyneside 002A,Investigation complete; no suspect identified
cf058c5e3c041d17d6ed26a702050551946c02b3990af8c24755bd5802235edb,2021-05,Northumbria Police,Northumbria Police,-1.578052,54.968918,On or near WALKER ROAD,E01008301,Newcastle upon Tyne 026A,Suspect charged
f7968b96a1a49745d339afe8d9a12254052c90bd79b8df9dc8c2550397c5feae,2021-05,Northumbria Police,Northumbria Police,-1.558986,54.965480,On or near ELSTOB PLACE,E01008390,Newcastle upon Tyne 030A,Investigation complete; no suspect identified
f7968b96a1a49745d339afe8d9a12254052c90bd79b8df9dc8c2550397c5feae,2021-05,Northumbria Police,Northumbria Police,-1.558986,54.965480,On or near ELSTOB PLACE,E01008390,Newcastle upon Tyne 030A,Investigation complete; no suspect identified
f7968b96a1a49745d339afe8d9a12254052c90bd79b8df9dc8c2550397c5feae,2021-05,Northumbria Police,Northumbria Police,-1.558986,54.965480,On or near ELSTOB PLACE,E01008390,Newcastle upon Tyne 030A,Investigation complete; no suspect identified
f7968b96a1a49745d339afe8d9a12254052c90bd79b8df9dc8c2550397c5feae,2021-05,Northumbria Police,Northumbria Police,-1.558986,54.965480,On or near ELSTOB PLACE,E01008390,Newcastle upon Tyne 030A,Suspect charged
f7968b96a1a49745d339afe8d9a12254052c90bd79b8df9dc8c2550397c5feae,2021-05,Northumbria Police,Northumbria Police,-1.558986,54.965480,On or near ELSTOB PLACE,E01008390,Newcastle upon Tyne 030A,Investigation complete; no suspect identified
f7968b96a1a49745d339afe8d9a12254052c90bd79b8df9dc8c2550397c5feae,2021-05,Northumbria Police,Northumbria Police,-1.558986,54.965480,On or near ELSTOB PLACE,E01008390,Newcastle upon Tyne 030A,Investigation complete; no suspect identified
5f3a8636ff72f5b8cf2c218121219c36ad991f1ed1c764a96a39dc7621234ae4,2021-05,Northumbria Police,Northumbria Police,-1.579624,54.981477,On or near CHELTENHAM TERRACE,E01008362,Newcastle upon Tyne 018E,Investigation complete; no suspect identified
5f77b78f39d8bb63c84c0583172c0bd616dc2623d2f3a3e803123d4d95c9858d,2021-05,Northumbria Police,Northumbria Police,-1.507448,54.915264,On or near MARLBOROUGH ROAD,E01008854,Sunderland 009B,Investigation complete; no suspect identified
4369eb5443cf56d514a21450691eb13b3a6fca2d7a051358f68a0a7f2043a412,2021-05,Northumbria Police,Northumbria Police,-1.608354,54.948180,On or near FERN DENE ROAD,E01008253,Gateshead 010C,Investigation complete; no suspect identified
963a1a76641fe44a31c26498b80025fd2feb5b21839939ed0963061f12c5ed99,2021-05,Northumbria Police,Northumbria Police,-1.691906,55.169110,On or near MAINS PLACE,E01027453,Northumberland 016B,Investigation complete; no suspect identified
c78e030fef9f0b4caf2d4a01d98619363c05c9e8178d8d96f8f4327bee848baa,2021-05,Northumbria Police,Northumbria Police,-1.364547,54.899990,On or near THE PARADE,E01008736,Sunderland 016C,Suspect charged
c78e030fef9f0b4caf2d4a01d98619363c05c9e8178d8d96f8f4327bee848baa,2021-05,Northumbria Police,Northumbria Police,-1.364547,54.899990,On or near THE PARADE,E01008736,Sunderland 016C,Investigation complete; no suspect identified
ef669123064dc80c4a153f04cc6be77753801eb494a064e117d73806f7785c90,2021-05,Northumbria Police,Northumbria Police,-1.509055,55.123985,On or near RICHARD STREET,E01027414,Northumberland 023A,Investigation complete; no suspect identified
f098789d331261190f355093001671ae59592d1a211b92d744f5b3696a6a90a8,2021-05,Northumbria Police,Northumbria Police,-1.691906,55.169110,On or near MAINS PLACE,E01027453,Northumberland 016B,Investigation complete; no suspect identified
840e125988f7212daffe8750d7248e971b283a684d14d7318e71ac9f2d705626,2021-05,Northumbria Police,Northumbria Police,-1.485806,54.959774,On or near CALF CLOSE WALK,E01008632,South Tyneside 017B,Investigation complete; no suspect identified
11d56350f0b7abf38090b276bdc5c5a8ab38aba2594c37f008729de196b25a5e,2021-05,Northumbria Police,Northumbria Police,-1.371240,54.917800,On or near LANGEEFORD PLACE,E01008791,Sunderland 006F,Investigation complete; no suspect identified
9cf68d350bb4bf8e0557eae2929e6178eaba61c715bdb09b50276937dbe51a66,2021-05,Northumbria Police,Northumbria Police,-2.002716,55.768532,On or near HIDE HILL,E01027377,Northumberland 001B,Investigation complete; no suspect identified
0ff5402613c8f587a0a769739c6431af4830b36fb5b7ebcba8fa58526a5e1761,2021-05,Northumbria Police,Northumbria Police,-2.097832,54.969825,On or near ARGYLE TERRACE,E01027494,Northumberland 035G,Investigation complete; no suspect identified
c896a168a3aec6fd0fc8d6bf664e6972882a2e90b8d0d43e8e2a545002da8985,2021-05,Northumbria Police,Northumbria Police,-1.369426,54.892143,On or near CAIRO STREET,E01008738,Sunderland 016E,Investigation complete; no suspect identified
5464ee0c60dde9e7324d4517135d936b9ddd79ce750a8f0fc757fde7cd168228,2021-05,Northumbria Police,Northumbria Police,-1.415566,54.885184,On or near PATON SQUARE,E01008828,Sunderland 023F,Investigation complete; no suspect identified
2a93a8f798ecf15b1a3b0516788c62f309ed9fc1959b3fc71934b04b0084918e,2021-05,Northumbria Police,Northumbria Police,-1.820785,54.917558,On or near WILLIAM STREET,E01008186,Gateshead 024B,Offender given a caution
9f4098c983c07220b82e5b6029ed6d27acc9268ea03959e96a4a271e4231b6aa,2021-05,Northumbria Police,Northumbria Police,-1.499701,54.845543,On or near GRANGE AVENUE,E01008752,Sunderland 033C,Investigation complete; no suspect identified
19e0f600186bedfb3f3ccd6a6d0f2c8cdf6b6d9af99b730ce25ab8994e677b0d,2021-05,Northumbria Police,Northumbria Police,-1.500551,55.037639,On or near SEATON ROAD,E01008567,North Tyneside 007D,Investigation complete; no suspect identified
f41566bb6b94e0a5b60fd8713f1e283b52c02974ddbc46a0d3760a608dd1936b,2021-05,Northumbria Police,Northumbria Police,-1.471358,55.018267,On or near NETHERTON GROVE,E01008487,North Tyneside 020B,Investigation complete; no suspect identified
1265a028a72fd079b00a7123ce201da0f416f0e07dcbe7f6e7332105961eed41,2021-05,Northumbria Police,Northumbria Police,-1.508252,54.982459,On or near BRANCEPETH ROAD,E01008639,South Tyneside 009A,Investigation complete; no suspect identified
de44a2064a97c8761694d101b29bb4f941f816814118fa0477715db31e3b7ed3,2021-05,Northumbria Police,Northumbria Police,-1.608097,54.932929,On or near BRECKENBEDS ROAD,E01008234,Gateshead 020C,Suspect charged
56b0a7fc6174905d9671889f49cd97de8b5da0a27102b534e280551758bd4544,2021-05,Northumbria Police,Northumbria Police,-1.592100,54.926784,On or near OAKWOOD AVENUE,E01008192,Gateshead 023D,Investigation complete; no suspect identified
7b2ecb93e95765f783f6532b7fdb6600876ce12593e344cccf8d0c59ec9f952a,2021-05,Northumbria Police,Northumbria Police,-1.620264,54.903654,On or near LABURNUM CRESCENT,E01008226,Gateshead 025D,Investigation complete; no suspect identified
ab47d427c6f657a5fe277b9b6a5415d7f4bfee43828b3169e0dee9592efbf316,2021-05,Northumbria Police,Northumbria Police,-1.683532,54.975330,On or near WHICKHAM VIEW,E01008288,Newcastle upon Tyne 027A,Investigation complete; no suspect identified
37acd1c965593b4426498153034c0f26372ed16abe70572355b800da5d1fa3f9,2021-05,Northumbria Police,Northumbria Police,-1.612959,54.972619,On or near Nightclub,E01033543,Newcastle upon Tyne 024G,Suspect charged
15a337ae72e16f435000389ff1ee0566779811afc53983db0b84e19689ff6f73,2021-05,Northumbria Police,Northumbria Police,-1.508045,54.982754,On or near LAMBTON ROAD,E01008639,South Tyneside 009A,Suspect charged
1d106e56e817156e26e41460dd2e85377f3585955721f14e7c5373897550b165,2021-05,Northumbria Police,Northumbria Police,-1.508045,54.982754,On or near LAMBTON ROAD,E01008639,South Tyneside 009A,Suspect charged
1d106e56e817156e26e41460dd2e85377f3585955721f14e7c5373897550b165,2021-05,Northumbria Police,Northumbria Police,-1.508045,54.982754,On or near LAMBTON ROAD,E01008639,South Tyneside 009A,Suspect charged
aaa0d6262fe57b92e20808784ef2a598993a92f071284dc0472ccd63f3e7ccee,2021-05,Northumbria Police,Northumbria Police,-1.376967,54.906587,On or near NILE STREET,E01008703,Sunderland 013B,Investigation complete; no suspect identified
e4b9070019ed51a2eaaa6c10661b17cb032871c16c02dca53ae193fcb4119659,2021-05,Northumbria Police,Northumbria Police,-1.590612,54.950386,On or near EDGWARE ROAD,E01008204,Gateshead 011D,Investigation complete; no suspect identified
9eba580fa894b0904e6ca616a7e19066c9a1412575e6b9fa74da165d89a9fab6,2021-05,Northumbria Police,Northumbria Police,-1.443259,54.977191,On or near NAPIER STREET,E01008671,South Tyneside 012C,Investigation complete; no suspect identified
b215f2f7801aa61a819e92df92b4cb05adcf0f7f3fb748e6834ec76c4d59ba37,2021-05,Northumbria Police,Northumbria Police,-1.522507,54.964893,On or near PRENDWICK AVENUE,E01008643,South Tyneside 015A,Suspect charged
fcb42eea5ea17372e766f612e83bd8cab0df806149b3d9223167dff9889fe5b2,2021-05,Northumbria Police,Northumbria Police,-1.505500,54.912632,On or near CHERWELL,E01008859,Sunderland 009E,Investigation complete; no suspect identified
99c3900787deca76bb8de900c162ce27eb7d1180b098a1ae04953b7a8c290fe5,2021-05,Northumbria Police,Northumbria Police,-1.641166,55.003088,On or near THE WYND,E01008374,Newcastle upon Tyne 008B,Suspect charged
8c5e30d21ebf9994b3ffd4c9b99d8c40fae839b55216a632847e1b9cbaadb9c5,2021-05,Northumbria Police,Northumbria Police,-1.590392,55.074907,On or near LEYBURN COURT,E01027410,Northumberland 031E,Investigation complete; no suspect identified
86179765e1c40528ca6ea534a2036599c14bd720dca86db3cb8b2683ab098df7,2021-05,Northumbria Police,Northumbria Police,-1.528933,55.112472,On or near CARRSIDE MEWS,E01027427,Northumberland 025C,Investigation complete; no suspect identified
5a62ce2b5e19f66770d36b1acf72c9a5708f67a506e35fcd33bbedffeae94d0b,2021-05,Northumbria Police,Northumbria Police,-1.581415,54.950516,On or near QUEENS SQUARE,E01008202,Gateshead 011C,Investigation complete; no suspect identified
5a62ce2b5e19f66770d36b1acf72c9a5708f67a506e35fcd33bbedffeae94d0b,2021-05,Northumbria Police,Northumbria Police,-1.581415,54.950516,On or near QUEENS SQUARE,E01008202,Gateshead 011C,Investigation complete; no suspect identified
5a62ce2b5e19f66770d36b1acf72c9a5708f67a506e35fcd33bbedffeae94d0b,2021-05,Northumbria Police,Northumbria Police,-1.581415,54.950516,On or near QUEENS SQUARE,E01008202,Gateshead 011C,Investigation complete; no suspect identified
7a371e28e30c485b487c28ebc9efe5f63686eeb9077ca9041b08a5765749e2fc,2021-05,Northumbria Police,Northumbria Police,-1.451422,54.962931,On or near CHAUCER AVENUE,E01008607,South Tyneside 016D,Investigation complete; no suspect identified
a05eade5a4b402766f64a9c548b8c2da677c509440bc907e974252bc13f58a70,2021-05,Northumbria Police,Northumbria Police,-1.593603,55.056325,On or near MARKET STREET,E01008578,North Tyneside 002D,Investigation complete; no suspect identified
151dafca3e89f2dec3f83f6ecd3adf8093977d7c97caa1f7c8eb6605ed30f90c,2021-05,Northumbria Police,Northumbria Police,-1.450612,54.892896,On or near PRESTBURY ROAD,E01008730,Sunderland 021B,Investigation complete; no suspect identified
ebde8b4754e961c96e2d5ccf4e3a8ff4c50ed2d53dada321f09a39fba58ed7a3,2021-05,Northumbria Police,Northumbria Police,-1.402909,54.872452,On or near SILKSWORTH TERRACE,E01008805,Sunderland 027C,Investigation complete; no suspect identified
2426d4657cf953c1cda3bdd280b7602541a7f61614181104c4cd6f4298346870,2021-05,Northumbria Police,Northumbria Police,-1.382695,54.912439,On or near BARCLAY STREET,E01008791,Sunderland 006F,Investigation complete; no suspect identified
6d0979fdeef150ee8bca1a0c1f728ee5f67ac99790673b95429117af12925274,2021-05,Northumbria Police,Northumbria Police,-1.503010,55.125938,On or near FORSTER STREET,E01027442,Northumberland 023E,Investigation complete; no suspect identified
63b114f7c1fdda222fc795019088fdf50756b700b7d77e7c365141c87a348c12,2021-05,Northumbria Police,Northumbria Police,-1.522550,54.966574,On or near EAST VIEW,E01008646,South Tyneside 015D,Offender given a caution
de70562f95d8b0a8594357c583d92bc29ffcb62a74cdba3dccd690c2b6987e70,2021-05,Northumbria Police,Northumbria Police,-1.637121,54.974886,On or near LONGLEY STREET,E01008398,Newcastle upon Tyne 022C,Investigation complete; no suspect identified
29ebdffd821307de598d0df4ebfcb9e5bdb0150a0265e7e866012c60a64eb6a2,2021-05,Northumbria Police,Northumbria Police,-1.434113,54.974291,On or near WOLSEY COURT,E01008590,South Tyneside 011A,Investigation complete; no suspect identified
eba260a4b60afd8fb1062d79b7fdf62fcb2769a841cae488dfc6ed6aa007ab8b,2021-05,Northumbria Police,Northumbria Police,-1.651780,54.983349,On or near BOURNE AVENUE,E01008453,Newcastle upon Tyne 022E,Investigation complete; no suspect identified
4922422222f53295d45537b9c8015b3ac31d51305b4adc46b96a1d14fa3cdbdc,2021-05,Northumbria Police,Northumbria Police,-1.713161,54.978558,On or near INGOE STREET,E01008385,Newcastle upon Tyne 021E,Investigation complete; no suspect identified
c77324340c279ca7be28e1025dad01c1664c316c8e7b3ca617c4c0464d20f1a5,2021-05,Northumbria Police,Northumbria Police,-1.529189,55.111996,On or near PLESSEY ROAD,E01027427,Northumberland 025C,Investigation complete; no suspect identified
df4b1e23e41d83f9be8326dee8b73494da5244efd13a027e248f58e680e7f025,2021-05,Northumbria Police,Northumbria Police,-1.547845,54.938094,On or near CHEVINGTON,E01008282,Gateshead 015F,Investigation complete; no suspect identified
8ccb5093c7b3db55904d74950b402eb250b48a619154a4fcba426258504b0c39,2021-05,Northumbria Police,Northumbria Police,-1.513935,55.126314,On or near ARTHUR STREET,E01027415,Northumberland 023B,Investigation complete; no suspect identified
a989e5195595fd55983f4463aa5be72d647b2175435845dc7eb9ce60b0e3f5db,2021-05,Northumbria Police,Northumbria Police,-1.633055,54.968503,On or near CROSS PARADE,E01008439,Newcastle upon Tyne 024E,Suspect charged
a704ef06012f7efbfb14b9ac30fb350324e8c1ff4e0734da506581af9ea20614,2021-05,Northumbria Police,Northumbria Police,-1.628756,55.058666,On or near BRENKLEY COURT,E01008582,North Tyneside 004E,Investigation complete; no suspect identified
c502c36b3ab88fef2ffd4f5043d5e11458623647c7719954fc4120958be4aab8,2021-05,Northumbria Police,Northumbria Police,-1.683532,54.975330,On or near WHICKHAM VIEW,E01008288,Newcastle upon Tyne 027A,Suspect charged
c502c36b3ab88fef2ffd4f5043d5e11458623647c7719954fc4120958be4aab8,2021-05,Northumbria Police,Northumbria Police,-1.683532,54.975330,On or near WHICKHAM VIEW,E01008288,Newcastle upon Tyne 027A,Suspect charged
a226e96ba38b446b444564789e65835d790cd449d5245eeafdeb0ddaaacc532a,2021-05,Northumbria Police,Northumbria Police,-1.669999,54.989232,On or near SILVER LONNEN,E01008451,Newcastle upon Tyne 016C,Investigation complete; no suspect identified
9d41897d58984dba10a5ef1f13953f2b23daaa4e9bd35c0739aff51d570f474f,2021-05,Northumbria Police,Northumbria Police,-1.646973,55.000499,On or near MILLGROVE VIEW,E01008379,Newcastle upon Tyne 008F,Investigation complete; no suspect identified
4544486e10db67bac6e7e9a143421b217c3a5cf45ab7ea8890f84e316987a49e,2021-05,Northumbria Police,Northumbria Police,-1.637618,54.976955,On or near STANTON STREET,E01008396,Newcastle upon Tyne 022B,Investigation complete; no suspect identified
2cdd6ad3cacff24461d112fe8cb69ed3323b9f5d1c9e348c356aa5f7f02f8591,2021-05,Northumbria Police,Northumbria Police,-1.499441,54.976033,On or near COLLINGWOOD STREET,E01008654,South Tyneside 009D,Investigation complete; no suspect identified
3959c7c9160b2d54341cc2a104d718ff53ce7acae7af7538cbb8379ced1236e0,2021-05,Northumbria Police,Northumbria Police,-1.517078,54.963101,On or near BERESFORD AVENUE,E01008643,South Tyneside 015A,Investigation complete; no suspect identified
b2ef40c6c51b1fe54ee44d9c3078e3e68c0c5e5c3cbe94eb5fda1c636c83df4c,2021-05,Northumbria Police,Northumbria Police,-1.617258,54.970746,On or near FALCONAR'S COURT,E01033543,Newcastle upon Tyne 024G,Investigation complete; no suspect identified
04cd66ebbdf2ab4cb8ac6c317943032b734152348b657810a3ec37cb3200d60c,2021-05,Northumbria Police,Northumbria Police,-1.581038,55.106794,On or near SCOTT STREET,E01027398,Northumberland 029A,Local resolution
8ec1253a9464968d76f501b1c8329a936af29741b29b15a0b12dbcdb9f89531c,2021-05,Northumbria Police,Northumbria Police,-1.653139,54.972534,On or near FAIRHOLM ROAD,E01008332,Newcastle upon Tyne 029B,Investigation complete; no suspect identified
22532bbf03f9e1dd46ea059e8d71e8323c191f2cc51e6305101805333d8dfcd9,2021-05,Northumbria Police,Northumbria Police,-1.615856,54.948994,On or near TREVETHICK STREET,E01008254,Gateshead 010D,Investigation complete; no suspect identified
98206a5f37e552e9ae1af1fcc83f09094dd10c6035dae449fdc220c4a88e1cbb,2021-05,Northumbria Police,Northumbria Police,-1.458870,54.947894,On or near CHARLES STREET,E01008613,South Tyneside 021D,Investigation complete; no suspect identified
fc00c4819f276cf64e9a8e94856a6d6ce83e7affffca8beddae0dec05b3ab22f,2021-05,Northumbria Police,Northumbria Police,-1.640047,55.014569,On or near HEDDON CLOSE,E01008336,Newcastle upon Tyne 003A,Suspect charged
2db08f2d451f3f1b09385d1c3ff1df0630f51be78fda38e3b89aedb7d940aaef,2021-05,Northumbria Police,Northumbria Police,-1.640047,55.014569,On or near HEDDON CLOSE,E01008336,Newcastle upon Tyne 003A,Investigation complete; no suspect identified
2db08f2d451f3f1b09385d1c3ff1df0630f51be78fda38e3b89aedb7d940aaef,2021-05,Northumbria Police,Northumbria Police,-1.640047,55.014569,On or near HEDDON CLOSE,E01008336,Newcastle upon Tyne 003A,Suspect charged
5bf4751f004ff969bbb90f48736b31c971a79b2c00168b60051a31b537f8c5ce,2021-05,Northumbria Police,Northumbria Police,-1.409513,54.919600,On or near FREDA STREET,E01008820,Sunderland 005F,Investigation complete; no suspect identified
5bf4751f004ff969bbb90f48736b31c971a79b2c00168b60051a31b537f8c5ce,2021-05,Northumbria Police,Northumbria Police,-1.409513,54.919600,On or near FREDA STREET,E01008820,Sunderland 005F,Investigation complete; no suspect identified
dc9f47146c8145691af980678bef567153d2fdd60560b7513db00e2a65affe21,2021-05,Northumbria Police,Northumbria Police,-1.656873,54.976148,On or near WEST ROAD,E01008334,Newcastle upon Tyne 029D,Investigation complete; no suspect identified
a73c22abac41cac212f1492bddde4618ff40cefe5bfb3a2a8ac94e3819d4ba7d,2021-05,Northumbria Police,Northumbria Police,-1.690683,54.990131,On or near CORSENSIDE,E01008327,Newcastle upon Tyne 015D,Investigation complete; no suspect identified
66e532a8aefd0b8700f590a1886a67d9ba923b3b204b2be05bffcd7da34736c4,2021-05,Northumbria Police,Northumbria Police,-1.603180,55.161126,On or near FERN COURT,E01027534,Northumberland 017C,Investigation complete; no suspect identified
f478250482ba0e869979d8be81f41b68875163dbbbbc1d6be664eb8954709dae,2021-05,Northumbria Police,Northumbria Police,-1.651286,54.980876,On or near NUNS MOOR CRESCENT,E01008453,Newcastle upon Tyne 022E,Investigation complete; no suspect identified
e9d82ecec95b5caae50843bf58cc28e7ef6cc90e6e53c87b82926774f16e3a5f,2021-05,Northumbria Police,Northumbria Police,-1.515929,55.032722,On or near HEATHFIELD,E01032648,North Tyneside 011F,Investigation complete; no suspect identified
224d1577adc4052affbe284c1ab16fc8f805582a34a14ca4e153d43b9ee1c2c4,2021-05,Northumbria Police,Northumbria Police,-1.646312,54.947658,On or near EDE AVENUE,E01008208,Gateshead 013C,Investigation complete; no suspect identified
b321961c69b11c6901fcc5722a1cd7e74f1f605622d261083ee375425e811dc0,2021-05,Northumbria Police,Northumbria Police,-1.690683,54.990131,On or near CORSENSIDE,E01008327,Newcastle upon Tyne 015D,Investigation complete; no suspect identified
6ff6c055970bfc9b5441b0107cf423ce323ddd1de6b628be4c2eabf1287e686a,2021-05,Northumbria Police,Northumbria Police,-1.439751,54.963201,On or near GASKELL AVENUE,E01008609,South Tyneside 016E,Suspect charged
397d1fc4bdd1294b90cf7116d5fdc7a8881f933bcb265009fb32c72adb1bcf9a,2021-05,Northumbria Police,Northumbria Police,-1.398896,54.920132,On or near CHURCH STREET,E01008709,Sunderland 005B,Investigation complete; no suspect identified
167ae3808886ac249b107074d89c08a519e8950c3b366c388894ae726b6079bc,2021-05,Northumbria Police,Northumbria Police,-1.460197,54.824264,On or near LINCOLN CRESCENT,E01008748,Sunderland 035E,Investigation complete; no suspect identified
0cd7ce019232aba004c5adbd85c129758e296e4518db7479800f5ecab830f0b2,2021-05,Northumbria Police,Northumbria Police,-1.515713,55.120696,On or near ROWAN COURT,E01027429,Northumberland 024D,Investigation complete; no suspect identified
185221731ce4b9a1a44af4295d1c9024640d73b7fce51bd9b878901756e27730,2021-05,Northumbria Police,Northumbria Police,-1.705601,54.976194,On or near ORMSKIRK CLOSE,E01008387,Newcastle upon Tyne 021G,Investigation complete; no suspect identified
d10022f7574f6188928c948601eff92ca0230ebf517c608693516ab82932d4d3,2021-05,Northumbria Police,Northumbria Police,-1.641113,55.030055,On or near ROSEDON WAY,E01008308,Newcastle upon Tyne 001D,Investigation complete; no suspect identified
f9b1cd712912be737bd318f1581cab98de94073fb0fa8b613210f7ff48b63540,2021-05,Northumbria Police,Northumbria Police,-1.409982,54.897109,On or near WYCLIFFE ROAD,E01008759,Sunderland 015C,Investigation complete; no suspect identified
4dfb891ddf4aa5d181966dc786b375b348efe07bc46bdeb094e0f34c1bb1138a,2021-05,Northumbria Police,Northumbria Police,-1.584139,54.954291,On or near BEAUFRONT GARDENS,E01008164,Gateshead 027B,Investigation complete; no suspect identified
aa1220ac32f3a1979b521334c436ad3562420f359edf3a1f51d0db88e0fdca16,2021-05,Northumbria Police,Northumbria Police,-1.498694,55.004616,On or near ENNERDALE GARDENS,E01008512,North Tyneside 026D,Investigation complete; no suspect identified
aa1220ac32f3a1979b521334c436ad3562420f359edf3a1f51d0db88e0fdca16,2021-05,Northumbria Police,Northumbria Police,-1.498694,55.004616,On or near ENNERDALE GARDENS,E01008512,North Tyneside 026D,Investigation complete; no suspect identified
aa1220ac32f3a1979b521334c436ad3562420f359edf3a1f51d0db88e0fdca16,2021-05,Northumbria Police,Northumbria Police,-1.498694,55.004616,On or near ENNERDALE GARDENS,E01008512,North Tyneside 026D,Investigation complete; no suspect identified
bdcd361a16388999e63be0a08d80f1875cc11917aa2d37afb0aa2c02f97c489f,2021-05,Northumbria Police,Northumbria Police,-1.456174,54.841033,On or near SEAHAM ROAD,E01008720,Sunderland 032A,Investigation complete; no suspect identified
d9b896ddec3928ca35c71afc60dd85370b2b539d01792774c5e5aafadebe7e95,2021-05,Northumbria Police,Northumbria Police,-1.477447,54.869713,On or near LANTON STREET,E01032483,Sunderland 032F,Investigation complete; no suspect identified
419ef4b3597c12c4d51ecf794ce512e0a6085a67d9185b24f26f363b7316662a,2021-05,Northumbria Police,Northumbria Police,-1.569130,54.880092,On or near VIGO LANE,E01020611,County Durham 007D,Investigation complete; no suspect identified
70f4dbf727fe1f8bd129bcd22a222f9784a24d2e35bf477f263044049cba5c62,2021-05,Northumbria Police,Northumbria Police,-1.751847,54.998673,On or near WESTWAY,E01008405,Newcastle upon Tyne 014F,Investigation complete; no suspect identified
486fe369a8b97fe2ce70e3c809704d9cda7397a0c7270f9d48dacc08f272dc83,2021-05,Northumbria Police,Northumbria Police,-1.574085,54.979211,On or near MILLERS ROAD,E01008392,Newcastle upon Tyne 026F,Investigation complete; no suspect identified
ecdb46df5fb02e50660b6048e88cec7e3715b2e2b6fbc59c97e1ffefa130a48d,2021-05,Northumbria Police,Northumbria Police,-1.446908,55.007294,On or near RUDYERD STREET,E01008524,North Tyneside 022B,Investigation complete; no suspect identified
ecdb46df5fb02e50660b6048e88cec7e3715b2e2b6fbc59c97e1ffefa130a48d,2021-05,Northumbria Police,Northumbria Police,-1.446908,55.007294,On or near RUDYERD STREET,E01008524,North Tyneside 022B,Investigation complete; no suspect identified
66eab4c5907c76ac82ebcc179c0fd129be39bbd93e152bade2c19225b5466b73,2021-05,Northumbria Police,Northumbria Police,-1.574085,54.979211,On or near MILLERS ROAD,E01008392,Newcastle upon Tyne 026F,Investigation complete; no suspect identified
76f2802b4c891da17b8e4fe4468aaeb12cbb9b6ca5e6e1f4318399f47aa72072,2021-05,Northumbria Police,Northumbria Police,-1.502742,54.998423,On or near GILSLAND AVENUE,E01008511,North Tyneside 028A,Offender given a caution
2e70b958a000bc1bbf0f6ade0649f18cdd4697bf747118c4a84bf74b07e54b45,2021-05,Northumbria Police,Northumbria Police,-1.726884,54.954785,On or near Supermarket,E01008280,Gateshead 004E,Investigation complete; no suspect identified
6c608b2fa915ac975e1f81aabe2184ad5c76f16e17c6fbf6361c5bdf34f3d91b,2021-05,Northumbria Police,Northumbria Police,-1.547391,54.953531,On or near SALISBURY STREET,E01008244,Gateshead 003D,Suspect charged
ae131a67a4dd6fd2ba6276a5d6f85f6c2362b711722c54274af0cd64e9cac809,2021-05,Northumbria Police,Northumbria Police,-1.713811,54.981660,On or near HARTSIDE,E01008383,Newcastle upon Tyne 021C,Investigation complete; no suspect identified
d212fd6fc85215e366133c65ddf1ebe22741478725481ff7408a67c847d13d9d,2021-05,Northumbria Police,Northumbria Police,-1.576213,54.978922,On or near ALGERNON ROAD,E01008303,Newcastle upon Tyne 018A,Suspect charged
dc2576bef7048e806b66aa21c875cfd44f58540b0348979f1fe79cc89c02c302,2021-05,Northumbria Police,Northumbria Police,-1.458105,55.000137,On or near Pedestrian Subway,E01008545,North Tyneside 027E,Investigation complete; no suspect identified
8d7f47123a982c7ef56616337caa256e588c3d63616d30da6bc38d94faa3b263,2021-05,Northumbria Police,Northumbria Police,-1.435705,54.985577,On or near MARSHALL WALLIS ROAD,E01008664,South Tyneside 002A,Investigation complete; no suspect identified
8d7f47123a982c7ef56616337caa256e588c3d63616d30da6bc38d94faa3b263,2021-05,Northumbria Police,Northumbria Police,-1.435705,54.985577,On or near MARSHALL WALLIS ROAD,E01008664,South Tyneside 002A,Investigation complete; no suspect identified
8d7f47123a982c7ef56616337caa256e588c3d63616d30da6bc38d94faa3b263,2021-05,Northumbria Police,Northumbria Police,-1.435705,54.985577,On or near MARSHALL WALLIS ROAD,E01008664,South Tyneside 002A,Investigation complete; no suspect identified
8d7f47123a982c7ef56616337caa256e588c3d63616d30da6bc38d94faa3b263,2021-05,Northumbria Police,Northumbria Police,-1.435705,54.985577,On or near MARSHALL WALLIS ROAD,E01008664,South Tyneside 002A,Suspect charged
8d7f47123a982c7ef56616337caa256e588c3d63616d30da6bc38d94faa3b263,2021-05,Northumbria Police,Northumbria Police,-1.435705,54.985577,On or near MARSHALL WALLIS ROAD,E01008664,South Tyneside 002A,Investigation complete; no suspect identified
3dddc50f0bd752b3814267ffeac6d1885ee2310f4533d99a388de928c0e77a34,2021-05,Northumbria Police,Northumbria Police,-1.586727,54.975984,On or near B1312,E01008304,Newcastle upon Tyne 026C,Investigation complete; no suspect identified
2a8355d6d8989eca4e44b32f912c7736cf9b73f35194f29c06bdffff90c1108f,2021-05,Northumbria Police,Northumbria Police,-1.562237,55.078754,On or near WELDON ROAD,E01027395,Northumberland 028A,Investigation complete; no suspect identified
80535b63cb59692a0acdfc3a53dceff1203a490003283728807b04cebdb7a298,2021-05,Northumbria Police,Northumbria Police,-1.713811,54.981660,On or near HARTSIDE,E01008383,Newcastle upon Tyne 021C,Investigation complete; no suspect identified
3d2a100319c5d2f6f9a416fbcdb476942b77ed6da6607ca6172f7c441e574862,2021-05,Northumbria Police,Northumbria Police,-1.715348,54.976514,On or near NORTHUMBERLAND ROAD,E01008385,Newcastle upon Tyne 021E,Investigation complete; no suspect identified
fcb42eea5ea17372e766f612e83bd8cab0df806149b3d9223167dff9889fe5b2,2021-05,Northumbria Police,Northumbria Police,-1.505500,54.912632,On or near CHERWELL,E01008859,Sunderland 009E,Investigation complete; no suspect identified
fcb42eea5ea17372e766f612e83bd8cab0df806149b3d9223167dff9889fe5b2,2021-05,Northumbria Police,Northumbria Police,-1.505500,54.912632,On or near CHERWELL,E01008859,Sunderland 009E,Investigation complete; no suspect identified
9d9445b8072e03877e97571b1bbb3fbbbaa602c0cc4e8bc13ac7daa7fec83ce7,2021-05,Northumbria Police,Northumbria Police,-1.427038,54.991782,On or near BURLEIGH STREET,E01008595,South Tyneside 001A,Investigation complete; no suspect identified
dde306db01fa4abbba18f05659a79f4655bc2cda5ef7a787f7522385d51ac548,2021-05,Northumbria Police,Northumbria Police,-1.430202,54.961432,On or near ROMNEY AVENUE,E01008688,South Tyneside 019A,Investigation complete; no suspect identified
0dff1036bccdfbe1849038c606dff97e1b920bd09a6ae2d162762227c81469a9,2021-05,Northumbria Police,Northumbria Police,-1.542803,55.008294,On or near SYDNEY GROVE,E01008538,North Tyneside 025D,Local resolution
0dff1036bccdfbe1849038c606dff97e1b920bd09a6ae2d162762227c81469a9,2021-05,Northumbria Police,Northumbria Police,-1.542803,55.008294,On or near SYDNEY GROVE,E01008538,North Tyneside 025D,Investigation complete; no suspect identified
a778bbb606b3653c656808df9ae0c6a8d648e022cf3933220e6ebec7564fe768,2021-05,Northumbria Police,Northumbria Police,-1.628400,54.956654,On or near FALL PASS,E01008258,Gateshead 007C,Offender given a caution
e5898fbc2fd508995cf1de297740374478b6b2eb7d62f444638aaa63f1ca1918,2021-05,Northumbria Police,Northumbria Police,-1.435244,55.037335,On or near Supermarket,E01008496,North Tyneside 010B,Investigation complete; no suspect identified
87ad3081516a51a3f94049c98fd6891832321596f81d0b1b0e95c51ea236fb9e,2021-05,Northumbria Police,Northumbria Police,-1.682542,54.972200,On or near DARLEY PLACE,E01033547,Newcastle upon Tyne 025E,Suspect charged
87ad3081516a51a3f94049c98fd6891832321596f81d0b1b0e95c51ea236fb9e,2021-05,Northumbria Police,Northumbria Police,-1.682542,54.972200,On or near DARLEY PLACE,E01033547,Newcastle upon Tyne 025E,Investigation complete; no suspect identified
cde0874e51f42e38a78a0c969405dbe03200f5f7e42e291c5213a7782488320a,2021-05,Northumbria Police,Northumbria Police,-1.527762,55.072164,On or near STARLIGHT CRESCENT,E01027432,Northumberland 032A,Investigation complete; no suspect identified
958ecb1ee1a504bdd8696739bd7c5e8de7afef1c05cd290b0e07e0eed7538c48,2021-05,Northumbria Police,Northumbria Police,-1.602185,54.959455,On or near HIGH WEST STREET,E01008168,Gateshead 027D,Investigation complete; no suspect identified
660634dbe3258b97e25d110e098a7b8106b2d6055b733835865ffefacf3266d9,2021-05,Northumbria Police,Northumbria Police,-1.602185,54.959455,On or near HIGH WEST STREET,E01008168,Gateshead 027D,Investigation complete; no suspect identified
3bfaa774159fc36f0168361dbbb09add09189c12ba5d5a1a4c3ab54d6cb930ce,2021-05,Northumbria Police,Northumbria Police,-1.439067,54.961841,On or near DEFOE AVENUE,E01008609,South Tyneside 016E,Investigation complete; no suspect identified
c5fff8a6037ff1e2fd9b94bcd6e393155631266e01cbf87f225356cdd05e8f58,2021-05,Northumbria Police,Northumbria Police,-1.393560,54.919153,On or near PEMBERTON CLOSE,E01008709,Sunderland 005B,Investigation complete; no suspect identified
9b89e9af36e67cf39b542bea304dc689fc3b435a94bc6d3eb1703c3d1a52792e,2021-05,Northumbria Police,Northumbria Police,-1.573368,54.968713,On or near TILL STREET,E01008301,Newcastle upon Tyne 026A,Investigation complete; no suspect identified
13dc6a7b85de08b0662050a49dfdf10990b324b0976bc7e4ea0e6471791a9463,2021-05,Northumbria Police,Northumbria Police,-1.432302,54.986423,On or near BEAUFRONT TERRACE,E01008664,South Tyneside 002A,Suspect charged
13dc6a7b85de08b0662050a49dfdf10990b324b0976bc7e4ea0e6471791a9463,2021-05,Northumbria Police,Northumbria Police,-1.432302,54.986423,On or near BEAUFRONT TERRACE,E01008664,South Tyneside 002A,Suspect charged
13dc6a7b85de08b0662050a49dfdf10990b324b0976bc7e4ea0e6471791a9463,2021-05,Northumbria Police,Northumbria Police,-1.432302,54.986423,On or near BEAUFRONT TERRACE,E01008664,South Tyneside 002A,Suspect charged
13dc6a7b85de08b0662050a49dfdf10990b324b0976bc7e4ea0e6471791a9463,2021-05,Northumbria Police,Northumbria Police,-1.432302,54.986423,On or near BEAUFRONT TERRACE,E01008664,South Tyneside 002A,Suspect charged
1fa8cb3895b35853a8b07e2f71c6adbbeb67a32bbbcf78bc28777c3e95a3734e,2021-05,Northumbria Police,Northumbria Police,-1.568956,55.011732,On or near CARLTON ROAD,E01008469,North Tyneside 018A,Investigation complete; no suspect identified
0aa1761173c8c8b1a66f31adb2cb84756ab9f4896878bc4f7256a7973962ab27,2021-05,Northumbria Police,Northumbria Police,-1.398248,54.922816,On or near COLDSTREAM AVENUE,E01033075,Sunderland 005G,Suspect charged
b64da4d0b25cb603c6b8b1504be5adf471285b93cc61160e3a624b3c7e3f2951,2021-05,Northumbria Police,Northumbria Police,-1.398248,54.922816,On or near COLDSTREAM AVENUE,E01033075,Sunderland 005G,Suspect charged
f1295df3b3950b5babc2531d528a4bc0f7e31a30d1d50e57fbab5e79e6bfa4a9,2021-05,Northumbria Police,Northumbria Police,-1.656873,54.976148,On or near WEST ROAD,E01008334,Newcastle upon Tyne 029D,Investigation complete; no suspect identified
5ab8e3a51a831e29ef68dba3bc31f09e9b06d6a53ab46bd92043db012132bccc,2021-05,Northumbria Police,Northumbria Police,-1.398248,54.922816,On or near COLDSTREAM AVENUE,E01033075,Sunderland 005G,Investigation complete; no suspect identified
5ab8e3a51a831e29ef68dba3bc31f09e9b06d6a53ab46bd92043db012132bccc,2021-05,Northumbria Police,Northumbria Police,-1.398248,54.922816,On or near COLDSTREAM AVENUE,E01033075,Sunderland 005G,Suspect charged
5bed2b39a4d4d41f74c1dccd33fa568f16d89a8702e0c34149191d23f8a047cd,2021-05,Northumbria Police,Northumbria Police,-1.680835,54.953001,On or near RICHMOND AVENUE,E01008262,Gateshead 009A,Investigation complete; no suspect identified
b54e9d2ba42683930f6655ee40e395c15f4230e2820f79606e24af83a4a6f2dc,2021-05,Northumbria Police,Northumbria Police,-1.405548,54.918709,On or near Police Station,E01033075,Sunderland 005G,Suspect charged
91d09762195c5089ee3e1fff00ded6d0dd56400cdf744e7f1e47d0cde6d7dabd,2021-05,Northumbria Police,Northumbria Police,-1.603163,54.971213,On or near CAUSEY BANK,E01033553,Newcastle upon Tyne 023H,Investigation complete; no suspect identified
358929180e455ee3fff1c995c648c2cef535c817208e0954cead9b4022e8ead7,2021-05,Northumbria Police,Northumbria Police,-1.635775,54.978701,On or near WALTER TERRACE,E01008396,Newcastle upon Tyne 022B,Investigation complete; no suspect identified
be0ab3e492c02470483155f8260c5eed6c5c837ea046982cd75038f32e1c0141,2021-05,Northumbria Police,Northumbria Police,-1.442873,54.971249,On or near SCHOOL LOANING,E01008593,South Tyneside 016A,Investigation complete; no suspect identified
b6145f034b45753442bda08d33790c224d3a26c8a304e280a85e222007b14018,2021-05,Northumbria Police,Northumbria Police,-1.681398,54.950909,On or near EAST VIEW TERRACE,E01008265,Gateshead 009D,Investigation complete; no suspect identified
3ddbb90639baa6fb41867c333b60491375d142f98b382f8b88af157778885329,2021-05,Northumbria Police,Northumbria Police,-1.543356,54.937538,On or near HOPEDENE,E01008282,Gateshead 015F,Investigation complete; no suspect identified
9a6787b84660c2c2be3ce6f0d2ce747db063ad13888418199e74cd93b27eb609,2021-05,Northumbria Police,Northumbria Police,-1.536850,55.212669,On or near Supermarket,E01027451,Northumberland 008E,Investigation complete; no suspect identified
9a6787b84660c2c2be3ce6f0d2ce747db063ad13888418199e74cd93b27eb609,2021-05,Northumbria Police,Northumbria Police,-1.536850,55.212669,On or near Supermarket,E01027451,Northumberland 008E,Investigation complete; no suspect identified
0e66778164adbdd9f85f837fa6ce9f86f7268780b575de1613884f7644db9a42,2021-05,Northumbria Police,Northumbria Police,-1.430990,54.989661,On or near Supermarket,E01008668,South Tyneside 002E,Suspect charged
d2f7511c2587611c6d2bcb19949ce85e5b1a7e75a40780b9ad3daaa3f63c3955,2021-05,Northumbria Police,Northumbria Police,-1.613245,54.955861,On or near THE MILL,E01008170,Gateshead 008C,Investigation complete; no suspect identified
501d70d1733f98993b1f538c58acf99a44b04e353045fdab0555ddb2f175dc59,2021-05,Northumbria Police,Northumbria Police,-1.429462,54.990508,On or near JOHN CLAY STREET,E01008668,South Tyneside 002E,Suspect charged
043fab828394c86d68177de0d968085e1bc2bb29241d005af1e24636e6d38d2a,2021-05,Northumbria Police,Northumbria Police,-1.484586,55.008717,On or near BARMOUTH ROAD,E01008481,North Tyneside 023A,Suspect charged
466cd140221285f13d8bc0e89b69874f3bbc34f270fbc2eeafc08eca86ca803e,2021-05,Northumbria Police,Northumbria Police,-1.756549,54.991503,On or near MARIA CLOSE,E01008400,Newcastle upon Tyne 014A,Investigation complete; no suspect identified
4ec03842cf21320cb857a5a960fe4457ea1e754061aa05cacee446e7a46e0bd1,2021-05,Northumbria Police,Northumbria Police,-1.579553,54.953889,On or near ASHER STREET,E01008164,Gateshead 027B,Offender given a drugs possession warning
c8dffb569ef32baf5e0025773e8a40f143b0a6f7621f147008cf99e6cb149fe4,2021-05,Northumbria Police,Northumbria Police,-1.429462,54.990508,On or near JOHN CLAY STREET,E01008668,South Tyneside 002E,Suspect charged
2ce4f76a4194132e3416b34d76a0c1b5e016ee6a569de17ba6fa5aded743abe7,2021-05,Northumbria Police,Northumbria Police,-1.608320,54.954892,On or near SEDGEWICK PLACE,E01008169,Gateshead 008B,Investigation complete; no suspect identified
b6f90a64e36483517e1a9b138b6f3084d5e9202931b5538e84ea83c89637c9f2,2021-05,Northumbria Police,Northumbria Police,-1.609441,54.956891,On or near HILLFIELD STREET,E01008167,Gateshead 008A,Investigation complete; no suspect identified
35b151f95252aeec7d15e04de3d77cbf5a5f3140cc2ddacf9cb636a8e884f928,2021-05,Northumbria Police,Northumbria Police,-1.430604,54.960625,On or near RUBENS AVENUE,E01008688,South Tyneside 019A,Offender given a caution
3c14cbb6c4e9993eaa950a2ba37967c550edcf5ca92075e453bc77c6e788a81a,2021-05,Northumbria Police,Northumbria Police,-1.562788,55.174718,On or near SIXTH AVENUE,E01027537,Northumberland 014B,Investigation complete; no suspect identified
e66d4e46259cffc050934b7f3dfe98dd3f1f9e69309262fe523fa29200858ba9,2021-05,Northumbria Police,Northumbria Police,-1.564952,55.125914,On or near HORTON MANOR,E01027425,Northumberland 025A,Investigation complete; no suspect identified
a9dc7cacd006950ddf768b24ef2fefb8f5d7c1c32f7fa3d4515d8f3a4d9fe7d9,2021-05,Northumbria Police,Northumbria Police,-1.778321,54.931669,On or near SPEN LANE,E01008196,Gateshead 024D,Investigation complete; no suspect identified
14570c915a8cfea92d85dca4939f1d71d3e079f5ae67c24519734a20192f3c66,2021-05,Northumbria Police,Northumbria Police,-1.426190,54.992020,On or near ROSA STREET,E01008595,South Tyneside 001A,Investigation complete; no suspect identified
14570c915a8cfea92d85dca4939f1d71d3e079f5ae67c24519734a20192f3c66,2021-05,Northumbria Police,Northumbria Police,-1.426190,54.992020,On or near ROSA STREET,E01008595,South Tyneside 001A,Investigation complete; no suspect identified
14570c915a8cfea92d85dca4939f1d71d3e079f5ae67c24519734a20192f3c66,2021-05,Northumbria Police,Northumbria Police,-1.426190,54.992020,On or near ROSA STREET,E01008595,South Tyneside 001A,Investigation complete; no suspect identified
14570c915a8cfea92d85dca4939f1d71d3e079f5ae67c24519734a20192f3c66,2021-05,Northumbria Police,Northumbria Police,-1.426190,54.992020,On or near ROSA STREET,E01008595,South Tyneside 001A,Investigation complete; no suspect identified
14570c915a8cfea92d85dca4939f1d71d3e079f5ae67c24519734a20192f3c66,2021-05,Northumbria Police,Northumbria Police,-1.426190,54.992020,On or near ROSA STREET,E01008595,South Tyneside 001A,Investigation complete; no suspect identified
95c4b57bf188de15bcc7ac99ae7d0cdebe3fde266daeb9e9af9482ef4e45c460,2021-05,Northumbria Police,Northumbria Police,-1.780788,54.968894,On or near MEADOWFIELD CRESCENT,E01008245,Gateshead 002F,Investigation complete; no suspect identified
0302e682a541784646df5ce656f1bdfb4e12369391cf30711f2757dcb90506e0,2021-05,Northumbria Police,Northumbria Police,-1.576639,54.971123,On or near Parking Area,E01008305,Newcastle upon Tyne 026D,Investigation complete; no suspect identified
3600d09577a3c9611189326edda2413e9aff96909fcadce8be555d1b6d427d45,2021-05,Northumbria Police,Northumbria Police,-1.413876,54.906025,On or near PALLION ROAD,E01008701,Sunderland 011A,Suspect charged
b4ccb383319a869af27ef241d8c03fdbc2dc4db2257c674ca49a4e3a7ca7ec67,2021-05,Northumbria Police,Northumbria Police,-1.399684,54.921736,On or near RIDLEY STREET,E01033075,Sunderland 005G,Suspect charged
79bf737dce803434e7e915b93cfd0c9f746a338d32539aaf60be5411bc0b4550,2021-05,Northumbria Police,Northumbria Police,-1.662794,54.974268,On or near OAKFIELD GARDENS,E01008334,Newcastle upon Tyne 029D,Investigation complete; no suspect identified
79bf737dce803434e7e915b93cfd0c9f746a338d32539aaf60be5411bc0b4550,2021-05,Northumbria Police,Northumbria Police,-1.662794,54.974268,On or near OAKFIELD GARDENS,E01008334,Newcastle upon Tyne 029D,Investigation complete; no suspect identified
9b506ef36e6e0889e3058ed99279a0cf680f1cac2ac75b2bbd8242db14f59d3b,2021-05,Northumbria Police,Northumbria Police,-1.533856,55.107063,On or near ETAL ROAD,E01027426,Northumberland 025B,Investigation complete; no suspect identified
019ee3d7511b571eab68c9218ee381b82689cb7359f92731c4ea8f82fb69d90a,2021-05,Northumbria Police,Northumbria Police,-1.555333,55.180101,On or near ARIEL STREET,E01027545,Northumberland 010D,Investigation complete; no suspect identified
16e944ec994193c329a01aece4d2caf73deb7ab262bf297688449eda2e5a959c,2021-05,Northumbria Police,Northumbria Police,-1.444954,55.006135,On or near LOWER RUDYERD STREET,E01008524,North Tyneside 022B,Investigation complete; no suspect identified
16e944ec994193c329a01aece4d2caf73deb7ab262bf297688449eda2e5a959c,2021-05,Northumbria Police,Northumbria Police,-1.444954,55.006135,On or near LOWER RUDYERD STREET,E01008524,North Tyneside 022B,Investigation complete; no suspect identified
d055cb1ce78d702124462fcf218b49afb1e534848ed20171f57c22e5096a4302,2021-05,Northumbria Police,Northumbria Police,-1.517078,54.963101,On or near BERESFORD AVENUE,E01008643,South Tyneside 015A,Investigation complete; no suspect identified
d055cb1ce78d702124462fcf218b49afb1e534848ed20171f57c22e5096a4302,2021-05,Northumbria Police,Northumbria Police,-1.517078,54.963101,On or near BERESFORD AVENUE,E01008643,South Tyneside 015A,Investigation complete; no suspect identified
4da5205a26d3e62f78ac35129914a14666b8093e0c58b248803631b9eb82422e,2021-05,Northumbria Police,Northumbria Police,-1.643852,54.968103,On or near MARIE CURIE DRIVE,E01008437,Newcastle upon Tyne 029F,Suspect charged
b83d3e8d3dc2fbf7addbb22f7d669e320a8f195385990d922b028bd5c6d58b62,2021-05,Northumbria Police,Northumbria Police,-1.634255,55.296721,On or near WANSBECK ROAD,E01027444,Northumberland 008B,Investigation complete; no suspect identified
33362713466f9a75ee5539e9ac35a7f502a033735ccf2fd91fb1640d9a559fe4,2021-05,Northumbria Police,Northumbria Police,-1.791782,54.951094,On or near ROCKWOOD HILL ESTATE,E01008195,Gateshead 002A,Suspect charged
8d79a954d3840e4c295fb5ead33f0aa066c8d5673312cc80ef14cb871e809c54,2021-05,Northumbria Police,Northumbria Police,-1.507215,55.124427,On or near OXFORD STREET,E01027414,Northumberland 023A,Investigation complete; no suspect identified
5b05fac34c08e946289e089bc623b71fa2ce4019fe93a66c8a45aef326013846,2021-05,Northumbria Police,Northumbria Police,-1.548148,55.002994,On or near BIGGES GARDENS,E01008532,North Tyneside 025B,Investigation complete; no suspect identified
b8cae22b5a0ef8b15a4c9f8eeb3bb1333a9414fc9d151999874af0b666bd1cae,2021-05,Northumbria Police,Northumbria Police,-1.593459,54.920444,On or near TRAFFORD,E01008189,Gateshead 023A,Investigation complete; no suspect identified
8eec46bd75ebad90a05dbeda4cbbfb0c66fc895a82dd1b0a1635231c5b8f5285,2021-05,Northumbria Police,Northumbria Police,-1.447526,54.896243,On or near WATERFORD GREEN,E01008731,Sunderland 021C,Investigation complete; no suspect identified
8eec46bd75ebad90a05dbeda4cbbfb0c66fc895a82dd1b0a1635231c5b8f5285,2021-05,Northumbria Police,Northumbria Police,-1.447526,54.896243,On or near WATERFORD GREEN,E01008731,Sunderland 021C,Investigation complete; no suspect identified
4c1370e9230cb5b6cb635dc18e8761bbf724558ffbd2eee9e4c486366dc7bdfc,2021-05,Northumbria Police,Northumbria Police,-1.564085,55.023999,On or near DELAVAL ROAD,E01008500,North Tyneside 012A,Investigation complete; no suspect identified
b39c86cd328a4eddbead405f03b80b46e2dd9ce49b7455b172ce17a5f02a09f0,2021-05,Northumbria Police,Northumbria Police,-1.390314,54.889239,On or near LARKFIELD ROAD,E01008784,Sunderland 022E,Investigation complete; no suspect identified
0253992c78711b4990ee134d857f5adc7b446d3879e1c3cabf19e2cae15e5624,2021-05,Northumbria Police,Northumbria Police,-1.518031,55.126061,On or near MARLOW STREET,E01027431,Northumberland 023C,Investigation complete; no suspect identified
29717801247a6d467f5187cc34dbcf554ed5b233ae1f5001cb7005fc1e22206e,2021-05,Northumbria Police,Northumbria Police,-1.481217,54.978967,On or near A185,E01008600,South Tyneside 007A,Suspect charged
e9bcec8da16265d69db07b2706e578e553b24c5da2e0c1e5b9235d66726a347f,2021-05,Northumbria Police,Northumbria Police,-1.592391,55.127851,On or near MILLFIELD NORTH,E01027514,Northumberland 021A,Suspect charged
bfae05a9a8274c43dd52c3646543d52129ef260fd9ce18d13f68e397fd0c20e3,2021-05,Northumbria Police,Northumbria Police,-1.399875,54.904680,On or near CHESTER STREET EAST,E01008706,Sunderland 011C,Investigation complete; no suspect identified
67361e0ca6c8f46daa1dea4c85a20e4911134d252ca0e3fa4efd8588a294dfe5,2021-05,Northumbria Police,Northumbria Police,-1.587341,54.922176,On or near IVANHOE VIEW,E01008190,Gateshead 023B,Suspect charged
7f0993cb4f6e769aa8cac26a25b6081f5718225d309457d1ccb596b0c2def438,2021-05,Northumbria Police,Northumbria Police,-1.655693,54.969800,On or near ADELAIDE TERRACE,E01008291,Newcastle upon Tyne 027D,Suspect charged
9040fa3b4e05d01b3f4d24c2fa00542abf40b3f2401abeb4514690b414730b38,2021-05,Northumbria Police,Northumbria Police,-1.738794,54.984394,On or near MILLFIELD LANE,E01008404,Newcastle upon Tyne 014E,Investigation complete; no suspect identified
cce0105ef04d6aae07048cbaee6fce56dc06cdf1d96237adc2f1ea13c584b182,2021-05,Northumbria Police,Northumbria Police,-1.646486,54.977708,On or near WINGROVE AVENUE,E01008449,Newcastle upon Tyne 022D,Investigation complete; no suspect identified
6e0e427b4e64cd1dc6ca988dff7d22fb1b4d223de84f96815335433fd3bf02c3,2021-05,Northumbria Police,Northumbria Police,-1.718579,54.956815,On or near SPRINGFIELD ROAD,E01008178,Gateshead 004A,Investigation complete; no suspect identified
c84ecfe26d08303282a4fa1577e256a09c0d5150d4e5b019d43547db07a4c52d,2021-05,Northumbria Police,Northumbria Police,-1.718579,54.956815,On or near SPRINGFIELD ROAD,E01008178,Gateshead 004A,Investigation complete; no suspect identified
25d4a68bb4086946c6b4f78687a6e47061688e493da308441da4d46b500537f7,2021-05,Northumbria Police,Northumbria Police,-1.718579,54.956815,On or near SPRINGFIELD ROAD,E01008178,Gateshead 004A,Investigation complete; no suspect identified
9180d80479a8b056268cc5699b39c507bded14da02264857b4776ec7e0bccbbb,2021-05,Northumbria Police,Northumbria Police,-1.460268,54.814308,On or near GREENDALE GARDENS,E01008743,Sunderland 036A,Investigation complete; no suspect identified
9180d80479a8b056268cc5699b39c507bded14da02264857b4776ec7e0bccbbb,2021-05,Northumbria Police,Northumbria Police,-1.460268,54.814308,On or near GREENDALE GARDENS,E01008743,Sunderland 036A,Investigation complete; no suspect identified
9180d80479a8b056268cc5699b39c507bded14da02264857b4776ec7e0bccbbb,2021-05,Northumbria Police,Northumbria Police,-1.460268,54.814308,On or near GREENDALE GARDENS,E01008743,Sunderland 036A,Investigation complete; no suspect identified
9180d80479a8b056268cc5699b39c507bded14da02264857b4776ec7e0bccbbb,2021-05,Northumbria Police,Northumbria Police,-1.460268,54.814308,On or near GREENDALE GARDENS,E01008743,Sunderland 036A,Investigation complete; no suspect identified
9180d80479a8b056268cc5699b39c507bded14da02264857b4776ec7e0bccbbb,2021-05,Northumbria Police,Northumbria Police,-1.460268,54.814308,On or near GREENDALE GARDENS,E01008743,Sunderland 036A,Investigation complete; no suspect identified
9180d80479a8b056268cc5699b39c507bded14da02264857b4776ec7e0bccbbb,2021-05,Northumbria Police,Northumbria Police,-1.460268,54.814308,On or near GREENDALE GARDENS,E01008743,Sunderland 036A,Investigation complete; no suspect identified
9180d80479a8b056268cc5699b39c507bded14da02264857b4776ec7e0bccbbb,2021-05,Northumbria Police,Northumbria Police,-1.460268,54.814308,On or near GREENDALE GARDENS,E01008743,Sunderland 036A,Investigation complete; no suspect identified
9180d80479a8b056268cc5699b39c507bded14da02264857b4776ec7e0bccbbb,2021-05,Northumbria Police,Northumbria Police,-1.460268,54.814308,On or near GREENDALE GARDENS,E01008743,Sunderland 036A,Investigation complete; no suspect identified
9180d80479a8b056268cc5699b39c507bded14da02264857b4776ec7e0bccbbb,2021-05,Northumbria Police,Northumbria Police,-1.460268,54.814308,On or near GREENDALE GARDENS,E01008743,Sunderland 036A,Investigation complete; no suspect identified
648b0f5b1c2701b177220b426e98965e090dc5257608f49ba0db7c3ef7c4429a,2021-05,Northumbria Police,Northumbria Police,-1.468302,55.010463,On or near BALKWELL GREEN,E01008486,North Tyneside 020A,Investigation complete; no suspect identified
648b0f5b1c2701b177220b426e98965e090dc5257608f49ba0db7c3ef7c4429a,2021-05,Northumbria Police,Northumbria Police,-1.468302,55.010463,On or near BALKWELL GREEN,E01008486,North Tyneside 020A,Investigation complete; no suspect identified
648b0f5b1c2701b177220b426e98965e090dc5257608f49ba0db7c3ef7c4429a,2021-05,Northumbria Police,Northumbria Police,-1.468302,55.010463,On or near BALKWELL GREEN,E01008486,North Tyneside 020A,Investigation complete; no suspect identified
53c8c2f5a1126e0cc9afdafc9f772250a4b193e48c9d5d7e4812b2c5e216153f,2021-05,Northumbria Police,Northumbria Police,-1.622699,54.951802,On or near HAZEL ROAD,E01008259,Gateshead 007D,Investigation complete; no suspect identified
2fd23d47fdfa5c39625f39dd182dae4f0048902737c3b65766e168694c7746b2,2021-05,Northumbria Police,Northumbria Police,-1.396966,54.906301,On or near WENTWORTH TERRACE,E01008706,Sunderland 011C,Suspect charged
2fd23d47fdfa5c39625f39dd182dae4f0048902737c3b65766e168694c7746b2,2021-05,Northumbria Police,Northumbria Police,-1.396966,54.906301,On or near WENTWORTH TERRACE,E01008706,Sunderland 011C,Suspect charged
2fd23d47fdfa5c39625f39dd182dae4f0048902737c3b65766e168694c7746b2,2021-05,Northumbria Police,Northumbria Police,-1.396966,54.906301,On or near WENTWORTH TERRACE,E01008706,Sunderland 011C,Suspect charged
c1c6bcfe82f33e9e5ac97ab61bd6ea4ce7ebd4b783d972533a274f034b66dbb2,2021-05,Northumbria Police,Northumbria Police,-1.564085,55.023999,On or near DELAVAL ROAD,E01008500,North Tyneside 012A,Suspect charged
aaff1a690d6f019717299197b388f8a42cd6f2051276704582827ba0bb49cde7,2021-05,Northumbria Police,Northumbria Police,-1.638311,54.967710,On or near KENILWORTH ROAD,E01008438,Newcastle upon Tyne 029G,Investigation complete; no suspect identified
d21c288833a2d7871c0d17097b7f7ccc7b94aa63561533926f8cf7e881a7f627,2021-05,Northumbria Police,Northumbria Police,-1.560837,55.185117,On or near WOODHORN COURT,E01027539,Northumberland 010C,Investigation complete; no suspect identified
5f63fa0cfe6113e84578aca78c2fb724206af950514c7010dc1841c2926dbb58,2021-05,Northumbria Police,Northumbria Police,-1.535168,55.126316,On or near CRAGTON GARDENS,E01027392,Northumberland 022A,Investigation complete; no suspect identified
9bd5a27009c254a32279949ff02b23b1ea2fb2008a1cb1cb3bbf60e89a249345,2021-05,Northumbria Police,Northumbria Police,-1.545578,54.941168,On or near Supermarket,E01008281,Gateshead 015E,Investigation complete; no suspect identified
53cde7c396a5a824d245b242f3ca240184db3c6ea6a148c3dedefcdc96413fa8,2021-05,Northumbria Police,Northumbria Police,-1.429395,54.978762,On or near ASCOT GARDENS,E01008679,South Tyneside 005A,Investigation complete; no suspect identified
78985f1d02b45542097bac33d16e5dfbd7576982482b3c627865365b068af868,2021-05,Northumbria Police,Northumbria Police,-1.621803,54.949175,On or near VICTORIA ROAD,E01008257,Gateshead 008E,Investigation complete; no suspect identified
8673c56117caf91f622d6d647c72b038fa761e5110ea6328fde637ebe8362ff1,2021-05,Northumbria Police,Northumbria Police,-1.401365,54.874664,On or near BLIND LANE,E01008805,Sunderland 027C,Investigation complete; no suspect identified
113b8fd77f9df5f404d9b305f9cb41fd272300eda9a8b4857ae2f0d01a01b5ed,2021-05,Northumbria Police,Northumbria Police,-1.725329,55.365340,On or near A1,E01027371,Northumberland 006F,Investigation complete; no suspect identified
8caa610f3e4364ebac7318218cc1585143c53b0656c7ec5fc79bfc8ea299b6a9,2021-05,Northumbria Police,Northumbria Police,-1.556955,54.979761,On or near BARET ROAD,E01008391,Newcastle upon Tyne 026E,Investigation complete; no suspect identified
be33da1d1d8326dbac7373ec6f1d661ccb00c8dfa95c3b74eb7884317ee3bc56,2021-05,Northumbria Police,Northumbria Police,-1.572486,55.332167,On or near LINKS AVENUE,E01027363,Northumberland 006C,Suspect charged
be33da1d1d8326dbac7373ec6f1d661ccb00c8dfa95c3b74eb7884317ee3bc56,2021-05,Northumbria Police,Northumbria Police,-1.572486,55.332167,On or near LINKS AVENUE,E01027363,Northumberland 006C,Suspect charged
be33da1d1d8326dbac7373ec6f1d661ccb00c8dfa95c3b74eb7884317ee3bc56,2021-05,Northumbria Police,Northumbria Police,-1.572486,55.332167,On or near LINKS AVENUE,E01027363,Northumberland 006C,Investigation complete; no suspect identified
be33da1d1d8326dbac7373ec6f1d661ccb00c8dfa95c3b74eb7884317ee3bc56,2021-05,Northumbria Police,Northumbria Police,-1.572486,55.332167,On or near LINKS AVENUE,E01027363,Northumberland 006C,Investigation complete; no suspect identified
dafd3ee7b6e4ea3f6a278b9576db609b15ed47f4c7effbc5541de7d656ee53e0,2021-05,Northumbria Police,Northumbria Police,-1.614126,54.977988,On or near BARRAS BRIDGE,E01008397,Newcastle upon Tyne 024C,Suspect charged
dafd3ee7b6e4ea3f6a278b9576db609b15ed47f4c7effbc5541de7d656ee53e0,2021-05,Northumbria Police,Northumbria Police,-1.614126,54.977988,On or near BARRAS BRIDGE,E01008397,Newcastle upon Tyne 024C,Investigation complete; no suspect identified
fd72836d38c0ccd3c81a93d345099218d0353d43ecf509128d4b8b6a695e951c,2021-05,Northumbria Police,Northumbria Police,-1.592529,54.950725,On or near DECKHAM STREET,E01008203,Gateshead 028B,Suspect charged
6e2d0fee8982b60453e38aa0404408c1313bedda931419cd7f050291a20bfaa6,2021-05,Northumbria Police,Northumbria Police,-1.517105,54.976437,On or near TROILUS GARDENS,E01008639,South Tyneside 009A,Investigation complete; no suspect identified
